1.0 -6.776263578034403e-21 8.673617379884035e-19 -8.673617379884035e-19 0.0 1.0 -1.828002979293187e-19 0.0 0.0 1.0683203047244863e-19 1.0000000000000002 5.551115123125783e-17
0.9999980930922696 -0.0017277790705512882 0.0009102699044260176 0.015059860687330789 0.0017269959152137334 0.9999981384024106 0.0008606263655112643 -0.024644329564202573 -0.000911755259067535 -0.0008590526791919555 0.9999992153646584 0.48039968961466595
0.9999976937906886 -0.0017741215468450042 0.001210333044640616 0.046605280470026086 0.0017726641044901906 0.9999977036326473 0.0012043224631710404 -0.030072968715480375 -0.0012124669818790214 -0.001202174154052699 0.9999985423488841 1.7203508514395747
0.9999973384069266 -0.0022081737828012022 0.0006686907743297353 0.036004203244301494 0.0022074937977107443 0.9999970470993073 0.001016250470585495 -0.06559085306515665 -0.0006709329143771208 -0.0010147716198770375 0.9999992600430363 3.05748912861615
0.9999948926230976 -0.0029368067492080503 0.0012609097295333323 0.043704333262986984 0.0029355201846420816 0.9999951699085595 0.0010212161316915619 -0.07541371985519063 -0.001263902860551675 -0.0010175094746857289 0.9999986836105977 4.380625969003011
0.9999947671169785 -0.0030929408660421895 0.0009483959155606406 0.04875536820443693 0.003091629693499624 0.9999942670424004 0.001381198799914895 -0.08228866387355076 -0.0009526625255487546 -0.0013782594627261846 0.9999985964158442 5.701933680651655
0.9999900905143476 -0.004355692839288595 0.0009202235707916435 0.06478349340251709 0.004353310755535021 0.9999872079502099 0.002575388361125324 -0.11724376298928954 -0.0009314294794503207 -0.002571356783093751 0.9999962602736044 7.040669694241806
0.9999886606989782 -0.004605454652868457 0.0012117174455505177 0.0580787569800769 0.004601777538137057 0.9999848500394879 0.0030204866110200884 -0.1095569897841745 -0.0012256099064832304 -0.0030148762621280507 0.9999947041853984 8.368450158123359
0.9999924387324819 -0.0038380583219584942 0.0006259272681407657 0.07188474081667608 0.0038365181598141525 0.9999896536609532 0.00244411594201827 -0.13743762223749867 -0.0006353015061926811 -0.0024416960439626115 0.9999968172501247 9.698301042101175
0.9999993605269522 -0.0005840484391922348 0.0009684179734971493 0.0681032840834726 0.0005840241739644716 0.9999998291353445 2.5398768400824306e-05 -0.15665693252034651 -0.0009684327234539781 -2.4833172178668635e-05 0.9999995307604193 11.027968835038337
0.9999963604209611 0.002604572759093561 0.0007038076003756432 0.0718803111492915 -0.002603950182817387 0.9999962186166457 -0.0008844183980263139 -0.18957553372690938 -0.0007061085292805209 0.0008825824858997161 0.9999993612294403 12.363258867387175
0.9999873439853069 0.004949616377616219 0.0009017565083907714 0.07099241767939363 -0.004948560478994147 0.9999870713847635 -0.001169963291886191 -0.1979970861614404 -0.0009075357936316171 0.0011654860703591051 0.9999989090101721 13.699228310598714
0.9999860901301311 0.005135266326544467 0.0012035712542543117 0.06706242155409782 -0.0051347613636309325 0.9999867276937632 -0.0004226870635923859 -0.2028588166467073 -0.0012057259898713285 0.00041650112587196465 0.9999991863754686 15.050836882171076
0.9999935967604526 0.003248943356778684 0.001500268147821603 0.07931255021345113 -0.0032531465472001478 0.9999907673845797 0.002807523161727369 -0.22749902156063415 -0.0014911329364130426 -0.0028123857365261063 0.999994933490423 16.396513920672067
0.9999984631406253 -0.0009758458657706462 0.0014565169162976009 0.09379724285605379 0.0009687973752704376 0.9999878554201214 0.004832230106379128 -0.25077655293904255 -0.001461214862005328 -0.004830811540001974 0.9999872639723014 17.765569845358335
0.9999959440804805 -0.002554658911612713 0.0012591823331876114 0.09913569225055907 0.002550403682788792 0.9999910703879226 0.0033696570578065866 -0.2794714834320019 -0.001267779520696401 -0.003366431918236353 0.9999935299132174 19.105625032732767
0.9999909729717419 -0.003869823701778637 0.0017545479465411375 0.11570151440344457 0.0038688177377123245 0.9999923498652621 0.0005765953076258105 -0.279424996952616 -0.0017567659947106233 -0.0005698020674602559 0.99999829454755 20.454517195400918
0.9999973440767157 -0.001707541975516038 0.0015479470371807498 0.11270075718750405 0.0017078498743474 0.9999985221204323 -0.0001974991202732263 -0.31468182203296235 -0.0015476076416848991 0.00020014225431715804 0.9999987824259631 21.83250369141168
0.9999963486702927 0.000727781422923746 0.0026024950862539456 0.12167918102799374 -0.0007308542791136033 0.999999036783216 0.0011799515161487533 -0.31081919744613423 -0.0026016340503159825 -0.0011818492354516252 0.9999959173573383 23.18738770159907
0.9999927434865125 0.0009722685941979078 0.0036834315930492105 0.13525393895415383 -0.0009915809073993162 0.9999857543042441 0.005244803153836641 -0.3250191713522397 -0.0036782800703120655 -0.005248417439470746 0.999979461971923 24.56263543955424
0.9999939298766215 -0.0008293521466162695 0.0033841372922486673 0.16114006297712943 0.0008062735877710692 0.9999764503421332 0.006815327553618731 -0.3309196487404728 -0.0033897101876845977 -0.006812557544398099 0.9999710490402451 25.952391805055715
0.9999830290569881 -0.004653597711685858 0.00350508552607237 0.1429088901237704 0.004631991995223932 0.9999703770344828 0.006147333627790329 -0.381070195670052 -0.003533589210338668 -0.006130993683942129 0.9999749620157914 27.313657775072286
0.9999798615885725 -0.005360918397534126 0.0033966113635078552 0.1699451839995469 0.005350319654287377 0.9999808134718208 0.0031219822262927876 -0.35743077817468694 -0.0034132831740520233 -0.0031037463519983065 0.9999893580702981 28.69781900101688
0.9999806948207949 -0.004710585557953917 0.00405220525511773 0.16554245859557887 0.00470230972061814 0.9999868437752053 0.0020495276269898496 -0.3997647082390224 -0.00406180676048684 -0.0020304333060073994 0.9999896894792083 30.079920469719152
0.9999868985902426 -0.003093531705063738 0.0040783217995996775 0.18717920222997503 0.0030904771622449934 0.9999949393491726 0.0007551347159428125 -0.38932288448620167 -0.004080637536676313 -0.0007425208508769354 0.999991398492683 31.44588034585697
0.9999868790756808 -0.001295436605217252 0.004956159821833069 0.19463156376060564 0.0012995132021597403 0.9999988199454187 -0.000819373416345485 -0.43216585359433807 -0.0049550929424264315 0.0008258032488188752 0.9999873824722193 32.83056510684568
0.9999871289966039 -0.0009737445144220043 0.004979323499266058 0.19565416520651424 0.0009780275006688877 0.9999991538440736 -0.0008577720176966148 -0.4326003808853735 -0.004978484452478547 0.0008626308803206052 0.9999872351991657 34.23747827833852
0.9999876704009784 -0.0010048457107896898 0.004863057775365366 0.20934835390210008 0.0009999740619710752 0.9999989959023595 0.0010041150227380082 -0.4747765866784889 -0.004864062280772026 -0.0009992396961003406 0.999987671132761 35.62433566695883
0.9999887934137706 -7.725621137547999e-05 0.004733611550253908 0.19025619533769386 6.697685138032761e-05 0.9999976396362567 0.00217169004218972 -0.47737382539924245 -0.004733768550225712 -0.002171348631100468 0.999986438247466 37.00705212085002
0.999986442679138 0.002763128507890491 0.004413567503697467 0.21241160166450268 -0.0027745592219655664 0.9999928076473853 0.0025858223694170007 -0.4924398281545019 -0.004406391168295479 -0.0025980329799222073 0.9999869168841494 38.4091378349123
0.9999774505767779 0.004908023428372788 0.00458362756548764 0.2223006210084475 -0.004919654839743297 0.9999846987521701 0.0025296762774935553 -0.5141262436114274 -0.0045711421008959065 -0.002552169064276016 0.9999862954516008 39.83750393598236
0.9999625358141729 0.0072423405496807956 0.00474082970318391 0.23093115998637312 -0.007256862638136322 0.9999690079576794 0.0030530437723900222 -0.5275968315404933 -0.004718571985050353 -0.003087332899222346 0.9999841015994593 41.24385400572513
0.9999595044118489 0.00779670232988625 0.004494548173970722 0.23722897357083153 -0.00781076319362162 0.9999646305470048 0.003119237356835129 -0.5316163292297194 -0.004470069810656035 -0.0031542168487548572 0.9999850345827666 42.63047263561377
0.9999630345037506 0.0075089810317354325 0.004188654264721896 0.24412645515923376 -0.007523077640527603 0.9999660572620915 0.0033597075238424416 -0.5675196667732627 -0.0041632844562329106 -0.00339109485416522 0.9999855836638194 44.0857569424343
0.9999679455900414 0.007224232218582836 0.0034522827970253746 0.2642071838574457 -0.0072353077114238615 0.9999686844603874 0.003206310725077369 -0.5826825464510897 -0.003429011838266143 -0.003231186231618826 0.999988900593672 45.43192882422589
0.9999711240544367 0.007276640514358685 0.002191245167267049 0.2717115946134451 -0.007284992200969713 0.9999661389702724 0.0038275069793889797 -0.6115368340633095 -0.002163319755658274 -0.003843359606199642 0.9999902742682854 46.88032190184761
0.9999720948889926 0.007358985247937927 0.0012863803798170217 0.28164363367928663 -0.007364543516125124 0.999963331272096 0.004370311057195735 -0.6195715259539476 -0.0012541722576816924 -0.004379662645454317 0.999989622747803 48.275474035011754
0.9999721822883166 0.007453098366732837 0.00029320457450624816 0.27778491335797983 -0.0074544081275476765 0.9999609319217825 0.004750414588776051 -0.6230826446766482 -0.0002577878312713588 -0.004752468042283104 0.9999886737304176 49.69694422319365
0.9999709737881478 0.007603971147011934 -0.00048083061876687 0.28845416892724957 -0.007601477544129867 0.9999586455376968 0.004992470647106866 -0.6379953398693582 0.0005187733831997507 -0.004988670640660705 0.9999874219387513 51.13477439808273
0.9999639360292376 0.008278172615800295 -0.0018969689692646622 0.2979148497629584 -0.00826624167272922 0.9999465280932777 0.006213711814393276 -0.6669095141431087 0.0019483058798329478 -0.006197806831160547 0.9999788954226811 52.573645569666766
0.9999745672189315 0.006734088860811825 -0.002348820274100857 0.297055153730283 -0.006717253561596456 0.9999522079079501 0.007103549453464663 -0.6761049273602074 0.0023965441554269105 -0.007087591067747416 0.9999720109205956 54.03464912604712
0.9999859913123149 0.004279200109267897 -0.0031153846821013447 0.2886724677390796 -0.004255704285334354 0.999962744006087 0.007509965966198833 -0.6816475959265312 0.003147405527645965 -0.007496602497747458 0.9999669468463989 55.42636693024048
0.9999919343438335 0.002395110751726161 -0.003224079569754174 0.26838154499707934 -0.0023716968743826236 0.9999709305018954 0.007246600002947197 -0.6992795678757809 0.0032413425292661044 -0.007238894910552412 0.9999685455529497 56.860739916950784
0.9999939937983602 -5.4025868420397115e-06 -0.00346588165781636 0.2852003597835834 2.8190114814565095e-05 0.9999783853851482 0.006574798336071335 -0.69809410703098 0.003465771513443742 -0.006574856454888914 0.9999723794622704 58.32461673240648
0.9999954509548398 -0.0001720372772977037 -0.003011390189160269 0.2825679086167661 0.0001939300635322218 0.9999735456358485 0.007271205235208685 -0.7136133782090822 0.003010059858414447 -0.007271756051912541 0.9999690300701959 59.71812898466005
0.9999954074653082 -0.0015307180808482436 -0.002615711879159633 0.28813819883566244 0.0015528604878269287 0.9999628033266619 0.008484137831415963 -0.730703048957452 0.0026026279776092407 -0.00848816058011586 0.9999605879493637 61.13404405050534
0.9999915301286653 -0.0035008662641230256 -0.002164163557436813 0.2866645928158359 0.0035189183051672675 0.9999585745429915 0.00839442792342645 -0.7532551152278847 0.0021346863139655734 -0.008401972216095739 0.9999624242797311 62.53274301798715
0.9999895278461624 -0.004182647045426194 -0.0018573257613069315 0.3002743002248689 0.004197060584075014 0.9999605741327384 0.007825271292620334 -0.7628376520301294 0.0018245223380757847 -0.007832984539663138 0.9999676572099385 63.972356077401095
0.9999901735635849 -0.004332290841562886 -0.0009402287272586912 0.3012190433792624 0.004339118033209575 0.9999633206213161 0.007384407533193543 -0.7725139833411571 0.0009082029136351566 -0.007388414626359784 0.999972292861718 65.40661666658673
0.9999963481429571 -0.0026564762129186468 -0.0004968238887402008 0.30623362922758457 0.0026601891287463104 0.9999673703415038 0.007627689892626355 -0.7919264295413804 0.000476544939743871 -0.007628983571895455 0.999970785327493 66.80170207795896
0.999999627383494 -0.0008548049872541026 0.00012058723639976534 0.297671080101287 0.0008537668282475509 0.9999646724262597 0.00836211628211154 -0.8088622275191539 -0.0001277309660531233 -0.008362010091595248 0.9999650296210286 68.24862971046474
0.9999910766337895 0.0041232063566377965 0.0009196851366105796 0.2999923616617213 -0.0041323891519475684 0.9999392719831195 0.010216443424788795 -0.8420053887566343 -0.0008775048535005561 -0.010220152609384896 0.9999473878443665 69.63704144439747
0.9999710707272029 0.007433350940197429 0.0016133807592017615 0.30217131832873884 -0.007450583463461249 0.9999122770224312 0.010951122356659732 -0.8514422148753809 -0.0015318358185972235 -0.010962826019318342 0.9999387330805388 71.08032161947719
0.9999323739115434 0.011450418970558924 0.0020335920421532686 0.30793098001140884 -0.011471776312814817 0.9998756509432519 0.010820398392074264 -0.8453720483244238 -0.0019094412276869479 -0.010842995409036011 0.9999393899006386 72.45638607810169
0.9998899387040456 0.014524345871745739 0.0030255305520220047 0.2980164693194125 -0.014554854443997392 0.9998408364533953 0.010317848708734494 -0.851567134277693 -0.0028751892301233737 -0.01036074912246305 0.9999421924067015 73.85894153718533
0.9998528732765798 0.016754029170807518 0.0036788965548547733 0.30840729416907176 -0.016791959963255092 0.9998035220488709 0.010533157933488056 -0.8664884119789088 -0.003501701184754232 -0.010593383957911911 0.9999377572107156 75.30231955505343
0.9998470752670652 0.01703409366991685 0.0039579924828709815 0.29700306019105194 -0.01707610417874748 0.999795494232938 0.01083403967266973 -0.8786150779483198 -0.0037726353137981323 -0.010899969817414855 0.9999334767228154 76.67370287226838
0.999845742446139 0.01703445107881298 0.004280042106403535 0.311879190120061 -0.017081595638577928 0.9997910238191131 0.011230664256100548 -0.9015110478109921 -0.004087839814917501 -0.011302041629451552 0.9999277740969748 78.10310668831164
0.9998741937492057 0.015367668990132803 0.003928282226147925 0.32777253872237505 -0.015407210167589565 0.9998288501007938 0.01024150443500392 -0.894174272978893 -0.0037702221611457492 -0.010300739713341604 0.9999398382788008 79.46522691518418
0.999877385018813 0.015258772203655974 0.003519201082627913 0.34589783652216927 -0.0152949524184082 0.999827961603171 0.010493410265479562 -0.9068236334967053 -0.003358479363815917 -0.010545949479471945 0.999938749902425 80.84646857680839
0.9998842082404563 0.01485873262941754 0.0032845326469133893 0.340207390186162 -0.0148922528752047 0.9998347283178163 0.010427697958459341 -0.9105366811763586 -0.003129047687483872 -0.010475404458850557 0.9999402356903709 82.26207110547104
0.9998763991204037 0.015531033386076974 0.00244406643577429 0.3486823871509947 -0.015555512069544286 0.9998255745221526 0.010336663309032145 -0.9196856190181707 -0.002283101250989821 -0.010373404246030234 0.9999435883706621 83.63142501644538
0.9998836528749555 0.015139163359591026 0.0018671968649794516 0.35741320947626376 -0.01515768670583328 0.9998316493140841 0.01034009647312753 -0.9096384820821142 -0.0017103422492460857 -0.010367195670478255 0.9999447964632485 84.99712187896407
0.9998977992260483 0.014264259688381792 0.0009601972469865678 0.36009831779882084 -0.014273990342794023 0.9998372759842019 0.011030629256937739 -0.9346079899863229 -0.0008026973016929837 -0.01104320760711601 0.9999386997375704 86.37257294219667
0.999926086184663 0.01215745785895693 0.00013554096070806342 0.3608741241358135 -0.012158208628190286 0.9998524221933703 0.012137208175456547 -0.959758728931945 1.2036644411294282e-05 -0.012137958829911854 0.9999263321864011 87.72814865692321
0.9999600134840247 0.00882701576981412 -0.0014336028841859232 0.3793304206289107 -0.00880798239245439 0.9998795243997297 0.012781085690952008 -0.9553003751374091 0.0015462491476125667 -0.012767947287687612 0.99991729089207 89.14407974997971
0.9999645936719406 0.008025504510319392 -0.0025303501731193936 0.38804876436482355 -0.0079918291612437 0.9998829156767503 0.013049353334968494 -0.962888619732299 0.00263478177634329 -0.013028668991838287 0.9999116519468687 90.48678344709477
0.999967447313745 0.0076186902583549815 -0.0026570405029404985 0.38571678887337907 -0.007585125225464077 0.9998940746511275 0.012421971245469423 -0.958355760043232 0.0027513984394523247 -0.012401412713856282 0.9999193141248596 91.85921094202885
0.9999753828599147 0.006306296450057326 -0.0030764091630185167 0.38204495877707806 -0.006267532050988361 0.9999028318605466 0.012451702463410623 -0.9773432779729413 0.003154634627540181 -0.012432114266243568 0.9999177420198937 93.19004400557202
0.99997608718689 0.00607697583872148 -0.0033008200817680597 0.36743954596126954 -0.00603536308086795 0.9999039831968042 0.01247392457808691 -0.9746371298012599 0.003376307170766483 -0.01245370446461327 0.9999167494277239 94.589534821556
0.9999766142753905 0.006123656712006913 -0.0030449507614766103 0.3684814803804613 -0.006087192787967352 0.9999113308997253 0.011843835376475364 -0.9860868129003066 0.003117208613667365 -0.011825023027413199 0.9999252231204083 95.91208093401217
0.9999726285996063 0.006869826035214037 -0.0027472778319360134 0.37186333113176 -0.0068387552147969625 0.9999142974196654 0.011163747453764016 -0.9977107001178046 0.0028237356249744116 -0.011144653765684442 0.9999339094167945 97.2511778879563
0.9999633993576831 0.008281732791817929 -0.0021477520840775264 0.3665283175530937 -0.008257122494913869 0.9999029014869184 0.011225308132574562 -1.0093217104929182 0.002240508733597303 -0.011207162866325367 0.9999346876734273 98.6177956823827
0.9999520013464347 0.00957088266819439 -0.0020959957082487017 0.3629037585603194 -0.009544951362875998 0.9998818238489918 0.012051234772114845 -0.9981423966552604 0.0022110891541455594 -0.012030649979585164 0.9999251844695106 99.96318848041828
0.9999467396090048 0.010156487286770035 -0.001834039303370969 0.3542108429087526 -0.010130541691541876 0.9998556247889757 0.013641910620371293 -1.0175493990621602 0.00197232857414537 -0.013622604039911551 0.9999052627963433 101.33819052319066
0.999957146548905 0.00900838777958544 -0.0021340117576758673 0.35704661070119287 -0.008980147844944329 0.9998765572735286 0.012892911968787682 -1.0251122224707823 0.0022498928717055045 -0.012873195537223932 0.9999146057581182 102.65437248767897
0.9999612285376117 0.00862201942990334 -0.00178946757928074 0.3456209371668129 -0.008602032525166203 0.9999036805847697 0.010891951442120788 -1.0468825591966835 0.0018832059965680397 -0.010876135931059794 0.9999390797413195 104.01869895706189
0.9999610420180306 0.008648966691551695 -0.0017634662093731057 0.35171711020249874 -0.00863164204733611 0.9999166029783082 0.009606344746612346 -1.0411147412964572 0.0018464042550095172 -0.009590748756490535 0.9999523030237119 105.32823637070982
0.9999728311278133 0.007168725484906439 -0.0017165008510494394 0.36013923246171414 -0.007149497353850519 0.999914399712394 0.010958008485397578 -1.049097342402191 0.001794909025653794 -0.010945438493235834 0.9999384859426007 106.65615209035929
0.9999910865288609 0.004127525785934683 -0.00088903972004197 0.3506919260728116 -0.00411531438106869 0.9999027406551202 0.013325668151216599 -1.0600963939034205 0.0009439553720480181 -0.013321890503173093 0.9999108141079466 107.98437072359775
0.9999970124169733 0.0023812183379885513 -0.0005522278106324559 0.3744480588727434 -0.0023732459017989354 0.9998989756630463 0.014014499109641806 -1.0718027058761912 0.0005855436543369631 -0.01401314646528547 0.9999016395886935 109.33630993595217
0.9999973352503978 0.002224335763894421 0.0006179176595492572 0.3744012168849072 -0.0022320091320058083 0.9999167619451653 0.012707766453688865 -1.077477733572168 -0.0005895999344726439 -0.012709111604899235 0.9999190621457817 110.65858783947549
0.9999919073863027 0.0037268311373910706 0.0015152196572360338 0.36329989222857656 -0.003742762914728498 0.9999362717712915 0.010651015562915818 -1.0753220072410061 -0.0014754286807581781 -0.010656600322685214 0.9999421283104893 111.97385573504975
0.9999734605098591 0.006872633237613875 0.002417681561587847 0.3656644191400552 -0.006891980750953069 0.999943548565066 0.008087044937161047 -1.094809969336475 -0.0023619659815101316 -0.00810349280985999 0.9999643766223797 113.32231557772297
0.9999513813676827 0.008993990514117825 0.0040426510815578 0.3556525589078176 -0.00902743941427069 0.9999245293825433 0.008333120164312636 -1.0954169762531658 -0.003967398305504931 -0.008369209687641472 0.9999571071164332 114.61107222498069
0.999939821806606 0.00965555119203639 0.005207983023229307 0.371440325048441 -0.009709959978490763 0.9998974662732273 0.01052490550842204 -1.0981056929085282 -0.005105825689524153 -0.010574841294053283 0.9999310492562227 116.01825041811718
0.9999332603085497 0.009783419342627173 0.006144886047373851 0.3735035085118154 -0.009860859836579867 0.9998707155361225 0.012701010884984347 -1.1114558292526564 -0.006019832794140585 -0.012760756900535464 0.9999004573884676 117.35587547125269
0.9999219481082576 0.010331707328791866 0.007025204851785664 0.39381160630842144 -0.010424263062150153 0.9998576344190835 0.013268219781018204 -1.1100942935191778 -0.006887121913925499 -0.013340416563589487 0.9998872940621011 118.66570090028063
0.999912783515116 0.010431012191831665 0.008100576196622845 0.42582899601866214 -0.0105350556469389 0.9998611733668187 0.012909168003872469 -1.1216413709646706 -0.007964796595342617 -0.01299338194645216 0.9998838602714164 120.01687321926987
0.9998804252300499 0.012357505962167873 0.009296626786614436 0.41968021461968597 -0.012472903497508604 0.9998445896997129 0.012458858412739016 -1.1189813355870384 -0.009141222339037433 -0.01257332439665703 0.9998791674797163 121.3383790504551
0.9998524169790163 0.013738811285718204 0.010314519005503803 0.432783750453301 -0.013864108430289816 0.9998297523449422 0.012175912818769886 -1.1141035212304797 -0.010145481259086323 -0.01231711729493144 0.9998726708062574 122.67053870464038
0.9998269700817513 0.014765529085141725 0.011314107138461565 0.4563264714093733 -0.014894607312271305 0.999823960857455 0.01141043382662083 -1.120224087904158 -0.01114363524812735 -0.011576978498281628 0.9998708881441438 123.98523084282195
0.9997852895828108 0.0165727632451433 0.012438577782760368 0.4916608778384844 -0.01670536466171565 0.9998039130460218 0.01063326318611934 -1.1292152189751 -0.012259917207383276 -0.010838770937691422 0.9998660987717319 125.31751753437561
0.9997776647593528 0.016257972812776755 0.01342755869998644 0.4908738753114149 -0.016400453565351948 0.9998096332420653 0.010569883384702527 -1.132300263957215 -0.013253158766519016 -0.010787751226988244 0.9998539784420213 126.70068352840035
0.9997717729955413 0.015671007329493898 0.014519690583266125 0.5148840102295353 -0.015837326707954926 0.9998094619683849 0.01141134855596575 -1.1456268645598566 -0.014338097898262068 -0.011638697096000348 0.9998294652989241 128.01867106467847
0.9997910562850936 0.013036470755977986 0.015744655326642185 0.5260794632284675 -0.013235139464217257 0.9998332671726995 0.012580499456480881 -1.1530894382310346 -0.015578026162387296 -0.012786253366608524 0.9997968977889925 129.38555165892913
0.9997890398880043 0.012930716160754831 0.015958454435435893 0.5545215371109451 -0.013141321451366015 0.9998269993288478 0.013163476456434165 -1.1427537284410196 -0.015785481751672926 -0.013370414476445774 0.9997860023951052 130.7043923807275
0.9997964775991275 0.012572502191930117 0.015777691177387206 0.571698135615916 -0.012782356407979834 0.9998302314372403 0.013271009639585028 -1.1598757519830123 -0.015608164126240755 -0.013469984571130801 0.999787449776373 132.04593518913032
0.9998108738069034 0.011384809188258299 0.015767140194331748 0.6031298243164115 -0.011605447128554552 0.9998350155332149 0.013973379571350475 -1.1626438387986022 -0.015605455903768904 -0.014153721348398672 0.9997780463279542 133.3496967572297
0.9998356598960154 0.009448984083309879 0.015471582898180902 0.6302776351679167 -0.009658217667125267 0.9998621537523218 0.013505271070482057 -1.1689389767452398 -0.015341840388558764 -0.013652479332242595 0.9997890966313184 134.72251736001095
0.9998666569224662 0.008946063568196036 0.013661489787496026 0.6675031363075414 -0.009133810380779503 0.9998638463128903 0.013742720438204828 -1.165847535583114 -0.013536687605070978 -0.013865669199740778 0.9998122330236393 136.0574318827858
0.9998926215513402 0.007152118857328268 0.012790330305988327 0.6868948007068454 -0.007334582701292579 0.9998711892610332 0.014276161975142566 -1.1678115008824472 -0.012686579026690344 -0.014368440551729783 0.9998162824359272 137.41957050673204
0.9999057725282153 0.006897499364570352 0.011868890236914422 0.6996244301790184 -0.007071471975259514 0.9998672545774699 0.014678812156168697 -1.1797475215013402 -0.011766068581421789 -0.014761359321062026 0.9998218150722877 138.73289047396324
0.9999245880048857 0.006276945490365022 0.010555484333142883 0.7182614330534636 -0.006431575362657376 0.999871563669039 0.01467961246222754 -1.1835921645163991 -0.010461986372109312 -0.01474639362399922 0.9998365319929271 140.10217842602418
0.9999449445438783 0.004983069875527046 0.009234548705113676 0.755197711152982 -0.005114302676860218 0.9998854936714081 0.01424231263828862 -1.1803658123041343 -0.009162521617313103 -0.014288756592464636 0.9998559294333107 141.41127218660935
0.9999541239836319 0.005084647486438445 0.008117652566045897 0.7612205000129253 -0.005199424880677543 0.9998859226625719 0.014181243168969994 -1.16558528818281 -0.008044620575301063 -0.014222799509755055 0.9998664891089699 142.76759459479058
0.9999666512274967 0.0033497066270429332 0.007448214251497335 0.777475139293445 -0.0034380259981556045 0.9999235586959304 0.011876731612309236 -1.1837775855766468 -0.007407861952876198 -0.011901942520406265 0.9999017288397306 144.1307087687263
0.9999815699553013 0.0003367520829828727 0.00606187652713883 0.7873389531719178 -0.0004037505811303377 0.9999388145229314 0.01105460110706844 -1.1917685043063337 -0.006057783475578269 -0.01105684469638168 0.9999205215594708 145.4525292152279
0.9999525261041482 -0.008125184398176017 0.0053783742509969186 0.8032051121465863 0.008048433612308472 0.9998676123323776 0.014141447753054308 -1.1942860802506343 -0.0054925645541082325 -0.014097488709578545 0.9998855397164883 146.81674683600133
0.9998614195639072 -0.01624167686670482 0.003653706962016726 0.8246919096243466 0.01618224272076237 0.9997450407111581 0.01574765489322397 -1.1954421976893423 -0.003908544070790087 -0.015686347173071356 0.9998693223519706 148.10768060536475
0.9998408742780795 -0.01765959757396389 0.0025228369281016664 0.860736257944313 0.017625755290000964 0.9997619428868497 0.012860417868560002 -1.2077344309610323 -0.0027493463895586394 -0.012813904349887377 0.9999141187810893 149.45517537922024
0.9998360409236413 -0.017888455398937554 0.0028096979470638725 0.8579863864252022 0.017859040259254774 0.9997888170870881 0.010167396361697096 -1.2119019584387682 -0.002990983860062511 -0.010115550665997904 0.9999443632728481 150.82860168261342
0.9999004247251881 -0.013718088533281023 0.003309782959944837 0.8725716614900552 0.013695361953901202 0.9998831289359968 0.006794523831086705 -1.2248977229451714 -0.0034026043113928577 -0.00674851848845113 0.9999714394802844 152.15071528076436
0.9999089094306547 -0.01282373655678703 0.004210060081374419 0.8785691359100176 0.012791413579427832 0.999889174061805 0.007617043719913639 -1.2532892963316282 -0.004307272824814374 -0.007562497147326749 0.9999621272985054 153.5147585836328
0.9998809029595823 -0.014767453961268743 0.004483545341779966 0.8956698406805343 0.014723332852293734 0.9998443654721983 0.009719482130049804 -1.2509665058102528 -0.004626379944906854 -0.00965231169537295 0.9999427130987467 154.8286250927772
0.9998058253749825 -0.018961447789663907 0.005364234173367819 0.9091109462740721 0.018893172170207678 0.9997433058848251 0.01250481627922447 -1.2642239485223739 -0.005599967102746989 -0.012401040578071287 0.9999074229899401 156.2249067834268
0.9996440900764809 -0.026055832162683895 0.005725968754357634 0.940246173763567 0.025966866249033566 0.9995487773096131 0.015098467356901065 -1.2460399380675613 -0.00611678872021134 -0.01494440797613768 0.9998696162764567 157.5355349451878
0.9996733007777499 -0.025002395304704886 0.0053077188476271155 0.9556747917317419 0.024921798956204052 0.99958067260365 0.01474391294220778 -1.262120134264936 -0.005674126799494302 -0.01460681799877199 0.9998772150319098 158.87818126185476
0.9997072946062555 -0.023384338735754625 0.006204656180402842 0.9676864143633068 0.023290866067062793 0.999620171927459 0.014732532051391772 -1.2605071463010178 -0.00654681055431354 -0.01458370772786309 0.9998722192000382 160.24745250345285
0.9997358485713677 -0.021910626978440886 0.00693955748661247 0.9749343772195305 0.021809871354083996 0.9996601958372603 0.014276639314646695 -1.2467882744651209 -0.007250010129571105 -0.014121517055087756 0.9998740021111567 161.5789950968111
0.9998176835201127 -0.017239790547842835 0.008209099256422311 0.9750386674219719 0.017131510004980543 0.9997676459326986 0.013083025333606004 -1.2725083346182253 -0.008432741167649754 -0.012940005625640539 0.9998807154465018 162.92929653434908
0.9998405570368215 -0.015435624122340537 0.008977860852984949 0.9978777609795942 0.015322071440011856 0.9998034392051063 0.012582412918268265 -1.2562782287401077 -0.00917031432735114 -0.012442847132466536 0.999880533305212 164.31741762841133
0.999857542502366 -0.013845242650718018 0.009654218461304803 0.9884870457352849 0.013708037244136642 0.9998061083410038 0.014136317429219043 -1.2670376786890827 -0.00984806816353121 -0.014001963013086136 0.9998534695527493 165.651067653
0.999892600364766 -0.011557238095391505 0.009012101136945049 1.0264334694788693 0.01143381822263147 0.9998417553523324 0.013628355739080845 -1.2821112654589586 -0.00916818194421724 -0.013523849134323052 0.9998665160588124 167.0002423787766
0.999904218757709 -0.010778114690415192 0.00868248465836483 1.024914174844974 0.010674499753504046 0.9998722960013174 0.01189313944495666 -1.2732527652011636 -0.008809562232930827 -0.011799318951950926 0.9998915779614093 168.34195487371673
0.9999206994973775 -0.009205579839831437 0.008593718942607775 1.044100092919685 0.009117499364189081 0.9999060737834479 0.010233026597563182 -1.287569044868853 -0.008687113441245082 -0.01015386173756724 0.9999107125869111 169.68619339650036
0.9999638760804705 -0.0023248368892023795 0.00817567517656978 1.0317508528705366 0.002258618975628471 0.9999646490715429 0.008099336688905777 -1.294130543690653 -0.008194216482641951 -0.008080578256553563 0.9999337773407757 171.10985346189173
0.9999646788137597 0.00040429884022409086 0.00839509765780681 1.048002201587569 -0.00047928565681861645 0.9999599929606796 0.008932120179709966 -1.297134129931754 -0.00839115125155838 -0.008935828207196132 0.9999248669525205 172.50130071815346
0.999945394626958 0.004493670450120617 0.009434759375453981 1.0713020433235914 -0.0045978929179956995 0.9999283302832395 0.011054125448304225 -1.2847487992086026 -0.009384410376338139 -0.01109690168714175 0.9998943902277106 173.90871119860563
0.9999368477528379 0.006039896583061286 0.009477349206990763 1.0885990890311448 -0.006157392631884451 0.999903939123843 0.012417691227306373 -1.2914676604857283 -0.00940143801887328 -0.012475262602878281 0.99987798294529 175.25191638905505
0.9999602339091488 0.0027173116760853496 0.008493928075893647 1.108699019280354 -0.0028357671546231965 0.9998984623931387 0.013965075799114046 -1.2894068124288836 -0.00845511886634313 -0.013988607062833341 0.9998664059899512 176.61234578058523
0.9999802135006207 0.00047144800195824885 0.006272985186770252 1.127123876341802 -0.0005591107520362639 0.999902115474927 0.013980231643076038 -1.268943084927527 -0.006265780730885258 -0.013983462114272663 0.9998825944915491 177.99096112017273
0.9999800368286125 -0.003916364066666069 0.0049586323812486005 1.1371644022191365 0.0038654362807816187 0.9999401101962421 0.010238868756387605 -1.248185141977392 -0.004998434967410422 -0.010219496929818907 0.9999352866669454 179.36079881795777
0.9999943661145776 0.001886974225467497 0.002776160561064488 1.143838428618422 -0.0019061110137982842 0.9999743313115953 0.0069067694848824164 -1.3133181444202677 -0.002763056635387497 -0.006912022143416286 0.9999722943471223 180.768063111753
0.9999885340540957 0.004082739620236137 0.0025025979196229373 1.1307822808667838 -0.004097220775140111 0.9999747353810143 0.005808733758589373 -1.3050079358272497 -0.0024788193511124006 -0.0058189207686654785 0.9999799976052579 182.14662790868914
0.999957434753128 0.008966378393859619 0.002175484543361067 1.12944981261191 -0.00898117269065587 0.9999359425551811 0.006888347908234673 -1.3106822199368553 -0.0021135818273172345 -0.006907593008059379 0.9999739086219273 183.5096155083906
0.9999369137404233 0.01093795799645378 0.002555308757874705 1.143729432858483 -0.0109632191203144 0.9998889956169331 0.010089811254278621 -1.3210589138133328 -0.002444663376520809 -0.010117188991235334 0.9999458315822523 184.93421292893026
0.9998870521562557 0.01470656611883455 0.003098358022875919 1.1429309930370424 -0.014744191913072932 0.9998132593251704 0.012492210168874024 -1.3632427965435485 -0.002914062157352521 -0.012536481807228625 0.9999171689964998 186.31621349395667
0.9999197435560495 0.012182686715852138 0.003476863092610024 1.1462615251822543 -0.012228696614728784 0.9998336383365227 0.013533464332065679 -1.3379180895477711 -0.0033114109926944213 -0.013574895494010114 0.9999023736129525 187.72206904739252
0.9999442170389785 0.010125420704794986 0.003006435797886578 1.1559795310608594 -0.010164800400208712 0.9998587458054992 0.013385263962836373 -1.3226460580830075 -0.0028704799341160514 -0.013415076920638922 0.9999058935937587 189.1038063521312
0.9999716771178534 0.006783271696759725 0.0032607028476293 1.1685581906586848 -0.006827265547046708 0.9998831755487826 0.013675661471155847 -1.306051624260952 -0.0031675564532617105 -0.013697535624148346 0.9999011671615523 190.50601786763994
0.9999840985308484 0.004277929278766292 0.003674507455059313 1.1784047843744518 -0.004329580237117592 0.9998902915059625 0.0141654404080378 -1.3163735905941605 -0.0036135058792020718 -0.014181124027027958 0.9998929134078428 191.908815899278
0.9999857646028699 0.003746742653770274 0.0037990143449988896 1.2053134663652836 -0.0038017688340086266 0.9998864498278557 0.014581975836415432 -1.3228291311487594 -0.003743948367628298 -0.01459621101986666 0.9998864602847048 193.38633017633117
0.9999892731272243 -0.0014412583170691465 0.004401863790171624 1.2075952728537358 0.0013670103191221173 0.9998575300654077 0.016824115745465704 -1.3277244170034432 -0.004425484924809927 -0.016817917638242995 0.999848774922132 194.80854422943943
0.9999699745655859 -0.00564867352702962 0.0053049459222229735 1.192968364332718 0.005554849554725838 0.9998307757933377 0.017537486792061855 -1.3289119157088565 -0.00540311218884272 -0.017507491790251992 0.9998321329569645 196.21766006797245
0.9999882214063031 -0.0024854255341266096 0.004168897710796619 1.2359423186631504 0.0024294738906310894 0.9999076252238126 0.013373058312839164 -1.3379013102913633 -0.004201750703176391 -0.013362772374865276 0.9999018859834136 197.6325883236014
0.9999766189051206 0.004462720428623319 0.005181290117119424 1.228875450912652 -0.0045104287717132 0.999947203893763 0.009232847186395762 -1.347163368806617 -0.005139813378265839 -0.009256001019150679 0.9999439528073183 199.0749807119165
0.9998971884453213 0.012967690894541735 0.006119764274088221 1.2422955974380891 -0.013021228591170901 0.9998765762733992 0.008790895846989543 -1.3405270858170921 -0.00600501182818833 -0.008869678764889909 0.999942632666872 200.46308677455474
0.9997577166181525 0.02061273258835737 0.00772161084619652 1.2278891238634193 -0.020706307482154147 0.9997106617223264 0.012240985341295448 -1.3397024299560318 -0.007467057149073879 -0.012397905426783038 0.999895262009595 201.95274932057285
0.9997063722394655 0.022723181107569587 0.008415835721373263 1.2420470627332207 -0.022838293589716837 0.99964331358516 0.013844060611066572 -1.3442283861835977 -0.008098253480584874 -0.01403219873866005 0.999868749225908 203.41340458216789
0.9997532265455883 0.020840875232000865 0.007690506271449035 1.2695110456395837 -0.02094991079981274 0.9996770994217613 0.014380479319907852 -1.336881062777465 -0.007388321838485588 -0.014538045813163758 0.9998670201144688 204.85300542086125
0.9997903250739144 0.019466153188285235 0.006354111313113217 1.2994747883029443 -0.01955735917170752 0.9997018133184365 0.014621703084556643 -1.343908269351047 -0.0060675887907640745 -0.014742906707405795 0.9998729074513001 206.30751587399115
0.9998569807851286 0.016015994682011005 0.005431930051122486 1.3048327580163819 -0.016094207157483727 0.9997627969393907 0.014674003914436191 -1.3512050337845913 -0.005195623241391899 -0.014759327646733328 0.9998775763727679 207.74094351200415
0.999835347288095 0.017345904962945427 0.005328964673882596 1.3093304296856578 -0.017419645337334314 0.9997485953975668 0.014117436014618996 -1.3483850739672143 -0.0050827456636340935 -0.014207940012672155 0.9998861435804668 209.18314048427305
0.9998201847941999 0.01821325206752571 0.005279724841158176 1.3168645699376487 -0.018284517368531972 0.9997378720209105 0.013779104363762581 -1.342878633662468 -0.0050273789909901345 -0.013873163694390003 0.9998911244615798 210.6345246710924
0.9997987113302305 0.019511527461202993 0.0046730162825684585 1.3321309535789672 -0.019577108765596308 0.9997042832771332 0.014425077490987348 -1.3344283514799662 -0.004390179458558224 -0.014513657827876449 0.9998850334149687 212.12085679041235
0.9998270750216193 0.018069618683535578 0.004394189618165095 1.3359006097614678 -0.018129491827348288 0.9997377660963306 0.013990018293299943 -1.3285452654204086 -0.0041402433569688295 -0.014067263294175365 0.9998924794572944 213.57883301370154
0.9997845559864338 0.020321063411701753 0.004230360794236401 1.348784262060718 -0.02037800869856115 0.9996959483346827 0.013883360476607447 -1.3540929659122802 -0.003946950220614564 -0.013966575520363055 0.9998946726226446 215.0422462766116
0.9998146291444892 0.01887050200422286 0.003822495008639031 1.3498911647262268 -0.01891973676617163 0.9997327880336766 0.01328142079176544 -1.3514333861748298 -0.0035708468068243954 -0.013351279213019356 0.9999044916310791 216.49242833272984
0.9998240092927708 0.01842707906909049 0.0035203928351655893 1.3630134051462999 -0.018472341821427516 0.9997410576832839 0.013288725124881743 -1.339386804644968 -0.0032746091355003947 -0.013351416142695444 0.9999055038399816 217.9819039492719
0.9998084791008425 0.01931471485498463 0.003153866183352476 1.3771900643073915 -0.019355205495926373 0.9997234579541644 0.013356035535760064 -1.3475042066611502 -0.0028950262242858314 -0.0134145211133123 0.9999058302829502 219.4753321226971
0.9997920463719333 0.02018166994215714 0.002926460353552033 1.3859325293225717 -0.02021949302813826 0.9997040377594243 0.013528083441020888 -1.3586643633935402 -0.0026525751317212336 -0.013584441578807139 0.9999042088016885 220.97018021999767
0.9998139108741559 0.01916569602091013 0.002195377629898715 1.382369415236506 -0.01919338380686052 0.9997263502488185 0.013373058157338882 -1.3404194134818501 -0.0019384730532973826 -0.01341270611148793 0.9999081665954873 222.43678031045098
0.9997903533116882 0.02040410282201295 0.0017093777954617709 1.3981192322944564 -0.020425547494668066 0.9996983286990528 0.01363996551341639 -1.364595398940192 -0.0014305509788853235 -0.013672020723040981 0.9999055102160266 223.96933253092178
0.9997506978222794 0.022278861976630312 0.0014813725156235654 1.407522207040531 -0.022297327875620693 0.9996546830740322 0.013904813527927324 -1.383489854372078 -0.0011710776412846872 -0.013934377478746252 0.9999022260642871 225.42341653224747
0.9997788664375286 0.020969840707329598 0.001576059266916922 1.409921306843054 -0.020989386492664908 0.9996869053242866 0.013621197943885562 -1.3660119331712572 -0.0012899315605161606 -0.013651266163229573 0.9999059850785387 226.91396718113336
0.9997657992484847 0.021607379028455057 0.0012115193122570365 1.4220981187854775 -0.021621558942347196 0.9996782799251412 0.013260652045633725 -1.370082409934823 -0.0009246016769237364 -0.013283741138902277 0.9999113397300516 228.44304310238968
0.9997635622283866 0.021661662853136678 0.0018952459460880398 1.4093890443225265 -0.02168602574172068 0.9996675265804267 0.013948213039467411 -1.3855045616517592 -0.0015924744644996514 -0.013986015308994822 0.9999009227856585 229.95649300066785
0.999842844187259 0.01758361279727587 0.002259083579381562 1.4209222398286705 -0.01761465595978449 0.9997390256263945 0.014546634623559325 -1.3762105044669561 -0.00200271178714281 -0.014584141307545127 0.9998916401059982 231.4608905467029
0.9998126342310355 0.019247605242337037 0.0020557452410410954 1.4290243255841566 -0.01927661474167299 0.9996990804336124 0.015171049893835392 -1.3865618545247957 -0.0017631203883490716 -0.015207834950841175 0.9998827997060209 232.9315629622216
0.9998149313933062 0.019147501879020656 0.0018644299981525475 1.4497556173515884 -0.019173053170813116 0.9997064021547029 0.014815652965790118 -1.3761770139915133 -0.0015801999879809956 -0.014848657657626007 0.9998885039440867 234.42679460183453
0.9997750333002995 0.021054416837190174 0.002567932621783838 1.4511198878699236 -0.021089246290058393 0.9996740739467624 0.01438713406063205 -1.367739001302756 -0.0022641831300832397 -0.014438052992984254 0.9998932023404936 235.92275111701952
0.9997675187515424 0.0213831815798833 0.002769106434711819 1.4578191564558143 -0.02142125334433503 0.9996648361591348 0.014537720265602808 -1.3683898164018664 -0.002457315816270236 -0.014593658041431803 0.9998904873684797 237.43257187845583
0.9997366652532877 0.022734097377014515 0.0031242462040826325 1.4753913571629225 -0.022782040499726725 0.999607934360202 0.01627747711222244 -1.3591640282540611 -0.002752967767150504 -0.016344367158069646 0.9998626319723521 238.94845584546889
0.9997394045636137 0.022429065055078985 0.00424970049706185 1.4776367610587369 -0.022499086385431723 0.9995986388384559 0.01721488920461194 -1.3769493253705427 -0.0038618812777996866 -0.017306017215266787 0.9998427814532508 240.47718232536752
0.9997468392815101 0.022061073488867686 0.00442338506905204 1.482222587958363 -0.0221310388284602 0.9996197965115602 0.01644626420287949 -1.3727737399579536 -0.004058881371402435 -0.016539994526183564 0.9998549665061908 241.9415038459304
0.9997278145388194 0.022717131835092063 0.005313069517022218 1.4991137248302528 -0.02279590046821734 0.9996235661561358 0.015266727624440037 -1.3810873249469242 -0.00496425364126797 -0.015383688228551025 0.9998693406180508 243.52830738500342
0.9997079979254255 0.023479457494377444 0.005712609308627013 1.5095707026214948 -0.023566272804670545 0.9995999897062681 0.01563622187364117 -1.3700189364993192 -0.005343194638264137 -0.01576628074992972 0.999861427722767 244.99636369943585
0.9996818162351435 0.024646585845202285 0.005367684328579734 1.522687302699175 -0.024731409577469676 0.9995603395889331 0.01635496795125934 -1.36306676495359 -0.004962230655368822 -0.016482514231558564 0.999851840512353 246.52753714932086
0.9996833133226681 0.024574296696441192 0.005420050413269654 1.526494753699101 -0.024659086216318352 0.9995650643552847 0.016174413817725723 -1.3497889843553836 -0.005020218607676835 -0.016302944855344354 0.9998544951035749 248.07625659478185
0.999660565901511 0.02558222233318367 0.004929788801143144 1.5234796729165465 -0.025658572944390758 0.9995410780229866 0.016101896127727774 -1.3387730334884016 -0.004515604494947163 -0.016222921710581872 0.9998582030026834 249.57093130085855
0.9996147647547206 0.02719063612609238 0.005566984681698574 1.5488759982164098 -0.027277093219802696 0.9994983723628692 0.01609235587644872 -1.3463282692023741 -0.005126631154816457 -0.016238007463876287 0.9998550118649112 251.1132459448203
0.9995687181570321 0.028960083660653002 0.004867355942402784 1.5692978458686284 -0.029036318786422672 0.999443841086684 0.01639819512964057 -1.3324266730111962 -0.004389756173360087 -0.01653245275064941 0.9998536933126316 252.63659978245585
0.999551160573903 0.029483863796390463 0.005308397629468043 1.5692045637675989 -0.029566818127287915 0.999430020080794 0.01629227818137509 -1.3224279349479273 -0.004825013032029842 -0.01644191775928716 0.9998531805090369 254.22138917169173
0.9995737322928434 0.028748975122096725 0.005084295259151692 1.5788214080607001 -0.02883220926621013 0.9994374038821668 0.017134162602888962 -1.3279581593980083 -0.004588845613905441 -0.017273450082830082 0.99984027244429 255.75992152578638
0.9996471058030008 0.02607420575960579 0.00507932936396629 1.6045610238883823 -0.026162762572282366 0.9994915178971417 0.018226782249675 -1.3315823131458973 -0.004601498121145707 -0.018353239151298665 0.9998209763801095 257.29629276778206
0.9997067024551185 0.023646177499692212 0.005231376572814338 1.6147418002898513 -0.02374289667215018 0.9995323521978111 0.019270491480642707 -1.3369634991016575 -0.004773257060234588 -0.019389047249907122 0.999800620546176 258.8017185035388
0.9997209949820084 0.023072690282134982 0.005057974191093799 1.6295041756858417 -0.023162818261123288 0.9995595973197814 0.018549806654666923 -1.3243105855188435 -0.004627753081223474 -0.01866178783659425 0.9998151436929552 260.3286858630107
0.9997732304684653 0.020805419385483952 0.004541158487294882 1.6467801791036847 -0.020885525902314572 0.9996131077078505 0.018369261476196972 -1.326834361485522 -0.00415722169993865 -0.018459940107199885 0.9998209580223195 261.85451881473773
0.9997670414006612 0.021028005098376473 0.004866814879877893 1.662933777704618 -0.02111894995588846 0.9995876190303473 0.019457181118349313 -1.3267504493380646 -0.004455662559868981 -0.01955543014136731 0.9997988458702801 263.35056295492956
0.9998519940166317 0.01633810208104495 0.005390403958951252 1.6924624655208746 -0.016450886942896415 0.9996315979596346 0.021587883826602625 -1.30890975617075 -0.005035713489322022 -0.021673365305967335 0.999752422754669 264.93165891382625
0.9998418506855415 0.016884600819599544 0.005584249679007692 1.7001911669514667 -0.016999821078659542 0.9996291731617636 0.02127257147724881 -1.3125682570879622 -0.005223000442901739 -0.021364138173870204 0.9997581176688819 266.5284487834881
0.9998482051601745 0.016483311319199632 0.005645091568456657 1.7160181730473045 -0.01659290709596319 0.9996632568098095 0.019951151983698304 -1.3058130059152915 -0.005314330012126118 -0.020041791694613745 0.9997850191227812 268.0483074048836
0.9998376265630763 0.016638814671229345 0.006918838529634459 1.7186610418830095 -0.016772231980106505 0.9996653613697164 0.01969409960327763 -1.2962712539268766 -0.006588837291380375 -0.01980694588581403 0.9997821123120038 269.5930183053078
0.9998214486144082 0.01708920212241549 0.00806411994482777 1.7313378985360948 -0.0172454599550126 0.9996567542216804 0.019722269107607805 -1.2665312007836136 -0.007724314767342984 -0.019857816842387094 0.9997729752567391 271.12936250807826
0.9997700272717791 0.01968167090949976 0.008516123441927894 1.7376839619371198 -0.019843542968455787 0.999615639746161 0.019359923428476606 -1.267214510664711 -0.008131815214730135 -0.019524460956501635 0.9997763094755575 272.66761868702696
0.9997205985741631 0.021533082443379082 0.009749415234263474 1.7382048070552327 -0.02172088493982303 0.9995722228145357 0.019585060653503534 -1.2594895286301737 -0.009323518704192329 -0.01979135420363876 0.9997606584986181 274.2169557049495
0.9997132612876143 0.021690266308736435 0.010145319234929558 1.7704863510498359 -0.021883153500260988 0.9995741472895718 0.019304189423767885 -1.2485015353191202 -0.009722286620144314 -0.01952066546489971 0.9997621820949941 275.7674908555542
0.9996930878735516 0.02195270261363077 0.011480803632051789 1.7819320983245428 -0.022162331978725826 0.9995839044361705 0.018462099004598883 -1.2502731568724492 -0.011070734470732306 -0.018710873877215865 0.9997636430799745 277.3352464409019
0.9996905184403 0.021684908506890643 0.01219147365468046 1.8021915378842395 -0.021908488472356512 0.9995885292386092 0.01851459998673881 -1.2459731664836076 -0.011784970792100263 -0.018775966551697394 0.9997542585715753 278.8662937044492
0.9996731271416787 0.02188359447639524 0.013219194650568217 1.8562692245065966 -0.02212456642261346 0.9995865074005867 0.018366214886991028 -1.2466253251997483 -0.012811810877796065 -0.01865268015397604 0.9997439347230362 280.4207285465965
0.9996792885732192 0.02119911042010702 0.013853434970673907 1.872954108289781 -0.02146560892990096 0.9995817349802814 0.01937995850097614 -1.2339630123265717 -0.013436803800847181 -0.01967111526341768 0.9997162094905446 281.961131543754
0.9997138802758821 0.019514583938452065 0.013832517831486195 1.8926455374461961 -0.0197888527851607 0.9996045983856643 0.01997619208158306 -1.2356345038630085 -0.013437222472725979 -0.020244205868583606 0.9997047630027878 283.48464365544663
0.9997129850849918 0.01909489320837356 0.014468326035261488 1.9273512320643063 -0.0193547387263516 0.9996499600090833 0.018037505286645196 -1.2349826983405654 -0.01411883848085618 -0.01831235866227409 0.999732622211277 285.0301070502684
0.999745495750669 0.01760957478399795 0.014101296418952164 1.92246678600429 -0.017825443283561414 0.9997235566586822 0.015331793076901381 -1.2215405089333815 -0.013827413004333579 -0.015579252707712932 0.9997830212254376 286.55701004585416
0.9997513662098928 0.01798751013052596 0.013177829855397463 1.9507315139461885 -0.018197226276936585 0.9997068513326154 0.015970986256463284 -1.2189160978621372 -0.012886689587777255 -0.016206815050072976 0.9997856132046062 288.13633117417226
0.9997580575591355 0.018031464743272153 0.01259732450175995 1.9927814741866319 -0.018230015162297903 0.9997085238618058 0.01582826309902279 -1.220851840275191 -0.01230824693851262 -0.016054082758040066 0.9997953658008186 289.6848521940241
0.9998034045543124 0.016308012551292536 0.011278339237176142 2.019331596351357 -0.016478565957193884 0.9997487044219483 0.015198187768244673 -1.2155002457447381 -0.011027653721166252 -0.015381050511127519 0.9998208910250155 291.2775800345904
0.9997921595629817 0.017163113791297126 0.011002961723575969 2.0479492328696662 -0.0173296746877522 0.9997338993764172 0.01522540168607232 -1.2182691746143925 -0.010738719420088243 -0.015412914759275175 0.9998235454093206 292.82666411593544
0.9998135624380956 0.016310355477158617 0.010335019985066907 2.078194957040771 -0.01646846989860318 0.9997457373236073 0.015402929704688593 -1.202191631628605 -0.010081165754738082 -0.015570259763184168 0.9998279537489847 294.3994292534465
0.9998235592289954 0.016277229129347977 0.009375616933273205 2.090736472171051 -0.01642483443792132 0.999738870227926 0.015887611856767837 -1.2071032953276877 -0.009114563139500887 -0.01603880136100022 0.9998298263094072 295.97294365244846
0.9998388627376874 0.015965290148229092 0.00820719455574439 2.110000959433154 -0.016105786886457626 0.9997197965077258 0.017347395812435593 -1.2023614148755726 -0.007927939321898293 -0.01747678357696422 0.9998158379417549 297.5367948206433
0.9998311709462288 0.016752279707453757 0.007549218473542909 2.09928767420775 -0.01689223311259416 0.9996791851407522 0.01887271319579951 -1.1969682971907398 -0.0072306362013005955 -0.01899704981983795 0.9997933936474191 299.1127379916805
0.9998128242267849 0.017555567057940074 0.008131331032769399 2.136238183457358 -0.017704399741871713 0.9996700915028051 0.018608128158318915 -1.1853277747927744 -0.007801972842931155 -0.01874860523440724 0.9997937882409001 300.728960134671
0.9997895986701529 0.018342526463570475 0.009182051920155358 2.1323078680949914 -0.018511003862374517 0.9996553978531442 0.01861258528394033 -1.1797752724774486 -0.008837486660726023 -0.018778637901345364 0.999784607589386 302.3417891374508
0.9997731657188295 0.018925111805602673 0.00977022069481102 2.189233901597065 -0.01910664825039785 0.9996400426273376 0.0188340442549335 -1.1664926898624959 -0.009410268219819516 -0.01901644794639669 0.9997748854339443 303.90261845094875
0.9998216231171793 0.016135692325311576 0.009816381755747129 2.197830182268536 -0.016307389561472506 0.9997108847967984 0.01766963235834963 -1.1645589868953479 -0.009528432731465357 -0.0178265598107023 0.9997956904895862 305.5075817538673
0.9998568765089301 0.01351432045415939 0.010177898500589377 2.2319803860920224 -0.013681588756642498 0.9997694615135646 0.016548050884827914 -1.1668064238047398 -0.00995191726929475 -0.016684932052665507 0.999811268376951 307.1338561754885
0.9998765237984236 0.01187055320479813 0.010296946379581211 2.236191718268792 -0.012024609226106113 0.999814727624358 0.015030609653599057 -1.153563512098025 -0.010116617831226488 -0.015152570270288903 0.9998340130483362 308.7131140155121
0.9998728124098182 0.013672129014752898 0.008211691124853211 2.2720931076476263 -0.013792299617573224 0.9997959357717694 0.014760058192449944 -1.1569603821419014 -0.008008214658311147 -0.014871438787826074 0.9998573442220583 310.3318017816972
0.9998761276529714 0.014482564257933284 0.006163169709800933 2.2807825748559307 -0.014574770217468407 0.9997784210695578 0.015188313657869134 -1.1664690866033565 -0.005941838845132975 -0.015276258809674158 0.9998656562030023 311.91828775764174
0.9998656284241552 0.015382428018148844 0.005666213952102681 2.290313688178877 -0.015480130322150079 0.9997248685931212 0.017622506127865187 -1.1524100108379598 -0.005393578512843218 -0.017707851640844468 0.9998286559627231 313.56233760195045
0.9998966436961664 0.013175957630275837 0.005752916487895274 2.3081184649992075 -0.013297316779469994 0.9996784179973165 0.021592637548847556 -1.1439625900851755 -0.005466563229101289 -0.0216669038553172 0.9997502997958388 315.21016168480014
0.9998962806003878 0.013017047220051479 0.006163157128703426 2.3195357033522166 -0.013150072674459128 0.9996701821628365 0.022059068948834137 -1.134606033077812 -0.005873980954668462 -0.02213782664147493 0.9997376720705352 316.7987672477087
0.9999079406688401 0.012017027365617092 0.006300890863327376 2.335072285142346 -0.01214857328213242 0.9996999122368545 0.021271992784213833 -1.1221020923561158 -0.006043374425474242 -0.021346581026333303 0.9997538702515154 318.44202677319277
0.9999071588802215 0.011841974307451066 0.0067410125105326684 2.3596211662757494 -0.011981764687887081 0.9997058041322281 0.02108891971724644 -1.099007716844267 -0.006489295426249771 -0.021167730719693884 0.9997548780578298 320.0694345694822
0.9999041635984088 0.011805071340340156 0.007232143112767439 2.377754808767839 -0.011957109429588587 0.9997004974850777 0.021352819439365588 -1.087342051167364 -0.006977906091054141 -0.021437248280396698 0.999745844298504 321.69796475438676
0.9999030315640386 0.011603717272575158 0.0076994285082583065 2.3905721903407797 -0.011768069884292371 0.9996962291556466 0.02165552998605447 -1.0849123419267448 -0.007445805618405074 -0.021744037183255908 0.9997358435131843 323.33739121427345
0.9998841664456284 0.01286368556799645 0.00813506400480312 2.3965012949737416 -0.013032442299453727 0.9996936247384696 0.02104310202954575 -1.075339638541264 -0.007861880428337688 -0.02114668398069872 0.9997454718943583 324.9521711098306
0.9998723056085844 0.013262822570485151 0.008914594440291957 2.414552644631571 -0.013445493106087891 0.9996942113118887 0.020753376192313436 -1.070277484447549 -0.00863662083048968 -0.02087058692094856 0.999744881139115 326.5508649455358
0.9998699121662797 0.012825059889273599 0.00978143972720161 2.435226048181951 -0.013037456797008086 0.9996736481565632 0.02196865815008156 -1.0688523752589647 -0.009496498970532796 -0.022093325075287145 0.999710808921968 328.22059865643115
0.9998860181701663 0.0118778832231972 0.009320222127053393 2.4776156177790765 -0.012087652530582004 0.9996673594020238 0.022782871648569413 -1.0573512852192664 -0.009046510307199546 -0.022892934092486356 0.9996969911924697 329.8635396420819
0.9998858150614013 0.011882717728036748 0.009335836380073358 2.4908664106769276 -0.012087970684980362 0.9996794578004717 0.022245508621134294 -1.034690263784695 -0.009068507506062671 -0.022355819514096948 0.9997089473869906 331.486731901012
0.9998777178325549 0.012536469307592892 0.0093480639816602 2.521941929712339 -0.012743359639241461 0.9996676261806863 0.02241080075618335 -1.0321774251244094 -0.009064005368659084 -0.022527185732300323 0.9997051413739749 333.09532129215523
0.9998600986735717 0.014012365786534711 0.00913436713128123 2.533208364745042 -0.014199389420915072 0.9996840275422788 0.020741804591032198 -1.003819796511018 -0.008840839905191912 -0.020868604921526417 0.9997431374409528 334.70279534543135
0.9998333458512705 0.01599274303838538 0.008804127773317865 2.537320954090785 -0.016150668362714903 0.9997044861835592 0.018168551378794837 -1.0299983987558585 -0.008510961765344162 -0.018307715800140973 0.9997961747560464 336.34985661044726
0.9998294021825317 0.016928930646913032 0.007387679520107647 2.562069532292319 -0.017062459819950516 0.9996850697617096 0.018402005515069375 -1.018399893431801 -0.007073827227625963 -0.01852491789301304 0.9998033748535929 337.975550809617
0.9998368269976395 0.016690750437758833 0.006909283646110785 2.576371836183352 -0.016838604252862654 0.9996178127765319 0.02192463995246447 -1.0196106936904183 -0.006540704854057007 -0.022037404820155954 0.9997357510597747 339.59648115652413
0.9998340469698608 0.017063433839840672 0.006381043487642088 2.5877787341899894 -0.017216399634662673 0.9995456916669863 0.02473875318419551 -0.9975186754065424 -0.005956016940845152 -0.024844505951357017 0.9996735849066847 341.20436765569156
0.9998319535600071 0.01770228524718507 0.004763791202091148 2.600787046622018 -0.01781379681049197 0.9995415177196411 0.024483117757358803 -0.9889130846300996 -0.004328200310082939 -0.024563864312728483 0.9996888932191264 342.82493291464147
0.9998339224291657 0.017925005480620346 0.0032896363421009846 2.6016272907804816 -0.017996845868482377 0.9995667499461746 0.023290040725816426 -0.9856263216610625 -0.0028707372333186742 -0.023345375515954954 0.9997233378714031 344.41213439810707
0.9998586182142574 0.01675584840356657 0.001408935681985718 2.6140891965050708 -0.016784915099197276 0.9995694860580367 0.02406468823643438 -0.9526454393842996 -0.0010051049257525022 -0.024084934448024287 0.9997094106142981 345.9862090798769
0.9998736629625868 0.015888007387641716 0.00047886364569548964 2.625853474108593 -0.015895004605778584 0.9995642420070678 0.024873177940242623 -0.9638864358702086 -8.346974349423414e-05 -0.024877646719224412 0.9996904999547235 347.5951586846023
0.999880496299982 0.015454950768730083 0.00037093435772839797 2.6297629443514956 -0.015459398848122096 0.9995746897731334 0.024727446331597763 -0.9451938973287953 1.138487659757114e-05 -0.024730225377245178 0.999694161129609 349.1956610520638
0.9998853621286203 0.015128113577716654 -0.000634631953120952 2.6291199075038856 -0.015108724002687429 0.9996024112468866 0.023806426358308746 -0.9408141718413995 0.0009945260410955505 -0.02379410841953289 0.9997163854302485 350.8234074674034
0.9998873240148418 0.015010959984292633 -0.0001016493978985818 2.620971198708248 -0.01500427635642417 0.9996034015815193 0.023830889302233333 -0.9094367222449921 0.0004593336534279022 -0.023826678615442295 0.9997159988585166 352.389766760819
0.9998947134254826 0.014504396412376913 -0.00042956678167441024 2.646748737022986 -0.014490273798778312 0.9996180237358497 0.023533776429417827 -0.8939153187432354 0.000770745989482677 -0.02352507376049928 0.9997229500370031 353.97500817432194
0.9998944618958626 0.014522088063672814 -0.0004171418761460908 2.636567818606112 -0.014508464622731141 0.9996243074328045 0.02325399941515432 -0.8928997234516709 0.0007546818547557793 -0.02324549281011064 0.9997295021630599 355.56861799850134
0.9998965228563049 0.014383558344034394 -0.000238345966062415 2.638621124315214 -0.014374487854321407 0.9996407410074016 0.022622180727670145 -0.891924718375928 0.0005636478468243602 -0.02261641342303547 0.99974405730749 357.16995676328423
0.9998997277617625 0.014157799373275298 -0.00030185928683956927 2.6467329526885943 -0.014147120091171488 0.9996355826074208 0.022990455017112697 -0.866573805026688 0.0006272435912684331 -0.022983878942989405 0.9997356389818238 358.7296173310834
0.9998988517948058 0.014209507246078924 -0.0006132398639127857 2.6621106964615247 -0.014192689945334151 0.9996597799297595 0.021883600827279737 -0.8463798264125916 0.0009239864943719617 -0.021872683503026367 0.9997603372524783 360.39448962939883
0.9999090681211458 0.013480505824532038 -0.00036253799567877425 2.660334521343541 -0.013469636526015053 0.9996793725154525 0.02144110768326345 -0.8534975225835438 0.0006514587924021393 -0.021434274440183906 0.9997700472903588 361.94040845326094
0.9999234964463853 0.012355131603682559 -0.000593264039340762 2.6573327355134513 -0.01233892276241034 0.9996774588493239 0.022197506425179755 -0.829704659434851 0.000867325877460288 -0.022188487678917027 0.9997534289702343 363.525927217621
0.9999626148500139 0.008646189178654203 0.00011094007918967252 2.6545277130203515 -0.008646389779773821 0.999681497924393 0.0237095483674997 -0.8393364249691477 9.409250691816851e-05 -0.023709620871927538 0.9997188829864347 365.1413028542689
0.9999623730467956 0.008651365103341434 -0.0006374675090258276 2.679862876867371 -0.008634287412356985 0.9996945805153683 0.02315588047700008 -0.8192087040285742 0.0008376028635263327 -0.023149504780476258 0.9997316634106999 366.7171948984026
0.9999535380357334 0.009638553149555694 0.00014161187160169515 2.68259355493999 -0.009639279364954767 0.9996942040607344 0.022772410797926836 -0.8134156137260214 7.79245344961826e-05 -0.02277271745542293 0.9997406649945235 368.32023176102814
0.999939730406719 0.010970815390105991 0.00042041899786151964 2.6654411410463945 -0.010977711349819135 0.9996570422070584 0.02377578297964047 -0.7869578458026599 -0.00015943509552301168 -0.023778964918996177 0.9997172277112026 369.9030315674149
0.9999193284805035 0.012564114043254655 0.0018653563570810204 2.676325919715455 -0.012605824891913113 0.9996240899574127 0.024346909395450294 -0.7786793452893809 -0.0015587579307143277 -0.02436845929835879 0.9997018297666086 371.5053719844139
0.999918124352135 0.012696526625562405 0.0015946122816036922 2.671679679005062 -0.012731358485661702 0.9996270758088358 0.02415826696043458 -0.763219558711262 -0.0012872916357028405 -0.024176590219568608 0.9997068747085215 373.08627458128507
0.9999203275498248 0.01250404702648187 0.0017283939588880375 2.6746861900796435 -0.012541726383506606 0.999636921563619 0.023848064633694942 -0.7502339408813895 -0.0014295692099093923 -0.023867841300793967 0.9997141003596014 374.72825720367933
0.999913934774262 0.012942899359822084 0.00214578293738408 2.6886160946753805 -0.012990390960775117 0.9996315424668304 0.023833360858537336 -0.7363999468742934 -0.0018365196656856134 -0.023859183851162192 0.999713642257488 376.37150679140024
0.9999032856512865 0.013751802594197008 0.0020753917819076647 2.698696218316165 -0.013797298264850346 0.9996219299872433 0.023783012697247054 -0.7224851570771589 -0.001747547984247832 -0.023809346995903525 0.9997149899076274 377.9704426459722
0.9999000790977914 0.013853562658897275 0.002812579506164768 2.705701610481638 -0.013916448469102833 0.9996215913379681 0.023727760892856938 -0.6869173007393744 -0.002482801382411518 -0.023764530769821005 0.9997145006195319 379.58702263611525
0.9998801753604583 0.015195919856905968 0.0029527815010416836 2.7086094025357466 -0.015262190196483078 0.9995980346280795 0.023892148630801576 -0.6928351380878762 -0.002588531620673776 -0.023934351331852732 0.9997101811547744 381.17178154573577
0.9998646651579434 0.016120531735276163 0.0032832605795733807 2.744197467766696 -0.016194397826921305 0.9995838196589029 0.02387318592263671 -0.6721492485947851 -0.0028970459366281197 -0.0239231251333937 0.9997096034263502 382.80215566791605
0.9998386318088531 0.017535743895959754 0.003899743412450973 2.744989942715709 -0.017623895261814147 0.9995601281601996 0.023852642701159082 -0.6650672968314981 -0.003479754476627821 -0.023917521969757136 0.9997078790456135 384.4528648949519
0.999827213280542 0.018118012332729628 0.004157063956050238 2.740135288550437 -0.018211664498214007 0.9995527395182631 0.023720376373109062 -0.6589258928956965 -0.003725438899456431 -0.0237919845200399 0.9997099892229268 386.0385843996193
0.9998091683841227 0.019065602340850585 0.004257885261251818 2.752609009791568 -0.019164174201315522 0.9995172876857338 0.024452527611583397 -0.6295457807560106 -0.003789628070465815 -0.024529459799483216 0.9996919246920548 387.64222777696614
0.9997884663929566 0.020017051714203808 0.004726528212568944 2.7717457352712342 -0.020129916510184896 0.9994802735162416 0.025178748579024763 -0.6145045819897466 -0.004220067744511779 -0.0252685666836735 0.9996717914088187 389.3020256028695
0.9997564884194126 0.02155183954942515 0.004741521876514449 2.7734130472629674 -0.02166291502867334 0.9994583040753988 0.02477532239355398 -0.6101032179239145 -0.004204999984844445 -0.02487200414504008 0.9996818000534149 390.9332674617916
0.9997464415596401 0.021874122848292567 0.0053455861417767 2.7793516592897056 -0.022000893451846824 0.9994469751533979 0.024934005258547148 -0.5907230673095715 -0.004797220799589605 -0.025045290343640014 0.9996748071634443 392.5766177930662
