1.0 -6.776263578034403e-21 8.673617379884035e-19 -8.673617379884035e-19 0.0 1.0 -1.828002979293187e-19 0.0 0.0 1.0683203047244863e-19 1.0000000000000002 5.551115123125783e-17
0.9999988877925502 -0.0012082606581118119 0.0008743683301945422 0.008032942788261518 0.0012071638910646338 0.9999984852041516 0.0012539321373226408 -0.012834949545315506 -0.0008758821563601164 -0.001252875218434161 0.9999988315657876 0.4890479685886405
0.9999979367170109 -0.0017430219474931252 0.0010432814707654363 0.03540564094647366 0.0017411797823516516 0.9999969279120164 0.0017642168516497697 -0.02097791868524819 -0.0010463534226587837 -0.0017623966451034696 0.9999978995482741 1.737999644207282
0.9999967202807788 -0.0025015353939686737 0.0005493158772744275 0.03148810103655934 0.0025006417524814253 0.9999955579833115 0.0016219760428237886 -0.047355587873120025 -0.0005533709149212942 -0.0016205970570222473 0.9999985337211365 3.078462383529617
0.9999944568617167 -0.003178938215412216 0.0009902509644573072 0.034890422464085386 0.0031771099694248768 0.9999932552054918 0.0018426931718145392 -0.058959416007952306 -0.0009961021777189997 -0.001839536794039469 0.9999978119391895 4.395518314621202
0.9999941018555452 -0.0033059156108509865 0.0009312224821795565 0.0375219498489095 0.0033036581971459464 0.999991625126572 0.002415682536938943 -0.07603341795134631 -0.0009392008057564133 -0.0024125918125229447 0.9999966486446299 5.712403674199292
0.9999886289607899 -0.004687968060328476 0.0008745871613162533 0.05199330680801049 0.004684677249642776 0.9999820774915206 0.0037280691834314854 -0.0994046499890828 -0.0008920486321608899 -0.0037239295779863454 0.9999926682704187 7.047803742796393
0.9999883196995495 -0.00472385351658221 0.001022580335795561 0.05345735509952066 0.004719532538910657 0.9999800932814213 0.004187965966478886 -0.10575069646364804 -0.0010423434063161312 -0.004183090887105874 0.9999907075904725 8.388708398860164
0.9999923809263827 -0.0038625582601665666 0.0005645631942585621 0.0644087486265369 0.0038607128525102916 0.999987315635117 0.00323472859369442 -0.1281361788658429 -0.0005770504104887957 -0.00323252428411059 0.999994608883926 9.70785630677166
0.9999993874654776 -0.0008536690350679207 0.0007044984093687945 0.060699372345234655 0.0008529967292089744 0.9999991809752131 0.0009541730712077912 -0.14321382961683604 -0.0007053124397461219 -0.0009535715379285283 0.9999992966171312 11.027311271692053
0.999997013876028 0.002377045826256857 0.0005673550949914247 0.061697477939485226 -0.0023771688752544005 0.9999971512251369 0.0002158945600667201 -0.16493866776618626 -0.0005668403340827795 -0.000217242611565628 0.9999998157486503 12.374985860553057
0.9999880438493013 0.004855952712301344 0.0005760899071342177 0.06418056998789233 -0.004856021058805876 0.9999882026786308 0.00011647077672525646 -0.1824285896521391 -0.000575517580691666 -0.00011926688811450419 0.9999998272773065 13.718411493603409
0.9999844820736468 0.005464221462856066 0.001085307833904146 0.05656780886317011 -0.005465402388158741 0.9999844730937337 0.0010876359295358888 -0.19943600902440212 -0.0010793479872769239 -0.0010935506809260274 0.9999988195761581 15.064899362164647
0.9999934156489532 0.0033656226210069065 0.0013569238640751477 0.07242593456961857 -0.003370850573247266 0.9999868345913714 0.0038688518246210077 -0.21305943765467128 -0.0013438850157414762 -0.0038734002828806654 0.9999915953346579 16.41293923284263
0.9999981880215777 -0.0012760376019015185 0.001412686030555669 0.0762523734855658 0.0012677722442855522 0.9999821643493477 0.005836415129145531 -0.2295619390603477 -0.0014201084389331249 -0.005834613504798114 0.9999819701235724 17.78073973803664
0.9999952311610361 -0.002775515876198481 0.0013543140041874817 0.09285143039356686 0.0027698755173473214 0.9999875559409837 0.004149187483119355 -0.252324957425684 -0.001365813402132444 -0.004145416354531941 0.9999904749913416 19.11729514397414
0.9999912764263154 -0.0037676215377054636 0.0018033574933989643 0.10596378623740293 0.003764199683804715 0.9999911154065527 0.0018973432741934278 -0.2633867877552947 -0.0018104900956567001 -0.0018905384967589768 0.9999965739881178 20.469779369507613
0.9999979958339271 -0.0012843141261297158 0.001535859886446939 0.1051303558622329 0.0012822958100286936 0.9999983139373424 0.0013144736795853268 -0.2992750073244809 -0.0015375456232321928 -0.0013125015992061294 0.9999979566437353 21.841247143246083
0.9999962983578832 0.0008700131186694437 0.0025780512165460385 0.10768194085260313 -0.0008762779345359955 0.9999966638724888 0.002429893572557659 -0.29483948197432586 -0.0025759287919708013 -0.002432143632300952 0.9999937246132802 23.198920831063262
0.9999926073871512 0.00070819866507353 0.0037793684552116314 0.12815497045834529 -0.0007335437610286067 0.9999772254483447 0.006708986785282513 -0.29695247210581754 -0.0037745314021564672 -0.006711709423425455 0.9999703524923043 24.56430802694896
0.999993359882285 -0.000973473807606592 0.003511771678260563 0.144348765333196 0.0009451376074588938 0.9999670581085603 0.00806160154147112 -0.3074150420931383 -0.003519504046903036 -0.008058228787111871 0.9999613382691573 25.949968620123023
0.9999822746158166 -0.004925887726307635 0.00334456009893911 0.1385698969309612 0.004900362272648525 0.9999591287189346 0.007597851663973996 -0.3411925266241713 -0.0033818498517209057 -0.007581327322248334 0.9999655426868478 27.327135070909595
0.9999784336545096 -0.0057358778342030264 0.003198738577812488 0.14237653481750828 0.005721492812124717 0.9999735589105266 0.004488430298043494 -0.3280604052282273 -0.003224399359620538 -0.00447003187336708 0.9999848109146221 28.70826025153026
0.9999795281440177 -0.005017793994323797 0.003970520625254611 0.15122582854156533 0.005006088912079803 0.9999831105082737 0.0029525881365492453 -0.3715339858629231 -0.003985269379749195 -0.0029326508688627554 0.9999877585172797 30.092449612777784
0.9999870595516286 -0.0028061244196778082 0.004243394206080041 0.16777368114666685 0.002799219211566374 0.9999947497856425 0.0016324138358925979 -0.3631485463730894 -0.004247953040440932 -0.0016205144971275772 0.9999896643597851 31.44778289208447
0.999988947949296 -0.0003554234987861541 0.00468803299498392 0.17915892179889 0.00035435828336847575 0.9999999112102848 0.00022805658422743086 -0.40243117750420115 -0.004688114028155504 -0.00022639281706413172 0.9999889851058411 32.837126423341715
0.9999872689401983 -0.00022416018729552663 0.005041002832420337 0.18110395932092765 0.00022220139005509998 0.9999998996006401 0.0003891343436763776 -0.40774708619750044 -0.005041089976999905 -0.0003880092660865405 0.9999872183485873 34.24163905932882
0.9999890468611105 -0.0004884860442331895 0.004654840401083188 0.19751842191265995 0.0004788706296222424 0.9999977499589098 0.0020665821060465374 -0.43269184447021625 -0.004655839814111917 -0.0020643303741417905 0.999987030763 35.62776950993548
0.9999890908945248 0.0003325742296613507 0.0046591293504012294 0.19179356266345504 -0.0003494543855709847 0.9999933770307377 0.003622675680726671 -0.4415212161696449 -0.0046578940745256436 -0.0036242642613368977 0.9999825842126355 37.011096026979565
0.9999855424275028 0.002988589053508308 0.00447026516360772 0.20917910919215926 -0.0030068534801789243 0.9999871374866909 0.004084568199061073 -0.458669428736269 -0.0044580009412309544 -0.004097950519714915 0.9999816663448909 38.41655777294248
0.9999744699142008 0.00537752859402051 0.004705497123405697 0.21622518413169545 -0.005396701425778639 0.9999771498823434 0.00407128148333001 -0.4741020837858291 -0.004683496559956377 -0.004096571647909741 0.9999806412913959 39.81103715849396
0.9999592829042397 0.007659550637618197 0.004771143664802968 0.22556971370939488 -0.007681765800084723 0.9999596589868466 0.004655199516255327 -0.4875550832935626 -0.00473529484943304 -0.004691660711811872 0.9999777824025985 41.22329077644716
0.9999499109986654 0.008926730809542996 0.004526473577694028 0.22438591010004166 -0.008948665972851643 0.999948203422629 0.004848903054276532 -0.5016274290184656 -0.00448295464180198 -0.004889166008557563 0.9999779993427452 42.62730827464904
0.999962298592612 0.007682465518939053 0.004047358564132962 0.2335457616412237 -0.007702628005236878 0.9999578856097128 0.004989643125126911 -0.5140023597152825 -0.004008855683810645 -0.005020630234750674 0.9999793609590076 44.06185789680351
0.9999697860658446 0.007044896529887846 0.0032857851144146573 0.25428499328763327 -0.007060033177486767 0.9999644149619548 0.004617872868633932 -0.5349376458367662 -0.0032531360229949868 -0.004640931030594029 0.9999839393016151 45.4488622927163
0.9999714626915006 0.0072083274866162434 0.002261374099258446 0.2702750576125115 -0.007220502993378118 0.9999592287804189 0.005422649058413269 -0.55292654670506 -0.0022221938535392036 -0.005438822491677107 0.9999827403808589 46.88426219229359
0.9999738433504056 0.007095376741107673 0.0014029395408533913 0.2708867276401046 -0.007103861760962972 0.9999559292326384 0.006137976087918968 -0.5656912070569663 -0.0013593265707564119 -0.006147781739916961 0.9999801783063669 48.27770174982009
0.9999726390241195 0.00738058273620163 0.000498193165299231 0.2556670453741907 -0.0073836562390524755 0.9999517643406544 0.006476930070716546 -0.5731634580814369 -0.0004503656514319339 -0.006480431250229855 0.9999789003654969 49.695505630387416
0.9999710960434314 0.007597689462767019 -0.0002866822797167254 0.2596801369745164 -0.007595596262551102 0.9999486473838808 0.006708913747361516 -0.5867094826300614 0.00033763983211520295 -0.006706542214692277 0.9999774538886149 51.1260645029368
0.9999643930159087 0.008202921844024548 -0.0019811021731147285 0.28432762452684274 -0.00818713610169265 0.9999356769386887 0.007849382185480175 -0.602997627389256 0.002045362785379707 -0.007832883027670247 0.9999672306776869 52.5587722742779
0.9999765676554065 0.0064394532768459346 -0.002323268422783408 0.27576604264197896 -0.006418917583805178 0.999941193130543 0.008741154907123379 -0.6125301650766657 0.002379420258821617 -0.008726037087705321 0.9999590964784648 54.00326706676698
0.9999848747664563 0.00451121562668358 -0.003146294299830419 0.2760412668226088 -0.004482515983710803 0.9999488194635451 0.009070033823609349 -0.6198481978301833 0.003187050417633867 -0.009055793192462792 0.9999539165950154 55.414563210987914
0.9999925692299925 0.0023979348332964423 -0.003018508046566409 0.2586979297697418 -0.002371356850962414 0.9999586601367696 0.008778080206118763 -0.6335343237859483 0.0030394327815471012 -0.008770856891928424 0.9999569160280416 56.83807333671589
0.9999945706872935 0.001145055419881782 -0.0030898935078457626 0.2691030442820566 -0.0011171097838270118 0.9999585969453363 0.009030862008005135 -0.6412020859743167 0.0031001066743310867 -0.00902736109584624 0.9999544470047733 58.28196798708723
0.9999954998079071 -0.00023594484616069016 -0.0029907678025869145 0.2705320095130244 0.00026410680738176085 0.9999556016452988 0.009419394556721411 -0.6452143152486962 0.0029884128099951822 -0.009420141913299523 0.9999511639620673 59.689169753163156
0.9999966078937567 -0.0012441436605515961 -0.0022882976328113458 0.27388444456502503 0.0012685975523667996 0.9999417749422663 0.01071622111814054 -0.6651849784470741 0.0022748320680350837 -0.010719087540873841 0.999939961344348 61.129322998406096
0.9999931999915281 -0.0030418321532784936 -0.0020850001869499625 0.2831627610160202 0.0030634000006854204 0.999941015692613 0.010420207580519847 -0.6768432753168463 0.0020531808530465257 -0.010426523760998587 0.9999435344272004 62.52346206110453
0.999989862699553 -0.004178572539613526 -0.001677506204786127 0.2868895418640758 0.004194626579222555 0.9999443179753029 0.009683288015649308 -0.6833779079015487 0.0016369506120379228 -0.009690226224208356 0.9999517087844714 63.94436384810103
0.9999896881569497 -0.004506509562601593 -0.0005612032564953021 0.2873259128992365 0.004511666191139253 0.9999441911730708 0.009552979513349597 -0.6947050343599432 0.0005181213846469131 -0.009555412827015865 0.9999542117657192 65.38428818265486
0.9999958286724447 -0.002884015323575876 -0.00015840595383819888 0.29658795545881983 0.002885396506473193 0.9999502633177091 0.00954700931295848 -0.7070934427573004 0.00013086436402225034 -0.009547426414406705 0.999954413718586 66.78425826010485
0.9999998613142506 -0.0002571260247199044 0.0004596279379825855 0.2820063552949158 0.00025216359669284565 0.9999420311779588 0.010764325645659748 -0.7154222881328134 -0.00046236912097426773 -0.010764208095421241 0.9999419573301909 68.22375650262978
0.9999926655531755 0.003613693850492586 0.0012688796968011165 0.2826889261434084 -0.003628903674529725 0.9999190394695475 0.012196129573705283 -0.729130268792183 -0.0012247039904648175 -0.012200644588034867 0.9999248193542042 69.60890480740342
0.9999775990840448 0.006438683753508204 0.0018288460819966225 0.28919748819876956 -0.006461736166208614 0.9998960226154398 0.012891467691742075 -0.7300195704877683 -0.0017456519836699207 -0.01290299624629855 0.9999152290944243 71.0218946029212
0.9999344932774754 0.011208122141756538 0.002321021346802234 0.2911580983763764 -0.01123702993171879 0.9998544191893359 0.012840156143949096 -0.738974546794248 -0.002176769590532702 -0.01286539622957503 0.9999148679972492 72.41756305597539
0.999876913223804 0.015354160122745961 0.003226165867836225 0.29149034067126034 -0.015393099294711983 0.9998044705957094 0.012412618791484985 -0.7499830219299672 -0.0030349499697324856 -0.012460751476269736 0.99991775598784 73.80087556997849
0.9998523498874409 0.01667173402477408 0.004163133683349746 0.2903203744714225 -0.016722650073101586 0.9997819008771065 0.012510143552794421 -0.7567376938393369 -0.003953660246736098 -0.012577914877508081 0.9999130785305651 75.22737862306548
0.9998434213594762 0.017152398436491925 0.0043506279194957306 0.296418821017421 -0.017207332993451046 0.9997684643045566 0.012919965713403262 -0.7617670227688405 -0.004128012533675459 -0.01299280524118254 0.9999070689381945 76.62214613869276
0.9998530485302763 0.01650163724532928 0.00464513575945139 0.2903480289034778 -0.016561868810977383 0.9997751647838082 0.013241012872212897 -0.7768009318970585 -0.0044255933428693 -0.013315999025270047 0.9999015442939123 77.9978849842758
0.9998749611904636 0.015200337148194161 0.0043602422395482955 0.29929309704194257 -0.0152520971518855 0.9998105406251807 0.012093652087610826 -0.7778338023687914 -0.004175588905926153 -0.012158642576812673 0.9999173625140116 79.38599131550826
0.9998793170431477 0.015035426217521724 0.0039098958867705095 0.3247982704356538 -0.015082261147834838 0.9998113597819308 0.012238066958704939 -0.7885019147334826 -0.0037251540769244296 -0.012295559928227312 0.9999174678051607 80.77333933996253
0.9998881788343864 0.014509514582162365 0.003619916227771519 0.3283948165005704 -0.01455353930533562 0.9998166179478175 0.012446887200121376 -0.7922394500371135 -0.003438654391538588 -0.012498177789559287 0.9999159820686777 82.16721181923488
0.9998859812585258 0.014780309346039548 0.003093043367016962 0.3385741493958669 -0.014816993238315628 0.9998158728350132 0.012193324850991246 -0.8037623552414617 -0.002912252979041431 -0.012237764011684525 0.9999208748212209 83.56050828869891
0.9998900459095862 0.014615745657280833 0.0025052044393666373 0.33505109952739864 -0.01464597333068643 0.9998145491553787 0.012504510971908266 -0.8016731480459593 -0.002321977284365801 -0.012539827028371349 0.9999186772672518 84.93531180743243
0.9999064896408232 0.01361931998030817 0.0012353459320190788 0.34869069977081935 -0.01363438432469841 0.9998207373950628 0.013137605146327393 -0.8098018685595445 -0.0010561993159973046 -0.013153219637476536 0.9999129348317985 86.2955144187918
0.9999274777559674 0.012033713283639216 0.0004784967419593309 0.3530576445299671 -0.012039355858215679 0.9998239313336763 0.014393063276108389 -0.8205556656849993 -0.0003052105181917848 -0.01439778004520354 0.9998963000046032 87.66152180199792
0.999955249687226 0.009440159906199666 -0.0006180573309961107 0.35203773231951796 -0.00942978442762829 0.9998421236974063 0.01506010852072121 -0.8213469354104154 0.00076012965405716 -0.015053606212557307 0.999886399112018 89.05575712763765
0.9999669755807261 0.007912950034720997 -0.00185282554730983 0.3657174152911184 -0.007883915484253783 0.9998536020008948 0.01518612731226032 -0.823926090497867 0.0019727215320241905 -0.015171018061009817 0.9998829674355163 90.41586372756016
0.9999687216608741 0.007593448700748376 -0.0022125166202826554 0.3689765772266388 -0.007559654089594665 0.9998603768208981 0.014902298919019558 -0.8280766252013707 0.0023253677414854478 -0.01488510672543056 0.9998865066847019 91.77778277694578
0.9999797692559282 0.005831139260658092 -0.002541434417839391 0.3635037895670386 -0.0057931243406831095 0.9998749112814215 0.014717388262808915 -0.840045587350059 0.0026269358756428485 -0.014702367461703713 0.99988846357325 93.11393670772266
0.9999778766128323 0.0061309957398670515 -0.00258014938733705 0.3585469810675757 -0.006092375821887729 0.9998731083400353 0.014719041835856402 -0.8419474688944713 0.0026700645964728093 -0.014702996749295738 0.9998883400808433 94.50306302040399
0.9999805201741088 0.005700518247956549 -0.0025423137666240395 0.36035157116883415 -0.005664744653921289 0.999887851680683 0.013863431942453883 -0.8458285827364614 0.0026210576187033485 -0.01384876012742924 0.999900666010779 95.84554483343229
0.9999759197749463 0.006557470582743129 -0.0022714410079583067 0.35549261112180336 -0.006526706929112138 0.9998902973403022 0.013296443043666535 -0.8548084319244316 0.0023583830587924157 -0.013281297641476357 0.999909018436993 97.19341415944682
0.9999749800082257 0.006809285033694694 -0.001916504437090993 0.34602253299475605 -0.006782652280966801 0.999884834063075 0.01357623863830646 -0.849558634241502 0.002008728370283675 -0.013562899782621577 0.9999060019564693 98.53497995710099
0.9999644350037438 0.008186572271288823 -0.002027006254898619 0.34230011563049567 -0.008155686023093087 0.9998571538431061 0.014803942532838402 -0.852989069797278 0.0021479104330850516 -0.014786884191518754 0.9998883610304464 99.90040282364794
0.999958372512432 0.008975931228677089 -0.0016388691444761648 0.33779022200290953 -0.008948002798712424 0.9998267745976344 0.01632035743955799 -0.860231771402915 0.0017850758094027554 -0.01630501322397657 0.999865470967752 101.24980749475765
0.999964258466132 0.00826861186763555 -0.0017640409241179503 0.3428325347937256 -0.008240214251906922 0.999845287391076 0.015540275807795635 -0.8691129224338215 0.0018922646751282973 -0.015525184076083314 0.9998776865098246 102.58270743720557
0.9999577020139051 0.00906459934052377 -0.0015579515294934934 0.3538131816878737 -0.009042770189655316 0.999868113158695 0.013490167383998782 -0.8797915553292239 0.001680029162492054 -0.013475508386020981 0.9999077898308267 103.91728720578604
0.9999693096860499 0.007653482847359478 -0.0016744789206066335 0.34927032930300966 -0.007633045103314988 0.999900182627175 0.011889550909996775 -0.8740850657413423 0.0017653084030431953 -0.011876404472293517 0.9999279147485877 105.2367298401604
0.9999809639471949 0.005948360802833947 -0.001639738591576157 0.35124098028919204 -0.005926231095676003 0.9998954999265761 0.013185940503422066 -0.8787603692551836 0.0017180021164054562 -0.013175971835656452 0.9999117172150184 106.56799020598538
0.9999938747787857 0.0034515403481240967 -0.0005807518467074125 0.3425432107036147 -0.003442262545575988 0.9998772821485307 0.015283045746792775 -0.8836994361264772 0.0006334306813916479 -0.015280952813783558 0.999883038776356 107.89430164070467
0.9999987725281108 0.0015664301178262793 3.5195584053756765e-05 0.3603772406330708 -0.0015667959824799968 0.9998656956871599 0.01631366770960539 -0.8920697600386495 -9.636636967541579e-06 -0.016313702593371986 0.9998669226448592 109.20997974876184
0.9999985452934664 0.0015183456406571963 0.0007771984883983901 0.35796101729589913 -0.0015298230109610544 0.9998865296554504 0.014986242668938617 -0.8922264426229788 -0.0007543560658362673 -0.014987409627719467 0.9998873979030619 110.55375400730257
0.9999944443705903 0.0028705661726838097 0.0016944253926802263 0.35719375422386973 -0.0028925171644560606 0.9999100392735902 0.013097584395818193 -0.8999875002306487 -0.001656675615950838 -0.013102412595821058 0.9999127872958714 111.87313476677136
0.9999824671049613 0.005320079187729877 0.002600430306561035 0.3582737800298493 -0.005348947162568925 0.9999227126043385 0.011223083127176174 -0.9112103503430027 -0.002540521845965135 -0.011236795756634539 0.9999336378778144 113.23072449592733
0.9999575507670455 0.00824044391933657 0.004122104014604538 0.36025712027998935 -0.008284416891829008 0.9999077204570209 0.010766569709186028 -0.902260869550249 -0.0040330026496338805 -0.01080026174985887 0.9999335424047657 114.53294740680747
0.9999444699136578 0.009107989019709592 0.00530109580107945 0.3609887906281201 -0.009175683145059706 0.9998748376475005 0.012888595659158331 -0.9077161200366825 -0.005183043546509587 -0.012936520944118983 0.9999028865214944 115.89508504618755
0.9999359055464998 0.009235752684505797 0.0065487145195124155 0.3681486144018864 -0.009336376893463848 0.9998362003946422 0.015504982102441852 -0.9123055445193086 -0.006404442195616483 -0.015565129362364215 0.9998583448941161 117.22447765981043
0.9999300871945173 0.00914401747668464 0.00749717664065269 0.3806842362560495 -0.009265501267486235 0.9998236850862933 0.01633246003078047 -0.9161014522692367 -0.007346511088600407 -0.01640078304658251 0.9998385084984095 118.54583926829933
0.9999193794519038 0.009456294203258544 0.00847426014473271 0.4112089853345164 -0.009588569544278598 0.9998306651481303 0.015706698804425368 -0.9153050203340827 -0.00832429868601957 -0.01578668832768544 0.9998407305719746 119.89382659538732
0.9998903757976549 0.011148747302309319 0.009743808521414325 0.41652514183374684 -0.01129777556707246 0.9998179569827669 0.015375733769370748 -0.9160677676872789 -0.009570615356221284 -0.015484131356564177 0.9998343087668293 121.209242123532
0.9998626619163031 0.012753511107812063 0.010583252756207986 0.4396017171155986 -0.012912811396270206 0.9998022619359602 0.01512271007549058 -0.9110546726773484 -0.01038829325875811 -0.015257292479760756 0.9998296346778672 122.53261178203869
0.9998346833304067 0.013748756241455891 0.011898642178618288 0.4516705112923835 -0.013919356951709554 0.9997997756165972 0.014375681246357819 -0.9133578173698088 -0.011698613017826567 -0.014538925946425155 0.9998258658782753 123.82513897383289
0.9998005427955289 0.015321262359966196 0.012811460250736484 0.4838288578932322 -0.01549503427866117 0.9997877723643175 0.013576235833139352 -0.9134691183554293 -0.012600737283502415 -0.013772041774334099 0.9998257609609219 125.19187632049152
0.999787339222979 0.015410762762040982 0.01370345529153465 0.4943589803874467 -0.015595316612882826 0.9997877271746862 0.013464275944140675 -0.9181622624821867 -0.013493052782464585 -0.01367512214963906 0.9998154472493022 126.55955525751119
0.9997843253861308 0.014482477980203856 0.014884908817682022 0.5120069073718678 -0.014693254064259103 0.9997919234533061 0.014149845112333293 -0.918091918903017 -0.014676888020905759 -0.014365500891686304 0.9997890884287708 127.87471221285948
0.999795251766274 0.013080607488472333 0.015438660003368663 0.5374560961124113 -0.01332045151359354 0.999790577484522 0.015535983284323743 -0.9213852118537499 -0.01523220797198227 -0.015738452015802627 0.9997601117103643 129.2395577266094
0.999799223930039 0.012085643817928926 0.015982772381098194 0.560766532333184 -0.012344321332854033 0.9997927890560268 0.016186312510207853 -0.9225059177291108 -0.015783839885490578 -0.016380358929180466 0.999741243642052 130.5668807521461
0.9998245118975475 0.010179202185662104 0.015726704264100465 0.5829439303469908 -0.010440157885816493 0.999807685250434 0.016601073579889086 -0.9258701872418387 -0.01555469540140441 -0.01676234932375622 0.9997385033568956 131.91766675253254
0.9998315725532271 0.009092655312227244 0.01594208650050242 0.6108990967309549 -0.009367162169989141 0.9998076787998631 0.017229675298770956 -0.9238469337133829 -0.01578235831907964 -0.017376105208262622 0.9997244561035874 133.2324045834006
0.9998517511563129 0.00742361630378062 0.015535945774440039 0.6292083952821298 -0.007686466895950058 0.9998271646007443 0.016928058811166744 -0.9230506871545586 -0.015407594487303385 -0.01704496553352234 0.9997360027425133 134.57862651345854
0.9998780100892165 0.006500915795086085 0.014202218783754281 0.6583220245335522 -0.006738692155571272 0.9998368505074171 0.016758950322773917 -0.9196662916093742 -0.014090954351812335 -0.016852610037439427 0.9997586881519828 135.89003944359413
0.9999009214963722 0.005455439291652357 0.012976338501155395 0.6900604503485754 -0.005685182630894142 0.999826572502506 0.017734250385273466 -0.9179750151209999 -0.012877340997333293 -0.01780626589973453 0.9997585263327877 137.27097948684795
0.999916326835052 0.005181486873191748 0.011852911571265846 0.7152579229939249 -0.0053973124514322835 0.9998188926930395 0.01824968090333462 -0.9238705786781565 -0.011756205422992428 -0.01831212749779291 0.9997632007678687 138.61535225893905
0.9999322892587171 0.004037218215235597 0.010914108281963226 0.7199544124723469 -0.004237767416544154 0.9998214496403381 0.01841494464392759 -0.9158392455091005 -0.010837815320218668 -0.018459948940278102 0.9997708597632249 139.94453584208637
0.9999521010221666 0.0030976847059462887 0.009284395848760951 0.7455278267616535 -0.0032650104177653835 0.9998315453955078 0.018061576832490333 -0.9169490368675456 -0.00922688355080824 -0.018091025089192803 0.9997937684427872 141.2697913799468
0.999959241833655 0.003298463829390531 0.008404451446838674 0.7609155775635762 -0.0034482600661149897 0.9998343423304391 0.01787169319716271 -0.906118822731096 -0.008344110749016847 -0.017899945255425896 0.9998049648610513 142.61336738680941
0.9999714790931222 0.000336972323988019 0.007545028039518046 0.7780685981008942 -0.0004517372816352305 0.9998841563169536 0.015214134678560573 -0.9060697504477572 -0.007539027884601591 -0.015217108907784535 0.9998557909231902 143.9791747260324
0.9999720827383024 -0.003855358775779291 0.006400777320771611 0.790343106566552 0.003761528478822188 0.999886234654945 0.01460714434816765 -0.9067843701397762 -0.0064563654583558545 -0.014582659638573647 0.9998728225981576 145.30382012311077
0.9999201566023586 -0.011415090604363746 0.005419973580891386 0.8157504648080556 0.011318804130829736 0.9997832221854929 0.01747550683150656 -0.9100500611356388 -0.005618283619287364 -0.017412763653888406 0.9998326012561913 146.6401811416104
0.9998004653769241 -0.0196482039066111 0.0036024266383923387 0.8440508328613815 0.019576364557551646 0.9996278685124441 0.018997118217391407 -0.9029954211173158 -0.0039743456542226125 -0.018922804939467342 0.9998130485300245 147.96137978424207
0.9997713333122242 -0.021242221541759327 0.002459485143542924 0.8695018916160555 0.021200133052656105 0.9996466848428365 0.016033087685512717 -0.9140129764158754 -0.0027991948127658057 -0.015977279804574245 0.9998684368570142 149.29103421332815
0.999744269431852 -0.022377697429111148 0.0032610346663474185 0.8589855228592737 0.022332768976858413 0.9996632060570171 0.013218242950780626 -0.9097927662710559 -0.0035557305166625604 -0.01314203451340699 0.9999073175535403 150.64672453425814
0.9998520755398014 -0.016881049738752922 0.0032950221274192534 0.8821077457661812 0.01684680387892972 0.9998064757229742 0.01015855984694735 -0.9120789972112726 -0.00346587191096329 -0.010101546406283354 0.9999429716154088 151.98685855226532
0.9998471030813347 -0.01690600731599749 0.004467364820660188 0.885073705576982 0.016856376460277628 0.9997982501165557 0.01092344606860052 -0.9235606691074161 -0.00465113578501786 -0.010846472163735707 0.9999303580590267 153.3460866838826
0.9997166791419834 -0.023276315038649832 0.0049774039537768214 0.9062926306862699 0.023203039056062857 0.999628419967131 0.014305280101090412 -0.9142508662278097 -0.005308529109047737 -0.014185736008460442 0.9998852856202222 154.67133817291463
0.999626505720292 -0.026738928547049998 0.0056461217483753405 0.9191253000150155 0.026639639953033166 0.9995008135369491 0.01698391616613931 -0.918197434462243 -0.00609743552178168 -0.016827161871079323 0.9998398211153778 155.9888186184067
0.999567716437164 -0.028713441624853626 0.006318104515109921 0.9345680811172923 0.02859063301788651 0.9994155586644988 0.018738113617159956 -0.9257218081413557 -0.006852448269236139 -0.018549374556723553 0.9998044632023266 157.35074910370633
0.999555079931232 -0.029212848720453596 0.006020927559190916 0.961979844627119 0.029097179987455406 0.9994057709747661 0.018478613601174837 -0.9200094229829676 -0.0065571632524796825 -0.018295199811476957 0.9998111267919851 158.67685681588574
0.9995941424265113 -0.02764467331557787 0.006879126936187058 0.9782726201420621 0.027509555885751588 0.9994406295012157 0.019017164103478278 -0.911164931215096 -0.007401002874172512 -0.01882020383844037 0.9997954916216906 160.04182569261908
0.9996403526808276 -0.02562441556955362 0.007909143574111186 0.988573560991371 0.025472114722063736 0.999498901581779 0.01879141268919669 -0.9088960447414525 -0.008386699994117185 -0.018583191521308776 0.9997921425178495 161.36520593402824
0.9997015431928988 -0.022802115233139405 0.0087685816638879 0.992006638315165 0.0226502459545625 0.9995981218945708 0.017045853747205256 -0.906585658855212 -0.009153740058983261 -0.01684215551633337 0.9998162585334389 162.72698430665426
0.9997385179019636 -0.02076807342741909 0.009569895655073959 1.0094489660110424 0.020610080995809393 0.9996543400233906 0.01632253323227339 -0.8906673563897608 -0.009905576130787942 -0.016121028619894322 0.9998209799693295 164.08207706418136
0.999776638155531 -0.018619450563451018 0.009999491010698983 1.0191600551414675 0.018438364971567388 0.9996696395407957 0.017906382340141507 -0.8959892119589205 -0.010329595446689339 -0.017718008212502086 0.9997896636946172 165.44146870660563
0.999827043070946 -0.01598366193008644 0.009508231499083843 1.0504492241117882 0.0158095185719684 0.9997108797896253 0.01811673246307245 -0.905225893799299 -0.00979505503014178 -0.01796327822289674 0.999790666849393 166.7620992946364
0.9998508284059157 -0.01466618489843687 0.009122715159791272 1.059479911586889 0.01451940116338365 0.9997673108404854 0.015953407176073613 -0.897504305958601 -0.009354568810900103 -0.01581857078781966 0.9998311181641384 168.10228289505145
0.9998686160287064 -0.013697322695376614 0.008667987678018291 1.059742392060529 0.013579635734469374 0.9998167414454032 0.013493592897343747 -0.8956731895258354 -0.00885122603749364 -0.013374111743927511 0.999871386191075 169.50582748603026
0.9999421850279445 -0.006838721017143823 0.00829810154279779 1.0698134975282279 0.006739166647612052 0.9999056881544385 0.011966555244388121 -0.8942720448716595 -0.008379155570540555 -0.011909940935359525 0.9998939659038323 170.83671249451362
0.9999539243449126 -0.004039318742373338 0.008708219491409682 1.0774432174676694 0.003927753839397471 0.9999104807106088 0.01279075165534291 -0.895336495370578 -0.00875910659565999 -0.012755958385020796 0.9998802746173511 172.20178619054053
0.9999564477060253 0.0012337793018543264 0.009250971627991041 1.087702791497612 -0.0013721853306866323 0.9998870041425055 0.014969838625621611 -0.8951359633830007 -0.009231457602120586 -0.014981880485642375 0.9998451497293168 173.5364112478966
0.9999559633601669 0.0014130435652544176 0.009277642185764835 1.1143898591479646 -0.0015723326349036271 0.9998511021758725 0.017184331950429475 -0.8892227920498809 -0.009251979329647272 -0.017198162500983837 0.9998092938516149 174.94998904948469
0.9999636312747536 -0.00022597357370016078 0.008525553411234978 1.1246270040625896 7.154464094582772e-05 0.999836004920212 0.018109615243314378 -0.8826355502927802 -0.008528248271179938 -0.0181083463997415 0.9997996583101888 176.31064999907608
0.9999717972709616 -0.0031391397955266727 0.006822789883605297 1.139969766938466 0.0030144758599867125 0.9998297154391668 0.018205852873754404 -0.8645239499053557 -0.006878779362286661 -0.01818477201964513 0.999810980358074 177.6975307106196
0.9999680592882592 -0.006117486983687048 0.005143612773519827 1.144242822600009 0.006040429760060441 0.9998712545145468 0.014865652399730962 -0.8617856921010677 -0.0052338914321614265 -0.014834107732510805 0.9998762701528224 179.02960529299585
0.999993489252203 -0.001600656627965535 0.0032340920965305635 1.1521696739056924 0.00156457309933016 0.9999368447776017 0.011129176844388432 -0.8917793151713461 -0.003251702110298296 -0.011124044250211915 0.9999328387760739 180.4574264262317
0.999994466667795 0.001997743875464925 0.0026600100093992418 1.154957133626843 -0.002024079467384608 0.9999485993082075 0.009934880613178293 -0.8851213768545634 -0.0026400261565264725 -0.009940209568251495 0.9999471098446399 181.8783415109457
0.9999787556693855 0.006020743027135839 0.002497771046316955 1.1469607426986388 -0.0060478206113668475 0.9999214465181617 0.01097837292371635 -0.8850547901022878 -0.0024314770769481965 -0.010993245608697633 0.9999366162213219 183.23583248678605
0.9999689347224846 0.0074350049482207956 0.002617305182564366 1.1569710642276232 -0.007471949206425358 0.9998683923804683 0.014400274730340865 -0.8836001266518843 -0.0025098948189204093 -0.014419383545791793 0.999892885159397 184.65653603086668
0.999950920529069 0.009455702207067079 0.0029574009675140053 1.176362776880677 -0.009503712740524162 0.999815971854036 0.01666439001217945 -0.8934086040558546 -0.0027992834441276605 -0.01669167818206494 0.9998567656795944 186.04068294694278
0.9999651551511151 0.007647035290580199 0.003348332345925001 1.1753089113485986 -0.007705093991930182 0.9998139343799171 0.01768412195423804 -0.8800628650388497 -0.0032124784980261337 -0.01770930471411606 0.9998380171261985 187.4514027934767
0.9999762454373939 0.006189791434458987 0.003032332366643662 1.184207944364958 -0.006243156409391009 0.9998199857733127 0.017917004982940837 -0.8667629170034161 -0.0029208842221103226 -0.01793551043901262 0.9998348793089509 188.83632987792362
0.9999891775158096 0.003613970771013231 0.002929857617737254 1.20450096076343 -0.0036681801031422084 0.9998181675857071 0.018712996554454582 -0.8632991098931931 -0.002861696890443787 -0.01872354100829353 0.9998206037505534 190.22463283068302
0.9999946523980532 0.000734982346283557 0.0031866873994218373 1.2197160416726753 -0.0007950861075947848 0.9998210476614894 0.018900807123402957 -0.8568628264012542 -0.003172225640106168 -0.01890323946666162 0.9998162853760023 191.60461753429914
0.9999920646903756 -0.0008959130138464112 0.0038817388262783166 1.2260823369014384 0.0008185084914186751 0.999801707785331 0.01989661210920481 -0.8541740612220144 -0.003898795068252616 -0.019893276698953133 0.9997945073458805 193.04344846933236
0.9999752920864045 -0.005814174537467237 0.003951023671386887 1.2416182527211101 0.005728035989969649 0.9997529966565621 0.021474061218772763 -0.8451891401905531 -0.0040749020386348055 -0.02145089872193449 0.9997615986299919 194.49071648455964
0.9999534640512698 -0.008500432690873704 0.004562057522904273 1.2512367311984902 0.008397704894562664 0.9997208579188082 0.02208358721852722 -0.8461447441573693 -0.004748504508114749 -0.022044248404132313 0.9997457190678398 195.90785686285875
0.9999641490524591 -0.007387674857244868 0.004137978345734366 1.2773262169495576 0.007310413404625617 0.9998042494961483 0.01838533569563112 -0.8404660496553236 -0.004272993577142904 -0.01835442596429341 0.9998224125089775 197.31119313883232
0.9999869752284827 -0.0001114013380122784 0.005102642739794008 1.2647103934013535 4.2706267903255645e-05 0.9999093987131533 0.013460778340414228 -0.8406275446521768 -0.005103680409968537 -0.013460384907060802 0.9998963798676207 198.74368028641115
0.9999399392351711 0.008890680692355053 0.00640887747615569 1.268994943971737 -0.008972247501127299 0.9998776598401211 0.01281265572925815 -0.8286343287715867 -0.0062941807060748695 -0.012869388041606755 0.9998973757991082 200.15281509166087
0.9998316836049363 0.01670957713685073 0.007575913305207724 1.253418595933827 -0.016833730906624222 0.9997199721996316 0.01663137795183162 -0.8231295268528684 -0.007295889151084319 -0.01675610926472521 0.999832987448092 201.60306185620038
0.9998131967290051 0.017342022493765534 0.008533807480467469 1.270694816481218 -0.01750352264958844 0.9996618887259007 0.019228493776404038 -0.8230136105307511 -0.008197461812621192 -0.01937427324611813 0.9997786950816496 203.00272416156136
0.9998349284830782 0.016373159147808156 0.007876256494248977 1.2921910401723973 -0.016526747891414454 0.9996664243236838 0.019847083681304757 -0.8147766572427563 -0.00754867033321276 -0.019973976112360726 0.9997720029267871 204.49256083423523
0.99988727740817 0.013454566890727004 0.0066638643591583864 1.302697165021446 -0.013582531201693622 0.9997167193289197 0.01954471739169911 -0.8038346850592837 -0.006399011438746306 -0.019633026124322148 0.9997867757272683 205.90619909309987
0.9999263836952933 0.010873607601290592 0.0053844067329388585 1.3246647810756111 -0.010976662887494415 0.999749702006801 0.019494774694236525 -0.8039190344527074 -0.0051710809256011415 -0.01955244209743642 0.9997954600370997 207.3568291874472
0.9999180768410834 0.011676028541212127 0.005244992879618694 1.3279458537925917 -0.0117729594507261 0.9997530780222594 0.01884623153191887 -0.7913630675493257 -0.005023649054869399 -0.018906436406014793 0.9998086364870334 208.79270497263826
0.9999103483203695 0.012529661326488348 0.0047225939329215046 1.3483729520294896 -0.01261700128450363 0.9997409819584235 0.018941496923296382 -0.783524525513654 -0.004484040525455616 -0.018999383487241086 0.999809440237886 210.24786118012892
0.9998903399735595 0.014045089791239458 0.004695046426682361 1.3540681831189387 -0.014134934757419908 0.9997063248039372 0.01968420193025592 -0.7669609863614322 -0.004417201589312336 -0.019748407251755563 0.999795223393912 211.71696661105554
0.9999172065841347 0.01218862912037911 0.004125200935007262 1.3660341859765328 -0.012266640906993259 0.9997356647847716 0.01944556793449359 -0.7608522663165089 -0.0038870960047072828 -0.019494560048043653 0.9998024067752038 213.15918134696201
0.9999001502608896 0.013625733800257346 0.0037455131451746447 1.379776272073601 -0.013695003877162049 0.9997230905897782 0.01913606667402431 -0.7681144391828091 -0.003483733313723245 -0.019185450484556967 0.9998098729621108 214.64623239911052
0.9999187393552028 0.012238793304482184 0.0035674375085374176 1.3831600242750643 -0.012304147027170805 0.9997454351362377 0.01891224269326958 -0.764676141653011 -0.003335066609965452 -0.018954599875682102 0.9998147830749122 216.10806370950195
0.999906954331292 0.01332036485763976 0.002941180542398421 1.3968888982461796 -0.013373188539215732 0.9997350134081433 0.018736617359699063 -0.7516029994418743 -0.0026908228101392827 -0.018774206691179043 0.9998201281314294 217.55783144948705
0.9999100185715952 0.013130238886559216 0.002748012090026458 1.4051918507855543 -0.01317925490259838 0.9997391884854395 0.018651066512274144 -0.7431484756385504 -0.002502402622903561 -0.018685604746375265 0.9998222772760688 219.02790527324933
0.9999193663663998 0.012381486341866386 0.002821266872800739 1.4025888033032354 -0.012431865526235304 0.9997497209333923 0.018599576515617278 -0.7390150214899406 -0.0025902705786640867 -0.01863315010707081 0.9998230324395487 220.50694246323036
0.9998968575246527 0.01415635119270522 0.0024232238873173684 1.4030828927903283 -0.014199395387717358 0.9997228568702545 0.018777291073342247 -0.7351671973874018 -0.0021567345561342354 -0.018809762381442722 0.9998207545936322 221.98792963263432
0.9999038910071657 0.013755322573022526 0.0017320021599542554 1.4144578762780096 -0.013785580568253613 0.9997268341576848 0.018873655467031483 -0.7334329911423318 -0.0014719159353917483 -0.018895717923306146 0.999820376511983 223.50641998606372
0.9998852026408355 0.015094921660728755 0.001313338469606528 1.4354446411427044 -0.01511728789512655 0.9997028472049877 0.019122890426457706 -0.7299542921881254 -0.0010242897548752954 -0.019140549010565396 0.9998162782205356 224.98181702720615
0.9999044959186534 0.013763037560690545 0.0012561132574221041 1.4285238587878217 -0.013784416706538571 0.9997246960325313 0.018987417836625976 -0.7181759065424658 -0.0009944429779531307 -0.019002918976720403 0.999818933674693 226.46689505265923
0.9999098392762815 0.013351521353084086 0.001431844584445948 1.4324345264315614 -0.013375992334783331 0.9997353842813353 0.018714814475711033 -0.7157956828810147 -0.0011815945449512337 -0.018732279207942702 0.9998238372489338 227.96096472222396
0.9999350161074556 0.011316373765598423 0.0013795777532620629 1.4480320877148736 -0.01134094629775624 0.9997486775874651 0.01933816514033413 -0.7078700889644064 -0.001160393222923813 -0.01935255391019561 0.9998120483996554 229.46711701184995
0.9999535356434671 0.00951349869434053 0.0015555989955136238 1.463216258303631 -0.009542873444270204 0.9997521640305597 0.020113281974011358 -0.7012463000671366 -0.001363865891159925 -0.02012719201798247 0.9997964972886548 230.95526819275233
0.9999428253703995 0.010543931165998036 0.00178086926475143 1.4588039019027446 -0.010578465589248713 0.9997309057443526 0.020644907294816144 -0.6947657193129624 -0.0015627116887298505 -0.020662565496898707 0.9997852850977044 232.44410750725677
0.9999464718687753 0.010228932136314232 0.0015563851273632445 1.4680855642830926 -0.010258506499917405 0.9997401597718836 0.020356227904706096 -0.6810792687875186 -0.0013477583513326601 -0.02037110416774836 0.999791579101094 233.94736407895985
0.99993198283541 0.011447309060549256 0.0022335634539160923 1.4745983063270638 -0.011490027441528638 0.9997308473666199 0.02015470481555626 -0.6791321040770262 -0.002002245312976137 -0.02017899736500886 0.9997943783890141 235.47804366346327
0.9999226103371437 0.012212943543065414 0.0023700912163537 1.4865282326526092 -0.012258854935044038 0.9997160558068702 0.02043350858211507 -0.664089554187684 -0.002119865129183513 -0.020460981550189893 0.999788404806082 236.98468464027152
0.999899819215472 0.013738681504768079 0.0034058985903052557 1.499628903039771 -0.013811863870943934 0.9996517683330478 0.02248498447981001 -0.6534569435303064 -0.0030957987625035927 -0.022529773400450707 0.999741379215985 238.44447826372766
0.9999049650817021 0.01314674985409958 0.00415015137695266 1.5047767803284835 -0.013239014117175351 0.9996467152728903 0.023047194853493103 -0.6414864678728663 -0.0038456898036394664 -0.02309994814585039 0.9997257639178293 239.97538513420812
0.9999096847555122 0.012796943924769098 0.004106159086014303 1.5095912378355123 -0.012884744873613848 0.9996722824696017 0.02212037636833733 -0.6327563962865247 -0.0038217405251980883 -0.022171285054723898 0.9997468821632509 241.45918961713303
0.9998964042044095 0.013532031676985455 0.004905604929221046 1.5284256326580155 -0.013632311143794202 0.9996861213831879 0.021019487298859846 -0.6306309001330794 -0.004619629178797267 -0.021084184198330864 0.9997670309534189 242.99166799703332
0.9998831865796038 0.014446862005596821 0.004990125549154182 1.5299570340641897 -0.014551076190502112 0.9996625163031738 0.021520216608936344 -0.6144727228256477 -0.004677542250005387 -0.021590314145972317 0.9997559596778601 244.50893811747568
0.9998794471463759 0.014651236733061764 0.0051412464622749956 1.5331363909006204 -0.014762699873200578 0.999641057406964 0.022356633987787315 -0.5963480540316521 -0.004811849110552898 -0.022429837188219313 0.9997368396176006 246.0232181917077
0.9998731063234823 0.015089037741017214 0.0051080493883977895 1.542346694891743 -0.015200540640039142 0.9996303097149883 0.02254301464819314 -0.5818666484812937 -0.0047660089870684 -0.0226177988698246 0.9997328244631584 247.54580318979734
0.999855850427737 0.016494507828270246 0.004026108597922433 1.5747491476924123 -0.016582559670881226 0.999599872274205 0.022915368533561863 -0.5750810554197991 -0.003646520214055214 -0.022978828149411164 0.9997293015225782 249.03206781963277
0.9998371015634809 0.01742156099674124 0.004717999551714266 1.5785579114977155 -0.01752756983394827 0.9995714438317115 0.023445959708826684 -0.5650960913081046 -0.004307512761202819 -0.023524835127889027 0.9997139728147535 250.5628691500727
0.9998135075092637 0.01877358171401138 0.00452800144805782 1.5798485330457088 -0.018875346470709573 0.9995435288867683 0.02358930299878074 -0.5494320607682511 -0.0040830791739823735 -0.023670371027829717 0.9997114793652364 252.05206858231784
0.9997962514463353 0.019498561082044674 0.005221271113198165 1.5877615807084215 -0.0196171131671185 0.9995264322403546 0.023708230355552532 -0.5283405361722924 -0.004756522501142736 -0.023805825763154174 0.9997052856358434 253.60061526835875
0.9998382507934205 0.017309272236527073 0.004884804551468173 1.6141935053962535 -0.017424154261307074 0.9995468251529787 0.024546756014465414 -0.5298338655646322 -0.0044577047656481905 -0.024627898830823104 0.9996867486572656 255.1543233523247
0.9998643589132511 0.015747107787555715 0.004826214554360381 1.6276784092646883 -0.015863442587493976 0.9995591479399968 0.02509703190403434 -0.5067259874820184 -0.004428881606456758 -0.025170187731328942 0.9996733699714275 256.6943907337473
0.999902637728327 0.013060516418149828 0.0049130395875512664 1.6364517289863791 -0.013185676690516275 0.99956530953264 0.02636910986393033 -0.5005860040928778 -0.004566510121529768 -0.02643132387876723 0.9996402013095895 258.21309968953733
0.9999172039374555 0.012030750899246401 0.004565773596894815 1.6497285621677027 -0.012143972531413753 0.9995975291723178 0.025637933730843648 -0.4807553729953086 -0.004255492764016353 -0.025691257270253065 0.9996608675211504 259.7211651755317
0.9999394190682952 0.01008777149148656 0.004403981131555107 1.6656287577612374 -0.010195076434985658 0.9996338704219859 0.02506363019975196 -0.4725579041470732 -0.004149532873511677 -0.025107010384257826 0.9996761572525575 261.28914506855705
0.9999437965536229 0.009265180351028761 0.005153654854481566 1.6875881576435001 -0.00939925822017713 0.9996011576253867 0.02663042727417446 -0.4572784551317275 -0.004904864054485048 -0.02667737070055983 0.9996320623968776 262.81315239726507
0.9999650992909854 0.00668812372560271 0.005006914865339642 1.7128010346533784 -0.006827713575254131 0.9995732717748964 0.02840170271426737 -0.42878605712436557 -0.004814824572530855 -0.028434896844776625 0.9995840505299136 264.3574848716123
0.9999687215193325 0.005783696020001111 0.005394890149707255 1.7168544148320486 -0.005933423764098027 0.9995857272796083 0.028163244421789257 -0.41741600324637673 -0.005229767985142792 -0.028194373280497554 0.9995887788539469 265.9097028671488
0.9999710306191463 0.005006190706904669 0.005733757416784509 1.729335853201515 -0.005159715888469642 0.9996199162626141 0.027081365837633167 -0.3988626870550515 -0.00559600409372052 -0.02711016547481524 0.9996167883926961 267.4343919089032
0.9999623658981616 0.005848541843143116 0.006407912403421337 1.7429495730284945 -0.006019342283086767 0.9996181835723861 0.026967658838794293 -0.3809111746541716 -0.006247744797213258 -0.02700521496327339 0.9996157681933113 268.98552671370015
0.9999435048819393 0.007233176216515581 0.007788979334937791 1.760347756786466 -0.007444371749198846 0.9995958450315295 0.027435888191530592 -0.3606119397234048 -0.007587383399122948 -0.027492321858739698 0.9995932191762995 270.5193940869671
0.999923846163253 0.009122500567883544 0.00831154900050954 1.76210875600629 -0.009343753906482207 0.9995922553626795 0.026981796089503376 -0.34213984611871895 -0.008062019232721922 -0.027057402000547816 0.9996013709550584 272.0694275416298
0.9998908165857991 0.01126979848044498 0.0095575380325649 1.7820309718045886 -0.011524209262161831 0.9995691344229034 0.026995150540912186 -0.32887121909959804 -0.009249190882413862 -0.027102345796185277 0.9995898735451046 273.6046436123654
0.9998867530653633 0.011000496236844827 0.010269864180444512 1.8043024494424098 -0.011272161048047765 0.9995777833390951 0.02678046829544331 -0.3056052085360235 -0.009970930463046382 -0.026893198665121958 0.9995885835612608 275.1293346996566
0.9998658301016784 0.011904514092805577 0.011251858478646064 1.8426625324177237 -0.01219781082186974 0.9995778938090472 0.026367549428276533 -0.2964726534119968 -0.010933217047085301 -0.026501259356456704 0.9995889895322807 276.698476513085
0.9998658877765184 0.011525593952435614 0.011634737862669251 1.8558171175606601 -0.011827868162704827 0.9995853106436929 0.026254681915255082 -0.286421176427946 -0.011327313202070912 -0.026388774607081437 0.9995875772175995 278.2340163642315
0.9998528527737826 0.011455652711954704 0.012768743069550717 1.88780446267414 -0.011787310373825499 0.9995869940636308 0.02620878965573742 -0.2673620835949672 -0.012463231750175054 -0.02635544186320283 0.9995749389204395 279.7778176649973
0.9998618205127754 0.009472244475457773 0.013660763024756661 1.9012211156582743 -0.009846932322072316 0.9995698105720408 0.027626649399807884 -0.24478872070383373 -0.013393201049970698 -0.027757348172376985 0.9995249630533941 281.29630894013354
0.9998614496980303 0.008933380346259848 0.014045501219731738 1.9229965522749544 -0.009328141056547798 0.9995560589659451 0.028296127105735314 -0.23043254928190127 -0.01378648693095989 -0.02842322467546726 0.9995009019784287 282.8374852052394
0.9998635570166942 0.008575789994367344 0.01411818534857897 1.959373882049477 -0.008939926437472689 0.9996236781624729 0.025934143677415786 -0.2218147096663195 -0.013890467757426257 -0.026056820308233662 0.9995639534332984 284.40447713059456
0.9998817070402547 0.00746480664945857 0.013447995115138844 1.9730772619292225 -0.007783751544037365 0.9996858957897504 0.023822741279943813 -0.20028026337434995 -0.013265939994002902 -0.023924598725079405 0.9996257441643392 285.96292362105856
0.9998885897521432 0.007522789060803933 0.012892467328003773 2.0040621530134834 -0.007832000025434297 0.9996787880851437 0.02410353625164826 -0.18386142660389437 -0.012707001356482802 -0.024201824326103977 0.9996263320854518 287.5386754809428
0.9999070603193169 0.006262939896490252 0.01210976036297636 2.030660976923051 -0.006558865463931858 0.9996769986863202 0.02455360690001562 -0.17352131925138048 -0.011952072128885726 -0.02463075082915841 0.9996251667832001 289.0734343679391
0.999919709976792 0.006001489980525741 0.011160452873697147 2.0436996804250582 -0.006268106912268323 0.999692070937202 0.024009876516851613 -0.1591082670937808 -0.01101292213267473 -0.02407790332757016 0.9996494235969495 290.6575043318563
0.9999223343457428 0.006305746103341583 0.010750015500974649 2.080026138769128 -0.006560479454972796 0.999694551264173 0.023827805427371593 -0.14581224476684354 -0.010596480716243556 -0.02389647973625245 0.9996582780293347 292.1900267594001
0.9999288492504326 0.0063518655279628956 0.010097040778249198 2.094110861238297 -0.006594639296023062 0.9996854980684127 0.024195365553480064 -0.12670213876495373 -0.00994018036118891 -0.024260230026857364 0.9996562579366833 293.78253246818235
0.9999386366067438 0.00631886982704459 0.009099170174581383 2.127258079659746 -0.00654135567662299 0.9996751696664934 0.02463261757778429 -0.11641987735190253 -0.008940564930593132 -0.024690626588899065 0.9996551601597947 295.3308581943533
0.9999534024458727 0.005279260159845141 0.008082223953912176 2.1312159084614843 -0.005488827940086694 0.9996434675745475 0.026130643598406476 -0.09349225326855673 -0.007941392576475009 -0.026173787532940872 0.9996258635628056 296.8960597538766
0.9999507195781627 0.0066911483312758376 0.007333958214795835 2.156823830775684 -0.0068911007921907234 0.9995956694209849 0.02758641767309558 -0.07841179775049777 -0.007146408654742023 -0.02763559684911519 0.999592518279729 298.4693394698769
0.9999410418345784 0.007359872160802757 0.007984054673468384 2.1835449649343683 -0.0075785050883809095 0.9995873300100141 0.027708049021547023 -0.05599483605496308 -0.007776832843730409 -0.027766922204061274 0.9995841729805732 300.0785174509196
0.999929261324108 0.007848248249063277 0.00893741226622522 2.1972563219778825 -0.008092476358221246 0.9995855643315391 0.02762628175408509 -0.03179611526271305 -0.00871689109358569 -0.02769665290535878 0.999578366712468 301.68413926588516
0.9999294705249159 0.007134790436463144 0.009494668628533837 2.2130861864187974 -0.0073967769384321565 0.999584745426461 0.027850034795194004 -0.013139873807495157 -0.009292022537659385 -0.027918300089860106 0.9995670196688277 303.2498658510692
0.9999389088466465 0.004725671538921198 0.009992326877974536 2.232275359702686 -0.004990779145730447 0.9996317075289415 0.026674734451825353 0.013323164641366084 -0.009862591570061901 -0.026722973972034887 0.999594223635009 304.8432185148617
0.9999479441346102 0.0023667984382449788 0.009925083434693376 2.258470001444719 -0.0026181874340722093 0.9996741272432004 0.025392606074549465 0.02624922616926552 -0.009861750765019113 -0.025417269601554764 0.9996282850413111 306.42744974551545
0.9999482215848298 0.001783599590458716 0.010018628499836127 2.2709247679096367 -0.0020254615164863126 0.99970549266206 0.024183165076298415 0.049288950219227426 -0.009972545691412999 -0.024202204906654673 0.9996573420871543 308.07422928695735
0.999963335905925 0.0030919329026905854 0.007985411176282552 2.2895276469982533 -0.0032783779323457512 0.9997198326887 0.023441595354542426 0.061087209042434615 -0.007910694746517675 -0.023466914746205523 0.999693315371435 309.67488690749946
0.9999771392555414 0.0037429650438531195 0.0056312678101402185 2.3013608724067125 -0.0038761073114864657 0.9997087208049342 0.023821195716714205 0.08346234511686791 -0.005540466098780088 -0.023842478200199118 0.9997003748342873 311.3022036641854
0.9999707143903833 0.0052819042097619106 0.005538216893662219 2.313723114343406 -0.005431599708326264 0.9996105556942121 0.027372151953972846 0.10077590440085846 -0.005391483431639183 -0.027401431325254 0.9996099706573576 312.88262047956584
0.9999770038822032 0.003651689537542324 0.005714618839291111 2.335898295943078 -0.0038239734919634882 0.9995294898592577 0.030433142542279128 0.12480557748432618 -0.005600798132729255 -0.030454294808752377 0.9995204685013807 314.5255700501383
0.9999771050633448 0.002939883018204383 0.006094787558839806 2.337680565225445 -0.003129757299849059 0.9995025735247824 0.03138168533099928 0.15319623187206394 -0.005999497867773478 -0.03140004160096706 0.9994888910722036 316.14418919241615
0.9999776281940177 0.001994396692712576 0.006384785977584512 2.3679536346010077 -0.002188533144042956 0.9995309996955454 0.030544901474806086 0.17247708026990227 -0.006320873389197475 -0.030558191003748646 0.9995130031608851 317.7723185966793
0.9999764488318239 0.001331849034535512 0.006732604138951584 2.392871035324257 -0.001536898435541898 0.9995322626811727 0.030543310858922333 0.20258788172875256 -0.00668877652936971 -0.030552938414811028 0.9995107694209916 319.39796946705064
0.9999760942046285 0.0012643422470756912 0.006797974444957686 2.4133448565450752 -0.0014745219251657607 0.999518222893964 0.031002385783586665 0.22828513278199936 -0.00675550227571523 -0.0310116679603764 0.999496192891405 321.02658699411916
0.9999714795654033 0.0010677755122710077 0.007476624194510319 2.429881052150287 -0.001300413443442262 0.9995129411089583 0.03117995377044115 0.2475942477127117 -0.007439690069793843 -0.03118878675573573 0.999485823089916 322.65141792240064
0.9999646769716407 0.0024012947252188034 0.008054724686972808 2.4340874455328425 -0.002646436132597825 0.9995293338844538 0.030563166006524384 0.2726979132966585 -0.007977543098916611 -0.030583402294934076 0.9995003823295856 324.2870052905462
0.999957784241075 0.0030886111568466552 0.008653913159241154 2.442333633138715 -0.003349568827706211 0.9995351031538643 0.030304421919944525 0.2925275041289597 -0.008556292122120748 -0.03033212903484313 0.999503252511531 325.87466389477856
0.9999506664022724 0.0022401365338195526 0.009677114518010448 2.4753483660642464 -0.002548098940455641 0.9994868738033491 0.03192955253063003 0.317276132968119 -0.00960062318312668 -0.031952635113862385 0.9994432735829154 327.5149206676618
0.9999573997457363 0.0011436121701751993 0.009159194361773896 2.508695918036897 -0.0014469380610727188 0.9994483705624797 0.033179225278950404 0.3412796910387541 -0.009116198477761359 -0.03319106414198111 0.999407448516455 329.1686622910445
0.9999563658522337 0.0003869927464530871 0.00933362868995606 2.513801777900564 -0.0006912077595520939 0.9994678397323529 0.03261226167167836 0.36353803338996155 -0.009316041774953095 -0.03261728966770573 0.9994244962703795 330.78400723531865
0.999954806661402 0.0013949368437080414 0.009404189599349138 2.5506690837342445 -0.001700591603969206 0.9994679216478802 0.03257271287424596 0.3828290892812903 -0.009353749739203925 -0.03258723301880631 0.9994251245466116 332.4199560896269
0.999952462303819 0.0031007105522794028 0.00924438868203632 2.563299598394241 -0.003380817749071196 0.9995308729536588 0.030440172800444046 0.4230559884536983 -0.009145666489070009 -0.03046997889741367 0.9994938404706062 334.02169251517637
0.9999461900490858 0.004925461545178278 0.009129996116724154 2.5600259214280747 -0.00517996296374004 0.9995926942665885 0.02806445414791504 0.42772262512225345 -0.008988047778216695 -0.028110236636605713 0.9995644199175461 335.6242451260241
0.9999491812332615 0.006094318619398146 0.008030829695114842 2.5854379222904504 -0.006322317936975222 0.9995687156549371 0.02867770939470033 0.45197400548701205 -0.007852595681112708 -0.028727025072642066 0.9995564490018384 337.244672765793
0.9999567026100764 0.0062384250099426644 0.006904705168789038 2.611507294565862 -0.006456604172131095 0.9994657076769794 0.03204077842565261 0.4702016844847684 -0.0067011326033413155 -0.032083971628318796 0.9994627124358839 338.85359866483225
0.9999568942099156 0.0069753861259312395 0.006128107777425199 2.615205324879611 -0.0071844084959610454 0.9993693068288858 0.03477603902513606 0.4999390538758516 -0.005881667011678448 -0.03481856630315636 0.9993763422214454 340.4935308532066
0.9999590564997046 0.007838822392759896 0.00452086073003206 2.6293209824782835 -0.007989220866442655 0.9993807146539664 0.0342689301752896 0.5251909455896147 -0.004249433323117283 -0.034303644744914194 0.9994024225665744 342.1107235466927
0.9999649522112457 0.007721063284695257 0.003237209515737791 2.6381871649230666 -0.007824340556496504 0.9994178797314669 0.03320664712902918 0.5488954011797019 -0.0029789346932798492 -0.03323081185939194 0.999443264548363 343.6847377297674
0.9999777881806267 0.0065473052622165556 0.00124737136730359 2.6533762114612336 -0.006586127880587587 0.9993937156752783 0.03418806858915115 0.583917440517787 -0.0010227754676123656 -0.0341955240633022 0.9994146386874073 345.27714541500166
0.9999881939321082 0.004851337459553247 0.00027662075048770756 2.6628396303253816 -0.004858056539631225 0.9993724867716461 0.035086065833727934 0.6019450653874304 -0.00010623282908090847 -0.03508699493727775 0.9993842561587095 346.9216962406145
0.9999892358956496 0.00463952729071763 -5.363966440458459e-05 2.669254778501007 -0.004634893294741712 0.9993903996014684 0.03460270210115125 0.6329079542093587 0.00021414716586830307 -0.03460208051969568 0.9994011457481435 348.53377145636085
0.9999907223380446 0.004214871870815294 -0.0008888705112103613 2.674187524329479 -0.004182117126056026 0.9994098302049673 0.034095472264027954 0.6558015118195294 0.0010320540614841252 -0.034091438084250164 0.9994181850822207 350.12569571453
0.999991492774937 0.004077480447899663 -0.000623320974509606 2.67081440687809 -0.004053978506103503 0.9994157110591961 0.03393820544502827 0.6919741341217632 0.0007613392092128066 -0.03393538930455248 0.9994237387988913 351.7082455320384
0.9999924301736752 0.003800951836181817 -0.0008320809340357877 2.6894313880136145 -0.0037705705111136857 0.9994184354698921 0.03389061349628426 0.7185256393052476 0.0009604136965636577 -0.03388721904034704 0.9994252017789167 353.2887773547567
0.9999942083153172 0.0032703315705593008 -0.0009424785116157221 2.689725362854173 -0.003236871769048641 0.9994317827282545 0.033550475034776296 0.7407953067336234 0.001051664245900836 -0.033547229553692284 0.9994365799548248 354.8869632645138
0.9999949194959163 0.0030629686818670404 -0.0008827252548334425 2.6947283081516984 -0.0030320297977409908 0.9994459669673159 0.03314462171382827 0.7636042600469999 0.0009837572175473309 -0.03314177639377398 0.9994501762669593 356.4997607970863
0.9999952357792907 0.002977156971640074 -0.0008154470184236293 2.6921004540506885 -0.0029480913589441955 0.9994314913855372 0.03358575330988745 0.7929281561215145 0.000914973566972086 -0.033583188801835355 0.9994355067803761 358.08169572763165
0.999995259106102 0.003045118269195171 -0.00045718588900528923 2.701249380807176 -0.0030286478793613075 0.99946691884002 0.03250700656592256 0.8239248790778539 0.0005559298989465085 -0.03250546732839961 0.999471403041329 359.68575346880573
0.9999973715358567 0.0022071707119505203 -0.0006207399385002527 2.6992487403910914 -0.0021862457869133173 0.9994886424213001 0.03190100371749383 0.8437317787176357 0.0006908335380696575 -0.03189956231520693 0.9994908406963408 361.29367941964887
0.9999996027969603 0.0007300580431290607 -0.0005112933619282863 2.703561698531681 -0.0007128905424505507 0.999461409890539 0.032808260633319715 0.8819986378675725 0.000534969963904959 -0.03280788263056854 0.9994615333296312 362.8505203984534
0.9999970931557555 -0.002411066293019975 2.0947771017534866e-05 2.7034890783971117 0.002408923041972752 0.9994066020673095 0.034360455123919234 0.8978159092421718 -0.00010378068546817998 -0.03436030428375732 0.999409504996519 364.4539576407256
0.9999974586559931 -0.002216961701794439 -0.0004095872493614667 2.725051827930951 0.002229577124017918 0.999422308646827 0.03391280003654096 0.9281327412847583 0.0003341672825595242 -0.03391362656721607 0.9994247116339059 366.04730197500413
0.9999996620928838 -0.0008129981267769935 0.0001218529665350989 2.7261912986075147 0.0008084538766469216 0.9994370528583737 0.0335398839659459 0.9546424727016661 -0.00014905224545937006 -0.03353977363416945 0.9994373723889174 367.67747278570704
0.9999998729983969 0.0004604236408975171 0.00020497149961931204 2.7182016164352936 -0.00046716204362767745 0.9994153204832482 0.03418770223900078 0.9912884293568006 -0.0001891108464125305 -0.03418779315696666 0.9994154086238106 369.2636441028238
0.9999979526730107 0.0017245869801550205 0.001058512899898876 2.726537624541385 -0.001760680978698745 0.9993821914934509 0.03510178587289426 1.0204591658672166 -0.0009973229417274843 -0.03510357720352499 0.9993831818532938 370.87330167796756
0.9999975806174803 0.0018606210285879445 0.0011733919097573417 2.729503739506115 -0.0019007193600234086 0.9993801779344073 0.035151774650361504 1.050934508540327 -0.0011072605766098177 -0.0351539193847251 0.9993812965442895 372.46783755083834
0.999996249413809 0.0024691954121941156 0.0011850029850576814 2.728506763993809 -0.002509022212999573 0.9993885325051335 0.03487500462954933 1.0767079808807958 -0.0010981652839944771 -0.03487784652199944 0.9993909794530431 374.0833222813035
0.9999954489412961 0.002399478270449533 0.0018288249205679497 2.737372186431077 -0.002461299164860387 0.9993986838358295 0.03458630937602881 1.1119784140212319 -0.001744736266118924 -0.03459065275644901 0.9994000413221713 375.69373474877955
0.9999940033988551 0.002917334874576175 0.001866098378380126 2.7444354999381537 -0.0029799940869086375 0.9994000531540349 0.03450584636998091 1.1452348624599593 -0.0017643138563450773 -0.034511199915061776 0.9994027537658112 377.299230280806
0.9999890693264012 0.004116714367049044 0.0022167294207961737 2.7424661855620855 -0.004191586853033322 0.9993819105563406 0.03490311585928712 1.1740885035679598 -0.0020716732973315288 -0.03491202545378882 0.9993882421788848 378.9272213786999
0.9999848242784121 0.0048308653880604685 0.0026483864198042226 2.755218884360884 -0.00492133771086699 0.9993649506413882 0.03529130077315859 1.2088775185972065 -0.002476217246025721 -0.03530379829579974 0.999373558850892 380.56076528868107
0.9999788648354617 0.005919017738764626 0.002689815679973941 2.7720617108215593 -0.006010011745352991 0.9993627849900312 0.03518385684299549 1.238405839220084 -0.0024798480219129556 -0.03519927854157974 0.9993772366330841 382.1536922538855
0.999967163646972 0.007348034625967806 0.0034173103489907922 2.77238947027857 -0.007463011282399165 0.9993613090189606 0.03494678163381676 1.2667842743637925 -0.0031583378441159124 -0.03497113702958447 0.9993833320772422 383.7729606900567
0.9999637836862026 0.007828101004854104 0.003339482742208914 2.787830335468433 -0.007941136360921471 0.9993453365593701 0.03529641199487368 1.2936147782615872 -0.0030609928803559377 -0.03532165246672378 0.9993713079460892 385.38040911049944
0.9999470143073281 0.009487269976608398 0.0039950316196650255 2.7883929471371083 -0.009625412945359959 0.999301479404796 0.036109621137527935 1.330132109006093 -0.003649659585629377 -0.036146161151636984 0.9993398495876362 387.00298070684744
0.9999367999648977 0.010411737365341522 0.00424167307889857 2.8015127129879547 -0.010559968403030194 0.9992753929450968 0.03656741962560292 1.3684228419349367 -0.0038578694828092083 -0.03660989996887628 0.9993221862950324 388.63414406228253
0.9999251042295888 0.011384422890600543 0.004492308342322768 2.808401436908812 -0.011540181198364273 0.9992735580109775 0.03632052499613683 1.401462017522884 -0.004075557062045569 -0.03636964627015771 0.9993300949233265 390.2416577165155
0.9999208348537494 0.011645094304065589 0.0047661085474437394 2.829586458041381 -0.011812764585900831 0.9992524731639566 0.036809693397874294 1.4348319442072603 -0.004333893761314591 -0.03686307973973117 0.9993109279252483 391.8859858324673
