1.0 -3.469446951953614e-18 0.0 -1.7787691892340307e-19 0.0 0.9999999999999999 -3.5575383784680614e-19 0.0 2.168404344971009e-19 -2.371692252312041e-19 1.0 0.0
0.9999999398638733 -7.08535559765227e-05 -0.00033948727388392647 0.05569069961672338 7.123806521749064e-05 0.9999993559314045 0.0011327230995349811 -0.026761272848715878 0.0003394068273799933 -0.0011327472383819146 0.9999993008434594 1.3159701006825606
0.9999991075624272 -0.0005587901877283866 0.0012135198795759842 0.11108300046058615 0.0005566348298350308 0.9999982684086526 0.0017757635472657302 -0.04833477912174309 -0.0012145101586562628 -0.0017750865086460634 0.9999976870130872 2.5650198957187875
0.999998663919849 -0.0014207345105603248 -0.0008085003744160294 0.040848885080040545 0.001421721490628882 0.9999982434715984 0.0012213760051711718 -0.08213635839459259 0.0008067637724903114 -0.0012225238593367204 0.9999989272839823 3.9408597583375355
0.9999983711323522 -0.0017802741245113544 -0.00029725227218855687 0.03839835798272481 0.0017805730487002996 0.9999979067306551 0.0010080134324921448 -0.09714547848969823 0.00029545713563875115 -0.0010085410887116925 0.9999994477751325 5.2482018955981316
0.999997546844179 -0.0021764074728043373 -0.00041177509226961347 0.03289357503124425 0.0021768656005303026 0.999997008938671 0.0011150634336338497 -0.11325031763124206 0.00040934706388503724 -0.0011159570979050785 0.9999992935375273 6.575978345030083
0.9999945454868535 -0.0032816440239766455 -0.00037391589896124144 0.025580138375473516 0.0032824123545820115 0.9999924652365599 0.0020724946908234946 -0.14140133012846717 0.0003671119247120997 -0.002073710771198961 0.9999977824742472 7.913950376432046
0.9999937183060094 -0.003520510878423368 -0.0004115288061039919 0.015055375354222907 0.0035215650411838766 0.999990447834187 0.0025889794605384086 -0.16149469518317783 0.0004024103811126503 -0.0025904124715072736 0.9999965639092097 9.238642866083444
0.9999956810707691 -0.0028607038070236155 -0.0006739559275231691 0.011381914833443703 0.002861859837660255 0.9999944250804178 0.001720337741171196 -0.18885172853684573 0.0006690308516827982 -0.001722259110855136 0.9999982931098581 10.562984856494955
0.9999994262456134 -0.000989118411703514 -0.00041128349585518214 -0.013368705267399675 0.0009890695130872068 0.999999503761397 -0.00011923475654945327 -0.20464132281649328 0.00041140126379063716 0.00011882790293552804 0.9999999083147749 11.88711317932393
0.9999966380708513 0.0025366200236925504 -0.0005379595307860997 -0.0042488588454529345 -0.0025375784656796116 0.9999951815474298 -0.0017881784546160623 -0.24501671376350506 0.0005334210528316666 0.0017895375903022777 0.999998256507407 13.233906982181184
0.9999896440040489 0.00451478981701715 -0.0005731910588649091 -0.00857068150326079 -0.004515805300802917 0.999988215292401 -0.001782354528378611 -0.26149292448083694 0.0005651373939085818 0.0017849245208073701 0.9999982473309107 14.57911135750475
0.9999854395600954 0.00539083056271516 -0.00024413646120031497 -0.04084348485863442 -0.005391074484426743 0.9999849597492204 -0.0010082668469828956 -0.2896809973001632 0.00023869741258954603 0.0010095683395964592 0.9999994618976386 15.925530707573582
0.9999932989900858 0.0036577794804511284 -0.0001503899766710855 -0.04379296857860243 -0.0036575955699731256 0.9999925825174103 0.0012070258605241942 -0.32257968386335745 0.0001548039094025099 -0.0012064677332253755 0.9999992602356212 17.289383545041538
0.9999997009606781 -0.000734030905380852 0.00024347219953355418 -0.05440541402021353 0.0007332362475732067 0.9999944556189728 0.0032482447748974834 -0.34540922406739716 -0.00024585517977185204 -0.003248065344158686 0.9999946947994397 18.62067511682249
0.9999977246648716 -0.0021321588467012632 -6.757813173483918e-05 -0.03636782640819676 0.0021322517427179773 0.999996741703717 0.001403595759389565 -0.3804416737158633 6.458522917495487e-05 -0.001403736685415406 0.9999990126757098 19.96970333594499
0.9999965326191722 -0.0026255201439304276 0.00020346434857139895 -0.046573149571603044 0.0026255706321813704 0.999996522569055 -0.0002474365724667962 -0.39644977241008683 -0.00020281400849406456 0.00024796993159060236 0.9999999486885245 21.313531586366846
0.9999998557733613 -0.00037111982374181916 0.0003882325461680453 -0.0467479495941922 0.0003719521829625566 0.999997628074405 -0.00214604211025624 -0.44849975140746356 -0.0003874352210040655 0.002146186247582761 0.9999976218860533 22.68543378073369
0.9999981618364195 0.001600560671533891 0.0010557121150411722 -0.06490241560502588 -0.0015997628121405547 0.9999984344110382 -0.0007562653496192452 -0.44488369165800595 -0.0010569210008454124 0.0007545750850048513 0.9999991567660573 24.053430750057448
0.9999971451866952 0.0014249974458859054 0.0019180721867908385 -0.10378424117512813 -0.0014310220899839557 0.9999940360830294 0.0031432429091976986 -0.4700844063174572 -0.0019135817937027961 -0.0031459788010352987 0.999993220487065 25.433196212965274
0.9999981508195476 9.493737128428263e-05 0.0019207672568552795 -0.0807641884099449 -0.0001036333264379536 0.99998974436494 0.00452773941699611 -0.4915510593554624 -0.0019203178651016487 -0.0045279301876426994 0.9999879050397988 26.81243908748094
0.9999903971298344 -0.003854591362210384 0.0020851334929062257 -0.10053271908353237 0.0038469911999560527 0.9999859868481988 0.003636861271586971 -0.521244019160004 -0.0020991230618364162 -0.0036288049239458506 0.9999912126889369 28.173975965494883
0.9999874598280255 -0.004610222680700821 0.001956027179257064 -0.0809503959042466 0.004608441406882272 0.9999889630577709 0.0009143435817940273 -0.5313500543646774 -0.001960221082815451 -0.0009053178918416794 0.9999976689624231 29.552503185512265
0.9999851787829659 -0.004753461176675411 0.002654586782253763 -0.09133112959681124 0.004756219749842453 0.9999881548332799 -0.0010337120777685845 -0.5774300505805458 -0.0026496418524391734 0.0010463225813964999 0.9999959422935327 30.933700472014465
0.9999949528555107 -0.0014628671578544045 0.0028203349219959296 -0.09332219829641668 0.0014700271885417573 0.9999956980568017 -0.0025382840487568692 -0.5891181066416838 -0.002816609856700446 0.0025424172602089203 0.9999928013838616 32.318987976259486
0.9999945435813844 0.00022840462707609047 0.003295548897853124 -0.09728026874323084 -0.00021522533577276494 0.9999919811087786 -0.0039989244522177225 -0.6326253525747616 -0.0032964361259026826 0.00399819342810464 0.9999865738867929 33.70882669684152
0.9999933997953478 0.0008233830366195603 0.0035387016111270344 -0.11245871412971975 -0.0008082322918894795 0.9999905108958679 -0.004280756984867503 -0.6542321063459483 -0.0035421930375903795 0.004277868724649489 0.9999845762326053 35.09543605846033
0.9999947609901417 0.0007103858044040373 0.0031580606520143504 -0.10703941055156305 -0.0007020170408068493 0.9999962415254638 -0.0026503034575078186 -0.7017351705870525 -0.003159931789721754 0.002648072614368595 0.9999915012330419 36.493215275475215
0.9999928278451814 0.0021119251951178 0.0031438877872459535 -0.11010084432190284 -0.0021086359548679262 0.9999972263894068 -0.0010492243545685202 -0.7271220211133583 -0.0031460952175350557 0.001042587536035161 0.9999945075309248 37.890010527185865
0.9999873885266247 0.0040607322127118135 0.0029552051884395598 -0.11924922898475043 -0.004057339348730761 0.9999911039382565 -0.0011532777474161746 -0.745523643951416 -0.0029598623021799353 0.001141272954383377 0.9999949683409816 39.27887693273723
0.9999741607997422 0.006481633258282689 0.0031090438766074088 -0.13008656387361534 -0.006478547396277856 0.9999785122609965 -0.0010017251652724758 -0.7796016406765516 -0.003115470149933769 0.0009815572103014478 0.9999946651793344 40.68312847393434
0.9999615662794495 0.00809305764176905 0.0033717011641301656 -0.1440943225289793 -0.008090988360757204 0.9999670708151732 -0.0006270647195515876 -0.7990160478349386 -0.0033766652940447252 0.0005997602326173057 0.9999941191901469 42.08496069591353
0.9999440535296329 0.01012187946026049 0.003072026645267482 -0.1577749723045458 -0.010120375769413667 0.9999486602575407 -0.0005048431566667885 -0.8303987359493722 -0.0030769791508481513 0.00047372485253858765 0.999995153878308 43.48865823325038
0.9999580059464588 0.008722507734101981 0.002811438585244931 -0.17477085061554443 -0.00872042182240129 0.9999616924824322 -0.0007535450414192313 -0.8561477442138957 -0.0028179039277525094 0.0007289964765982651 0.9999957639799595 44.90237458639507
0.9999631295253872 0.008364684026074824 0.0019420698863545553 -0.16209310450305664 -0.008361946653685566 0.9999640390723318 -0.00141365788572028 -0.8958808536127254 -0.001953825016044626 0.001397366301420816 0.9999971149620439 46.31970949709926
0.9999696672426641 0.0077246933357167005 0.000996841244955024 -0.1674467688702806 -0.007723951140720212 0.9999698910184333 -0.0007467609344101931 -0.9232016888496523 -0.0010025798161202612 0.0007390387394868201 0.9999992243266569 47.732122467290125
0.9999708453141234 0.007634571332347263 0.0001477374400024958 -0.19197880640861123 -0.00763456993255641 0.9999708561648366 -1.3383271762223179e-05 -0.9505252907492289 -0.0001478353229064128 1.2254964274539021e-05 0.9999999889971536 49.13882721323762
0.9999659107928837 0.008195282962900651 -0.001007258656019604 -0.19741417552329696 -0.008195169593599025 0.9999664121798075 0.00011715479809935864 -0.9774695903793787 0.0010081850258783867 -0.00010889615811783368 0.9999994858529804 50.560225524685855
0.9999610164655579 0.00856405118539999 -0.002150012579425086 -0.19978493319663065 -0.008563968567797548 0.9999633274114513 4.78881064633671e-05 -1.001460710241913 0.0021503440302882626 -2.947360835496926e-05 0.9999976875750988 52.01977044926342
0.9999580074440834 0.008561331478722735 -0.0032690865976146167 -0.22693226660087257 -0.008558656909464814 0.9999630283889976 0.0008314238081045044 -1.0281209918939702 0.00327608410599597 -0.0008034099289550257 0.9999943108895496 53.41971791497897
0.9999634211867795 0.007533948299405665 -0.004049183613168292 -0.2322403689926632 -0.0075272090118132925 0.9999702637160296 0.001677147520835343 -1.0605801614319792 0.004061699092305307 -0.0016466071629145538 0.999990395600495 54.87311196057101
0.9999725845847647 0.005749841766105655 -0.004665766609046455 -0.2390426599106702 -0.005740809290141034 0.9999816258461873 0.001947072118193485 -1.0929605785207657 0.0046768766325395806 -0.0019202335081634307 0.999987219687129 56.27960707003497
0.9999798138475873 0.00370290694356221 -0.005163367161141899 -0.24705386787489161 -0.003693664883279828 0.9999915613319431 0.0017983634814185277 -1.1103917045464322 0.005169983199930225 -0.0017792554735266803 0.999985052655371 57.705307166582244
0.9999855205116424 0.0025582126923389603 -0.0047343744202659665 -0.28265380395098927 -0.002549957749246114 0.9999952195775884 0.0017488686958622385 -1.1405393207922576 0.004738826167762606 -0.001736770958442904 0.9999872635002163 59.15203403712747
0.9999879592566813 0.0017129842326716683 -0.004598588356360449 -0.2853177768678893 -0.0017016082701558893 0.9999954855025162 0.002476591685556587 -1.175271414265779 0.004602810349420192 -0.002468736923287837 0.9999863596490708 60.56107370740864
0.9999914091220614 8.058862914024807e-05 -0.004144294827589982 -0.3005611106528442 -6.761198183252021e-05 0.999995095330322 0.0031312526907978683 -1.2006552047417962 0.00414452719733994 -0.003130945651745089 0.9999865099500449 62.01769416081809
0.9999928889672697 -0.0009155250341222766 -0.0036583908359044985 -0.3059283942045726 0.0009268925550943823 0.9999947444956528 0.003106742539460773 -1.2311903411666685 0.0036555276201576076 -0.003110111446114752 0.9999884820996524 63.39829933516611
0.9999909485264123 -0.0029626335316150654 -0.003053795440293583 -0.3118293820455437 0.002969220069669813 0.9999932709050144 0.0021545004604540566 -1.2469301520667921 0.0030473921551977846 -0.002163548392614317 0.999993016208239 64.81024213388756
0.999991734017072 -0.003371943378843941 -0.0022719806808160626 -0.33370370531831123 0.003375356113753449 0.9999931786946787 0.0014998433995406315 -1.2832451081209253 0.0022669079889518825 -0.0015074997747175712 0.9999962942815129 66.26437595239106
0.9999974635718929 -0.0014580867737790434 -0.001716633944110872 -0.3397491349752788 0.0014610061497609267 0.9999974867743592 0.0017005597528435728 -1.3123453030610812 0.0017141502124824865 -0.0017030634860905202 0.999997080629227 67.6318093398823
0.999998588309794 0.0014031772011897578 -0.0009243745249574712 -0.3600225431502826 -0.001400643769344517 0.9999952768867033 0.0027357637325415188 -1.3438437582989917 0.0009282090008987726 -0.0027344652067966485 0.9999958305563572 69.08156548343186
0.9999907191638521 0.004301471451278987 -0.00024273635850945684 -0.38084103322846063 -0.004300469527688339 0.999982799284384 0.003988371162157629 -1.3651276656180527 0.0002598880728793302 -0.003987290348518669 0.9999920169556972 70.46527148356354
0.9999683692526602 0.007941272624985164 0.0004434714446897329 -0.4108921624033737 -0.007943256661719005 0.9999575654442067 0.0046660476208978474 -1.392533668766714 -0.00040639830100212414 -0.004669422735615671 0.9999890156057648 71.89944769679089
0.9999192308903742 0.01268474956408739 0.0007929654404990574 -0.41537153034673663 -0.012688043741489656 0.9999102742744275 0.004296158342654568 -1.4169235942448473 -0.0007383986581344655 -0.0043058726199481975 0.9999904570685961 73.28164876701915
0.9998907068469807 0.014695825440380797 0.0016146330884926699 -0.43218506625228353 -0.014701559135280397 0.9998854530068562 0.0035979245924388256 -1.427271751064467 -0.0015615737953031735 -0.0036212690691096454 0.9999922239178485 74.66528881396589
0.9998372275072377 0.017921674840759388 0.0020813491735721663 -0.43596647550301854 -0.017929012609381227 0.9998329193502072 0.003561451904735627 -1.4655295793355587 -0.0020171744060343754 -0.003598188816917941 0.9999914919851259 76.13056253203021
0.99984248539948 0.017587388694303978 0.0023849745509559837 -0.44639205853947606 -0.017596501999426778 0.999837737652985 0.0038550655150193613 -1.490450835135555 -0.002316787217425287 -0.003896425583756406 0.9999897251284017 77.48779889319376
0.9998512639349801 0.01706859225287944 0.0024724730003084982 -0.45079880056083943 -0.017078152582420944 0.9998465587460844 0.003898167998649688 -1.5271637310603607 -0.0024055575819795496 -0.003939813560408218 0.9999893455229697 78.90975291348074
0.9998601373212544 0.016497058265228542 0.002748240091168529 -0.47007894748378265 -0.016504516681089904 0.9998601097422594 0.0027132856924293068 -1.5492280070309912 -0.002703094634197648 -0.0027582646442564688 0.9999925425984634 80.27995418409438
0.9998666829945636 0.016163056154456984 0.002317717207943495 -0.4607157597569619 -0.016169171490114233 0.9998657744602021 0.0026440497566167626 -1.5761221258553184 -0.002274670377449638 -0.0026811728901989617 0.9999938185729226 81.67040813706888
0.9998805157875705 0.015332680105318387 0.0019654596571373906 -0.4694495177406812 -0.015338150321864346 0.9998784474814623 0.0027984721493025336 -1.6005260983859249 -0.00192231283341539 -0.0028282843576613085 0.9999941527423359 83.10721349065544
0.9998803610679016 0.01539358870568927 0.0015168847031373695 -0.47785500170814954 -0.015397656988662991 0.9998777842416402 0.002707171795953253 -1.6290081123924216 -0.0014750263501224204 -0.002730204447565258 0.9999951851280962 84.43920689186147
0.9998855516772134 0.015093874458680528 0.0010288163774039064 -0.4951820909371046 -0.01509646703218101 0.9998827657298557 0.0025595933975496622 -1.6509948972373927 -0.000990061665966728 -0.0025748320104089406 0.9999961950012896 85.86221502448946
0.9999002305370676 0.014123664127962312 -0.00022593640609693162 -0.49131433936378355 -0.014122770298364139 0.9998939138603542 0.0035648869854718267 -1.6831915960944492 0.00027626172917474606 -0.0035613405518839687 0.9999936202466956 87.17661734504641
0.9999052879787632 0.013722356372762303 -0.0010545005672172036 -0.5067382562166919 -0.013717671998830696 0.999896538050503 0.004328822359811704 -1.7134387587912656 0.0011137932064018245 -0.004313947171837673 0.9999900746143731 88.58547235549386
0.9999273431620406 0.011813425743755667 -0.0023981944618855296 -0.5104942683068203 -0.011801827186522637 0.9999188612813394 0.004794554821115521 -1.7363072253716534 0.0024546402033759594 -0.004765903492304553 0.9999856303521327 89.96193349382268
0.999942276288604 0.010253758615076979 -0.003210061642349657 -0.5203378340546632 -0.010237689915221268 0.9999351777620449 0.004982971141681581 -1.7664598746767326 0.0032609480211861818 -0.00494981999845663 0.999982432599221 91.33011724306373
0.9999498350578959 0.009277822368469944 -0.003774831404169894 -0.5267553347329318 -0.009260811110560865 0.9999469947880636 0.004499445682816582 -1.7916477676127291 0.003816376701779995 -0.004464262065976272 0.9999827526718521 92.70134716755048
0.9999564669777337 0.008483347083926866 -0.0038854788601209236 -0.5444604298511746 -0.008466306136994645 0.9999545606386873 0.004381590542306992 -1.8186981497049395 0.0039224731942605895 -0.004348504240305879 0.99998285221458 94.05647753101911
0.9999606358815653 0.007902852716518253 -0.004033804881375975 -0.5581707478540192 -0.007887577950184431 0.9999617149046433 0.0037887801561664273 -1.8376609752992197 0.004063592964269879 -0.003756814147142141 0.9999846866668071 95.47560838462775
0.9999566847030704 0.008375838154798929 -0.004058820896429423 -0.5674849761413855 -0.008362919219739619 0.9999599430735887 0.0031896469803391592 -1.868002016655109 0.00408537462669061 -0.003155565300482782 0.9999866759762869 96.78309189909378
0.9999540071510074 0.008826664788448142 -0.00375147237939413 -0.582619698310118 -0.008816898679705054 0.999957718891674 0.002612038570764207 -1.8966836556358497 0.003774369672357461 -0.002578842144459166 0.9999895518025419 98.11661234501676
0.9999437081107828 0.01005767723720889 -0.003379897807782946 -0.6045645674449621 -0.010049047318445947 0.9999462279028832 0.002560853992209653 -1.9163326501242524 0.0034054725956984186 -0.0025267451441741856 0.9999910091206081 99.47218921735508
0.9999403144999217 0.010451505232387198 -0.003183307456399275 -0.6185581226827142 -0.010439103015781808 0.9999379514596899 0.0038882363597463913 -1.9441472973068548 0.003223748134377249 -0.003854773500551151 0.9999873740082291 100.82675786693258
0.9999369574427582 0.010795534799318975 -0.003088290443818885 -0.6339734163998262 -0.010779042727528464 0.9999278154281949 0.0053081253363406 -1.9686444284185183 0.0031453718380902744 -0.0052745019986830495 0.999981142958009 102.1960022825763
0.9999415893669342 0.010419195296400419 -0.002873707469466198 -0.6469952425787798 -0.010407330590436449 0.9999373815653938 0.004113446380572978 -1.9942600613939505 0.0029163865726964033 -0.004083298578744766 0.9999874106048331 103.54519870269993
0.9999421957598964 0.01038820947280222 -0.0027731235160793483 -0.6581173766136064 -0.010383654923720599 0.9999447237763193 0.0016520066305648446 -2.016479616237873 0.0027901318556606135 -0.0016231160221432796 0.9999947903183374 104.85575034509151
0.9999503636094643 0.009503103566301638 -0.002993545264981727 -0.6763756746481173 -0.009501984820329875 0.9999547798871782 0.00038792591112358187 -2.043668201361643 0.0029970966496005178 -0.0003594620510169171 0.999995444091676 106.24543027137491
0.9999647680163419 0.007896048250087441 -0.0028487060432393126 -0.6836729334085205 -0.007891850175509042 0.9999677605296982 0.0014820994046580178 -2.0741746906417067 0.002860317173273503 -0.0014595656632109034 0.9999948441162384 107.54865170582876
0.9999855634006111 0.004909980378549236 -0.0021829039712810755 -0.7038326956315876 -0.0049028391887552284 0.9999826509450589 0.0032649633447526865 -2.096632750165844 0.002198897194066138 -0.003254213852337627 0.9999922874441425 108.9159525401635
0.999995151661908 0.002788425491106106 -0.0013861199917903104 -0.7042970372287379 -0.0027825209860034075 0.9999871242372426 0.0042436942368161605 -2.124873385860845 0.0013979354910196068 -0.004239816840823252 0.9999900348167282 110.24549362475184
0.9999964590258215 0.0025643364171635246 -0.0007114132601631405 -0.715124780568424 -0.0025621610777812904 0.9999920900162936 0.0030422425028187234 -2.1525359468116814 0.0007192090292146543 -0.003040409037425216 0.999995119314589 111.58999707111164
0.9999922833659037 0.0039274655406341275 -9.063962975384477e-05 -0.7275979356588801 -0.003927388756862082 0.999991939157858 0.0008350114483928985 -2.172371628889893 9.391838616812256e-05 -0.0008346490473867348 0.9999996472702256 112.89798647143614
0.9999754563603315 0.006939729546460156 0.0009627137419331061 -0.7347598235125472 -0.006938616786245072 0.9999752606185618 -0.0011548863523737603 -2.207321250166108 -0.0009707046073503826 0.0011481781236344735 0.999998869708375 114.24800868826625
0.9999541630693138 0.00921342090779804 0.002604730013010025 -0.7496903447987847 -0.009209357980222788 0.9999563639699989 -0.0015677698044355688 -2.2273758968449093 -0.0026190610992061695 0.0015437100770487328 0.9999953787266075 115.56434732403885
0.9999358155426882 0.010577142376493414 0.004060644589458433 -0.7537613429114909 -0.010577426474633988 0.9999440563043124 4.832502597580137e-05 -2.259126030363666 -0.0040599066250051365 -9.127310044125849e-05 0.9999917543773076 116.94005759643649
0.9999380195404413 0.009936250698644884 0.005022746517346053 -0.7622607866281375 -0.009946982838125527 0.9999482884320657 0.0021161324138733654 -2.2815905049859326 -0.005001460782609298 -0.0021659624746523066 0.9999851468854033 118.24249004555536
0.9999367666962667 0.009534183130712501 0.005963383750632481 -0.7663025065525574 -0.009552527590851146 0.999949706238202 0.0030551974693947626 -2.3093593323663804 -0.005933955517005368 -0.0031119697307862956 0.9999775516534297 119.58066505870174
0.9999230350725565 0.01023356879769088 0.007014127464030927 -0.7702388381036833 -0.010250169560034335 0.9999447398112308 0.0023348170956669035 -2.335620864645269 -0.006989846940038817 -0.002406533442041238 0.9999726749418633 120.93035876500977
0.9998974545360476 0.011837914694967528 0.008058794357707722 -0.7683275974504585 -0.011853220644708302 0.9999280291926039 0.0018540828958792937 -2.3589000095487775 -0.008036266562903259 -0.0019494154766892785 0.9999658085117185 122.27703046124857
0.9998632712836745 0.013651479401475437 0.00933144258301371 -0.767370963326371 -0.013665410156268563 0.9999056004518969 0.00143065868316829 -2.3821206118118496 -0.009311031877948421 -0.0015579810948750327 0.9999554376938905 123.61777938522306
0.999828964135224 0.01511569684335618 0.01065636675976595 -0.7662374365063278 -0.015123517292671904 0.9998854194853747 0.0006535782845013888 -2.4098862297679027 -0.010645267356448407 -0.0008146282651127261 0.9999430057043678 124.93237370205219
0.9997957584038689 0.016441637194096484 0.011752191541748318 -0.7638793156399686 -0.016439302929579132 0.9998648219454344 -0.0002952956536408152 -2.437442248431969 -0.011755459041881492 0.00010203750412871505 0.9999308969947522 126.29178782328205
0.9997921068850304 0.01594877059784241 0.01270353061783788 -0.7555608943822444 -0.01593860429867005 0.9998725662655495 -0.00090120201961213 -2.4658930847500518 -0.012716285899939714 0.0006985381301054179 0.9999189007672157 127.61940857169198
0.9997833642511431 0.015725355022420402 0.013635898929163438 -0.7525754689597633 -0.015726949557744743 0.9998763238553262 9.632489247906462e-06 -2.4962147491634172 -0.013634062172414387 -0.00022408150250325792 0.9999070267434964 128.93946291919275
0.9997961191897762 0.014123900405317864 0.014430365863747385 -0.7372738679178075 -0.014140671450066014 0.9998994530569681 0.0010607653355648593 -2.5167092518374026 -0.014413934008563157 -0.0012646041524609346 0.9998953141596353 130.31757114756877
0.9997998438450963 0.01353349570720308 0.014734880778521179 -0.7269442236763517 -0.013555629444960325 0.9999071336330552 0.0014032297700272917 -2.544890858803723 -0.014714523042644295 -0.0016026895186760895 0.9998904510964847 131.65161337243498
0.9998178472451887 0.012016197287443893 0.014828462763627868 -0.711021141768867 -0.012037353544351644 0.9999266529275522 0.0013382501590842324 -2.5784205462649146 -0.014811295712561434 -0.001516501868970341 0.9998891567256204 132.98841672844603
0.9998457788846495 0.009761940460159236 0.014598731015451878 -0.6981566969094113 -0.009790535774932302 0.9999502882180829 0.0018885241866621937 -2.598314724236974 -0.014579570856915601 -0.0020311623702703382 0.9998916493745722 134.32970939460805
0.9998648608255484 0.00836008663479401 0.014155176592169437 -0.6871756691458535 -0.00839318965898214 0.9999621755623492 0.0022807520131883463 -2.629072511113798 -0.014135575089311493 -0.0023992509182202853 0.9998972092708088 135.6594408384534
0.9998787457659027 0.00863067992937017 0.012961678761728693 -0.6752657485662161 -0.008656522028592897 0.9999606518666502 0.0019389077786984325 -2.6566320226156916 -0.012944435744211193 -0.0020508757721422236 0.9999141140550467 137.0026540427844
0.9999224087210248 0.004079881332013167 0.011769923723196666 -0.6624283935993969 -0.004116993686847692 0.9999866246895972 0.003130624866045894 -2.6686828057066725 -0.011756994710113973 -0.0031788387147275465 0.9999258312765301 138.37014978508475
0.9999375018422023 0.0028885288532570635 0.010800407958637728 -0.651410614344535 -0.0029264795688282337 0.9999895940194831 0.003499653507137759 -2.694326553817264 -0.010790187628854354 -0.003531042021489394 0.9999355497166581 139.67869360587372
0.9999499147395522 0.002812520407775061 0.009605089439209956 -0.6426387527178694 -0.0028433596489055423 0.9999908422371423 0.0031985547144553167 -2.7227088904207557 -0.009596006286176382 -0.003225705295664076 0.9999487544281361 141.03704858482362
0.9999597992758609 0.0028203926237305495 0.008511475749222577 -0.6404860306485456 -0.002843621800244272 0.9999922623802991 0.002718271365305257 -2.746224682029673 -0.008503744014746966 -0.002742365556108899 0.9999600820845099 142.41179326286402
0.9999682131706256 0.0028147803670696622 0.007459870069495879 -0.6358761974035265 -0.0028306502796545665 0.9999937514866476 0.0021176428870848386 -2.770451399214887 -0.00745386338513588 -0.002138691895470743 0.9999699325035966 143.8068800098864
0.9999756069635918 0.002525461199267179 0.006512106064027147 -0.631168703911996 -0.0025258357390857203 0.9999968088605324 4.926548363859216e-05 -2.7979260690934904 -0.0065119614153487425 -6.571279006545663e-05 0.999978794792157 145.09668942159934
0.9999844615125818 -0.001064757332109827 0.005472022726927544 -0.6481875175386274 0.0010693206459213463 0.9999990829410056 -0.0008310649400849555 -2.8432046854257043 -0.005471133289234762 0.0008369033952330443 0.9999846830263446 146.41056842855008
0.9999599610760254 -0.007802535251276915 0.0043814041505624984 -0.6349656534338053 0.0077965663906937425 0.9999686570263122 0.001377863763966878 -2.870796168565426 -0.004392018024435484 -0.0013436487043765489 0.9999894523348459 147.78727797034537
0.9998464984972729 -0.017300217223359483 0.0027716311309018585 -0.6206027412489924 0.017290988038332025 0.9998449865463557 0.003320331524796301 -2.8864065681341025 -0.002828644182522955 -0.003271897657137231 0.999990646683654 149.12754466000993
0.9997728834565279 -0.02124530345793821 0.0016788667779058263 -0.6070269360442038 0.021244834663045567 0.9997742587962144 0.00029739412550826955 -2.9093464363170196 -0.0016848061575004333 -0.0002616593228002375 0.999998546479097 150.45612729589013
0.9997789755623007 -0.020921583290246272 0.00207060008659035 -0.6108336288089373 0.020927615129922843 0.9997766856250443 -0.0029349276030201034 -2.9408612938130507 -0.0020087345301282402 0.00297761171032246 0.9999935493847636 151.7376092012607
0.9998274420526964 -0.018327419927675472 0.0030317996448276183 -0.6259738932984973 0.01834093190743412 0.9998217080165085 -0.004490254753799896 -2.9678193832893367 -0.0029489645663503317 0.004545086061501736 0.9999853227906471 153.1522866862116
0.9998358683191604 -0.017745821479210583 0.0036499664984976474 -0.6346701926087036 0.01776346368263969 0.999830410587391 -0.004858951969795634 -3.0025354913274738 -0.0035631217123982223 0.0049229906226865815 0.9999815339907283 154.49388389816244
0.9998077411730644 -0.019102479638859575 0.004424474503309739 -0.6266040319009925 0.019114424572166645 0.9998137293340016 -0.0026730883308859693 -3.0371777273909566 -0.0043725881084180985 0.0027571457627380523 0.9999866392183422 155.82855251952398
0.9996195973288983 -0.027168277132266046 0.004748194965071658 -0.6205444338864692 0.027163053358662675 0.9996303413015671 0.0011615872890325895 -3.0627829104915287 -0.004777998479705245 -0.0010321699406109365 0.9999880526038836 157.13355760188824
0.9995569049871017 -0.029393819204508627 0.0046901047268190135 -0.6049167792719515 0.029384535175431548 0.9995661063672432 0.002036689037405552 -3.0898726782081467 -0.004747936186962681 -0.0018979700543973828 0.9999869273178451 158.56269770997076
0.9994973479452619 -0.031368600435781865 0.004589373553923096 -0.6078272622402581 0.03135846753818397 0.9995056384366119 0.0022639035951884864 -3.123946984405232 -0.004658120620772116 -0.0021188499317708496 0.9999869061054293 159.88762903369172
0.9995443651777258 -0.029659771012570994 0.005600001975728837 -0.6085055696555716 0.029645268806146353 0.9995569549780396 0.0026555226952120737 -3.144761148723034 -0.005676283593119397 -0.0024882992044604696 0.999980793898616 161.27957192658994
0.9996141359805861 -0.026951885904329433 0.006721234801616696 -0.6151977288108064 0.02693954430794173 0.9996352201545456 0.0019203077875891452 -3.1657973157141113 -0.006770539515670721 -0.0017384998153094264 0.999975568404969 162.60231853485158
0.9996694213344597 -0.024538994641706502 0.007673708262701858 -0.6154951598242961 0.024538180531456164 0.9996988734199441 0.00020044493494742762 -3.1863558796270186 -0.007676316869173624 -1.207980865490117e-05 0.9999705365692679 163.97919442353933
0.999727411224056 -0.021772109436661496 0.008430807171197643 -0.6153798602229127 0.0217797276651591 0.999762463289463 -0.0008126841854980255 -3.2048657192395167 -0.008411111405935586 0.0009960833842291579 0.9999641298645703 165.30343389900244
0.9997650772705604 -0.019819944638229756 0.008772689352296324 -0.6159087466562698 0.019816363809985464 0.9998035140092859 0.0004950688617831895 -3.240489686748993 -0.00878077861946655 -0.00032110973907769496 0.9999613966591328 166.67412162609105
0.9997841386136421 -0.018959983450119622 0.008496776955654452 -0.6120389187236799 0.018961353936112754 0.9998202141137796 -8.061536275626048e-05 -3.262922582325702 -0.008493721605701766 0.00024170838236669897 0.9999638984800431 168.04369925547752
0.9998082992665089 -0.017840276725200582 0.0080677914855788 -0.6084565521110761 0.01785698094781975 0.9998385449523388 -0.0020030603485961555 -3.2858676668499838 -0.008030754428087419 0.0021467428218037315 0.9999654486388794 169.38182282931194
0.9999024611251914 -0.011657618973765639 0.007692085062016809 -0.6107892325018638 0.011697331840938236 0.9999183828911756 -0.005138090502397489 -3.3326660465134412 -0.007631560003293541 0.00522756632851646 0.9999572150023875 170.77157131143414
0.9999413164431165 -0.007765568895250459 0.007553782179959228 -0.6127708404931815 0.007815089599621258 0.9999480200155298 -0.006548406888033634 -3.3594049100529064 -0.007502538068502302 0.0066070562310509475 0.9999500281133097 172.10608334713734
0.9999619595723044 -0.003916084997540148 0.007793824400956406 -0.6216491630101977 0.003960052531539726 0.9999762883885731 -0.0056338831398085746 -3.3879976815995665 -0.007771577492687956 0.005664532899503358 0.9999537567525055 173.46887324178982
0.9999638279860309 -0.000741820474930252 0.0084730413657257 -0.6214913496772667 0.0007695074361945796 0.9999943742733377 -0.0032648551260401437 -3.4207941505353108 -0.008470572480776019 0.003271257169931541 0.9999587732858211 174.86418700591523
0.9999606456494643 0.0023374706117776376 0.008558234993214495 -0.6244364948972935 -0.0023265238148418247 0.999996463078336 -0.0012888452350310216 -3.4597711455134337 -0.008561218085947604 0.0012688836060277353 0.9999625470347591 176.27593098491465
0.9999699452983218 1.3739495364935295e-06 0.007752967494622514 -0.6184205233743322 8.846660377818255e-07 0.9999999575661404 -0.0002913193624917259 -3.4894584197928946 -0.007752968221317328 0.0002913174778139483 0.9999699028526113 177.65666255558205
0.9999756198878208 -0.0033829623090947166 0.006108617433649411 -0.6164912898393455 0.003384294660934194 0.9999942516757431 -0.00020775076186097858 -3.5113432215211393 -0.006107880022456367 0.00022841907030374432 0.9999813206356069 179.05371199059795
0.9999846402536662 -0.003678824682764998 0.0041455416662540085 -0.6126950905662397 0.003695367118581339 0.9999852128087203 -0.003989789572187168 -3.54663377444615 -0.004130802981075655 0.0040050476735096685 0.9999834478904056 180.41126243788236
0.9999946966665975 -0.0019041400378105814 0.002642138474126178 -0.6297636442920059 0.001924844853560372 0.999967288175061 -0.007856051745812765 -3.582783534637172 -0.002627093250586295 0.00786109594773038 0.9999656501841968 181.83250900700278
0.999997251522659 0.0012172592315654492 0.0020038033193921405 -0.6489151437244258 -0.0011993479388816364 0.9999595346339043 -0.008915753527650552 -3.605907110543845 -0.0020145751956569978 0.008913325941908707 0.9999582461808512 183.18471169603194
0.9999820507884419 0.005673114528570595 0.0019271387611891728 -0.6586326886459288 -0.005657039217681747 0.999949989516646 -0.008247204621797923 -3.6435204454385515 -0.001973829894310701 0.00823615485102075 0.9999641342300115 184.58374675497166
0.9999702149156781 0.0074774583564257684 0.0019122983149531393 -0.6640170810227195 -0.007467625413644441 0.9999591182801961 -0.005098662076957866 -3.6838701856178275 -0.0019503453397132402 0.005084229981451492 0.9999851732679468 185.99342445090238
0.999960316661005 0.008594977875875041 0.0023433827860842357 -0.6718805952765723 -0.008587851689112734 0.9999585194293003 -0.0030345087165207655 -3.715722161040048 -0.002369367319750243 0.003014263728020312 0.9999926501276456 187.38319781206215
0.9999575321607007 0.008880140014981632 0.0024651515352061056 -0.6793041905861965 -0.008873508632036559 0.9999570159995943 -0.0026883112811925086 -3.7530803155980488 -0.002488918366787569 0.0026663226187704676 0.9999933479806551 188.7774865011191
0.9999665073409221 0.00779309513846115 0.0025003702205705913 -0.6823836712704527 -0.007787503271253877 0.9999671711734502 -0.0022386122936738167 -3.7819273951918837 -0.0025177340700121885 0.0022190657151408416 0.9999943683636381 190.20788759576547
0.999988080689555 0.004223630385188099 0.0024493714298466527 -0.6815029885561332 -0.0042208099578762304 0.9999904245991295 -0.0011556303531652682 -3.815943117391146 -0.0024542291402197946 0.0011452782688627656 0.9999963325400951 191.60470371049297
0.9999924138024239 0.0026615579920588528 0.002844019257397663 -0.6866813701877927 -0.0026584101902910563 0.9999958502793161 -0.001110083024842544 -3.8468347216508616 -0.002846962247524379 0.0011025140557673046 0.9999953396216024 193.01204511234252
0.9999940092879908 -0.0010673051452880517 0.003292757757025306 -0.6877413372487755 0.0010677094211637393 0.9999994226766898 -0.00012100095371622276 -3.871255786941627 -0.0032926269893811862 0.00012451594326415145 0.9999945715348395 194.4116968177727
0.999974739481904 -0.006199070425923051 0.003477346093896466 -0.6864899608709623 0.00619454403248264 0.9999799541688571 0.0013110594518204051 -3.8977356811742094 -0.0034854040305410837 -0.0012894857781184012 0.9999930945666882 195.85218290297735
0.9999455205733224 -0.009712826306623686 0.003823206089400042 -0.6845106925613854 0.009707566858001728 0.9999519115927712 0.001391990575518458 -3.917690773879807 -0.003836542722614286 -0.0013548007280922455 0.9999917226909956 197.27123005536828
0.9999564687166643 -0.00839870794757385 0.004064774340585083 -0.6849188413375235 0.00840991468315862 0.9999608609455987 -0.0027477086894804824 -3.952219214600965 -0.00404153838956703 0.0027817735481504248 0.9999879637767443 198.6750676741868
0.9999899985893079 0.00019011488036827645 0.004468398206403842 -0.6947666467853929 -0.00015605985012730195 0.9999709519780366 -0.00762042292816758 -3.991019945627498 -0.004469717548028195 0.007619649529306558 0.9999609805192934 200.07091296625728
0.9999591938771295 0.006884293152784515 0.005849536748571416 -0.711335469284365 -0.006834469522434221 0.9999405579294971 -0.008495330950354598 -4.013139562212422 -0.005907673895284973 0.008455005974388734 0.9999468047138168 201.53863632372594
0.9998474315560278 0.015968764596731855 0.007078992311555796 -0.7350450925797751 -0.0159341652099253 0.9998609505840713 -0.004917511450819289 -4.048255754224702 -0.007156535174251107 0.004803963449012066 0.9999628522763796 202.99309726384723
0.999811346581976 0.01771426228526092 0.00796718992370963 -0.7434983782137287 -0.01769641194069542 0.9998407480094922 -0.0023055744625476264 -4.082484435648593 -0.008006763363077263 0.002164148868744418 0.9999656035049943 204.44262398453657
0.9998633358395602 0.014825708613091716 0.007314914640711981 -0.7381797935131289 -0.014812750468458247 0.9998886240716228 -0.001822611933667722 -4.104909702431841 -0.007341122071442272 0.0017140088710670283 0.9999715846430252 205.86246813189047
0.9999109860008448 0.011829476089236509 0.006171186934002527 -0.7334222230460186 -0.011819492012485918 0.9999287828158915 -0.00165194835969318 -4.1391926909447125 -0.006190289648227849 0.0015788610455851728 0.999979593544529 207.29146003213006
0.9999244891821517 0.011118437073907458 0.005234144670662548 -0.7324280912409802 -0.011107913089203943 0.9999362333330607 -0.0020355738241498826 -4.181982741817503 -0.00525644375270092 0.0019772797269408094 0.9999842299546875 208.75602270445705
0.9999200700389447 0.01166714847917726 0.004871463570100359 -0.7292698974535703 -0.011652400667487451 0.9999274720607123 -0.0030450295567492156 -4.203546088811758 -0.004906637482668588 0.0029880219762487173 0.9999834981776453 210.233720622153
0.9999184491300037 0.011924845067678193 0.004570901023317468 -0.7294380705749912 -0.011911467330796996 0.9999247249676653 -0.0029430211050624944 -4.235970178178135 -0.004605652411622285 0.0028883350124613524 0.9999852226314425 211.64987078924636
0.9998998769899754 0.013401316633370765 0.00454320147931532 -0.7427255021788755 -0.01339000561253142 0.9999071965438612 -0.0025111915830498977 -4.267956115728798 -0.004576433517624789 0.002450106703432142 0.999986526523217 213.1418703159483
0.9999111768521626 0.012647352343439713 0.004205099144369014 -0.7478102189617364 -0.012636404542463097 0.9999167247048056 -0.0026201082101726257 -4.310628791436853 -0.004237886756227437 0.0025667381943345704 0.9999877260075307 214.6056462411754
0.9999077831925387 0.013002815513721747 0.003918146536041294 -0.746100647744 -0.012989080457199962 0.999909474243811 -0.0035110025225039256 -4.343257131091577 -0.003963445099507208 0.0034597856899165956 0.999986160394719 216.0899240135506
0.9999280370766302 0.011411095937644302 0.003702368846571496 -0.7472538513180769 -0.011396681659365374 0.9999274834309624 -0.003891471936850321 -4.37017062103928 -0.003746506643563182 0.0038489972461942007 0.9999855743476569 217.53331350545486
0.999930909322573 0.011354462609361751 0.0030418312285617768 -0.7464617723487488 -0.011343404270064519 0.999929077805102 -0.0036285763730775572 -4.401213548292549 -0.0030828162941368914 0.0035938210155753033 0.9999887902822084 218.9582417021787
0.9999224068240186 0.012067275990930033 0.0030921119429724864 -0.7534496698888922 -0.012053353419966353 0.9999173080146526 -0.004482614570193903 -4.437173243948521 -0.0031459494675176464 0.004444996512755724 0.9999851723919613 220.45143019319107
0.9999238214544652 0.012033735456114752 0.0027459922554568745 -0.7549438226097147 -0.012021422001050669 0.9999178036797198 -0.004457726619904136 -4.478931007021409 -0.0027994098888146236 0.004424376385322369 0.9999862940031025 221.93714212789789
0.9999166268797705 0.01269131067307791 0.00238115410111841 -0.7712065056664843 -0.012679992409243026 0.9999085128132428 -0.004709971067239383 -4.511564438443602 -0.0024407121729748877 0.004679385450821073 0.9999860730392576 223.38409554696028
0.9999116596982413 0.013092876951632786 0.0022911445357619658 -0.7722038982902113 -0.013081696899829333 0.9999027711131643 -0.00482882585136668 -4.546441345523448 -0.0023541451966977316 0.004798427299524484 0.9999857164442559 224.95965394205723
0.9999107323138413 0.013250171552429192 0.0017205600456297735 -0.7847467841137952 -0.013241796805766756 0.9999008439031644 -0.004791368520257461 -4.576598258444954 -0.0017838760519434877 0.004768157584639657 0.9999870411444515 226.40057838777219
0.9999185113749006 0.012660831827804758 0.001635212070251643 -0.7959306234461374 -0.012652560993338953 0.999907584507955 -0.004973446995835403 -4.615389578409495 -0.0016980290756720947 0.004952352185313946 0.9999862953573726 227.91894043835532
0.9999289155333668 0.011817695584110612 0.0015830114575082178 -0.7927039727419127 -0.011809544659114556 0.9999174444989383 -0.005063483996441627 -4.649259453315604 -0.0016427196273510125 0.005044429508587248 0.999985927501335 229.3694665538412
0.9999432995949405 0.01052253279625565 0.0016351992878875612 -0.809280329404598 -0.010514091070956948 0.9999317782560699 -0.0050884916368183234 -4.688602245037542 -0.0016886316993794997 0.005071010576311348 0.9999857165840971 230.86768671780843
0.9999571907786665 0.00910445580579733 0.0016509017611624135 -0.8065172195620303 -0.009097380623629546 0.9999496116992614 -0.0042440250624290275 -4.732845614769841 -0.0016894582604511724 0.004228824575077401 0.9999896313317188 232.37084690911337
0.9999695063349726 0.007598805570545418 0.0018012607989330398 -0.8034402676372985 -0.007591852078424402 0.9999638217891258 -0.003836523330699592 -4.758898641559597 -0.0018303487856830742 0.0038227315065165637 0.9999910182318716 233.8718563416341
0.9999554393761881 0.009257487156556138 0.001848830830821738 -0.8133494260154244 -0.009249569943803004 0.999948206297287 -0.004246198248786536 -4.80091999893068 -0.0018880443623746593 0.004228908223255943 0.9999892757529599 235.34998780791776
0.9999425776639473 0.010481631458919366 0.0022308643068164402 -0.8268622929651632 -0.010471013176046668 0.9999340393139902 -0.0047196322625224305 -4.834512608612243 -0.0022801868006629136 0.004696001927045468 0.9999863740625773 236.87949623825318
0.999934062448657 0.011209519175984204 0.0024934738163020706 -0.8373561315132554 -0.011198727536060153 0.9999280428078884 -0.004300899278047817 -4.873570920470964 -0.002541505624828787 0.004272692031088897 0.9999876423478546 238.4052640401045
0.9999343035652778 0.011071494782620837 0.002968254459539455 -0.8407894326015157 -0.01106509010361085 0.9999364345932802 -0.0021657747009256123 -4.906412052838358 -0.002992044399828663 0.002132788450195021 0.9999932494170766 239.92432736172503
0.9999509804307954 0.009181020288451653 0.0037075040203825987 -0.8418900980545857 -0.009173809455897982 0.9999560038780784 -0.001957434251968588 -4.930516011345947 -0.0037253124651370445 0.0019233263978528758 0.999991211390329 241.4747866457033
0.9999313849386119 0.01089641047038293 0.004300422444305481 -0.8436677929430587 -0.010882529301059811 0.999935539814756 -0.003238332449439025 -4.968108775152714 -0.004335431807556037 0.0031913108358838076 0.9999855096754817 242.92402357548136
0.9999256461460305 0.011029001148192427 0.005202239225230272 -0.8342679800269878 -0.011004832450986586 0.9999286240643037 -0.004651931387165136 -5.001954324248981 -0.005253174515527257 0.0045943358134747595 0.9999756478185184 244.4743138627659
0.9999190627025939 0.011629636073243126 0.005159417285133348 -0.8531523869441594 -0.011607164755678117 0.9999231102952756 -0.004364315715816612 -5.032410663083868 -0.005209776427055267 0.004304076353589434 0.999977166314541 245.96214473767668
0.9999153782949686 0.01190196820833742 0.005251607292192392 -0.8549105581942795 -0.011883316510716207 0.9999230223236635 -0.003568787553409286 -5.071531214407969 -0.005293679082633692 0.003506079109173606 0.9999798419793829 247.49552601765095
0.9999171218513023 0.011899512973829157 0.004914366340520534 -0.8544341010759413 -0.011886480087714639 0.9999257808551337 -0.002672901259556315 -5.115882237590528 -0.0049458082445082395 0.002614265263234402 0.9999843521736922 249.0359770961093
0.9999166856584201 0.012040321712525795 0.004653210852594886 -0.8610130126077302 -0.012028123828966949 0.9999241725762605 -0.0026407127925747306 -5.148026587197596 -0.004684653441930335 0.0025845234325195584 0.9999856870251891 250.52294664142343
0.9998944041477882 0.013703646402726827 0.004836382962398371 -0.8619959194180776 -0.013693056036166246 0.9999037895613683 -0.002216274325759222 -5.181789226749355 -0.0048662891054085475 0.002149815469301354 0.999985848658949 252.0869146503408
0.9998854407868677 0.014250798674980754 0.005100981163224017 -0.8656833549604968 -0.014239054740356678 0.9998959014743933 -0.002331431186883372 -5.213538553106186 -0.005133675351635331 0.0022585309877242265 0.9999842720809872 253.58610541385548
0.9998842689399364 0.014321336730667236 0.005133031241147795 -0.8623414477066391 -0.014308712505175817 0.9998945299212497 -0.0024879342490067412 -5.238721960278526 -0.005168120843684874 0.0024141992902469663 0.9999837309491016 255.12197868394867
0.9998966361950986 0.013426121403290348 0.005143555374581463 -0.8692983155423458 -0.013415546975132895 0.9999078336131748 -0.002085044867109749 -5.283348037360875 -0.0051710758166608195 0.002015825773846743 0.9999845980891476 256.656596156385
0.9999184101418458 0.011794687785580975 0.004904933914357784 -0.87003611858753 -0.011786867810876608 0.9999292196532179 -0.0016203269102330008 -5.310305747384718 -0.0049236984095584226 0.0015623809260871763 0.9999866579880815 258.1762947988849
0.9999442304106981 0.009311628036172167 0.004982934519483926 -0.8718248427466027 -0.009310289118891993 0.9999566157098244 -0.00029195117373911894 -5.3524978482806 -0.004985437301246325 0.00024554233247043255 0.9999875424815626 259.6962409091605
0.99994876754025 0.008872536243291405 0.004872410210002127 -0.8584529347206524 -0.00886554910583478 0.9999596433460325 -0.0014538700159141386 -5.384882613821737 -0.004885113504787157 0.0014105989635793837 0.9999870728519474 261.2486648297454
0.9999542961932641 0.008297976613301467 0.004748588859034734 -0.8585430696740228 -0.008286511964420524 0.9999627160463169 -0.002429044032971705 -5.423254064848174 -0.004768568368908332 0.00238958382264179 0.9999857752184746 262.81588236173593
0.9999761346284967 0.00452454457805187 0.00522098331825769 -0.861435461009568 -0.0045211045027521764 0.9999895549282921 -0.0006705648066609943 -5.4514524101143955 -0.005223963227363712 0.0006469442057320111 0.9999861457368434 264.3856825542877
0.9999820282481326 0.0022148145773270784 0.0055711559951389 -0.8529047173490295 -0.0022208206994249226 0.999996959282542 0.001072093677694146 -5.473671754876264 -0.005568765035993398 -0.0010844469673835738 0.9999839062829974 265.92101349994465
0.9999820913096958 0.0017632473611878556 0.005719092720955755 -0.8493085320408149 -0.0017662837479510028 0.9999983018388358 0.0005258936822477614 -5.511714194644192 -0.005718156211279242 -0.0005359858119666034 0.9999835075654165 267.4463996183205
0.9999806858404392 0.0019833260340886335 0.005890192401795419 -0.8491036633514584 -0.0019805134587774463 0.9999979219847759 -0.0004833178137333982 -5.54535088102805 -0.00589113923705333 0.00047164288610188423 0.9999825358601694 268.94388788106943
0.9999741854425293 0.002654882906916663 0.0066768291109511315 -0.8543127661870974 -0.0026478132164016403 0.9999959247776259 -0.0010674821783673238 -5.578772671587627 -0.006679636507090242 0.0010497756495185457 0.9999771399490356 270.5156288548697
0.9999555852710011 0.00540251529382443 0.00772271389634929 -0.8657332120243372 -0.005395114898114041 0.9999849672148022 -0.0009788209412867092 -5.6123280935300235 -0.007727886551739937 0.000937112559047309 0.999969700332271 272.04958718583777
0.9999435302683217 0.006173517891428633 0.008650083569981298 -0.8562378840316094 -0.006161400570046742 0.9999800004578401 -0.001426828653663737 -5.641550880029124 -0.008658719857742934 0.001373451480584455 0.9999615693587453 273.5506691827467
0.9999285436261662 0.007196163695494798 0.009545829537624778 -0.8588717177120916 -0.0071820017309705666 0.9999730583095883 -0.0015170765675871418 -5.674910413534804 -0.009556490297404498 0.0014484100293501046 0.9999532867062022 275.0894768457843
0.999918368057233 0.007197529268326694 0.010557120149779683 -0.8434495232365822 -0.0071811593464298235 0.9999729546610847 -0.0015877380236320748 -5.7039510577110795 -0.010568263314582216 0.0015117960843459976 0.9999430115142747 276.6311012243123
0.9998956545896555 0.00882324877296627 0.011438103026934954 -0.8490142394855498 -0.008794420551771704 0.9999580302064117 -0.0025682703219857255 -5.7489377591906745 -0.011460284431139528 0.0024674108976359133 0.9999312845178934 278.2213819666704
0.9998899706449887 0.0082691298941949 0.012315359616907688 -0.8423235285465286 -0.008231960587335045 0.999961417081664 -0.003065810002974118 -5.780922961813425 -0.012340237081333319 0.0029640931810265784 0.9999194631040031 279.725961665816
0.9998653301105427 0.009511255504853187 0.013373767070674284 -0.8166103905711637 -0.009474966231919416 0.9999512630660621 -0.0027742618822319837 -5.831818793801058 -0.013399503122999269 0.0026471723371024798 0.99990671854387 281.2681017483093
0.9998777141700671 0.006563370262016163 0.01419432520643898 -0.7983531048779595 -0.0065441151389830044 0.9999776034066025 -0.001402588972260763 -5.856892050869981 -0.01420321421443659 0.0013095281893816767 0.9998982717442255 282.86997076391873
0.9998850347907563 0.005479083586731321 0.014138487840628673 -0.7990518336998541 -0.005459509305914612 0.9999840846939215 -0.001422718517214652 -5.890084064432948 -0.014146059212851721 0.0013453657819840648 0.9998990344003721 284.4235166241001
0.99988693454457 0.004572933183545202 0.014325027223248295 -0.7893360889983648 -0.0045144754296729366 0.9999813614174228 -0.004110515572361577 -5.930947823832923 -0.01434355855384889 0.004045380919527732 0.9998889424413716 285.99255678041527
0.9998927111881488 0.003816297496081809 0.014142205762326584 -0.7600924012657132 -0.0037302663718043628 0.9999744085524912 -0.00610469982785006 -5.961525309170685 -0.014165142395730572 0.006051290795160487 0.999881358270037 287.55994157227576
0.9998966842209019 0.00464051202090558 0.013604650986426029 -0.7355088015721934 -0.004559744688604058 0.9999718325276112 -0.005961785693914297 -6.0081934950936295 -0.01363193467309529 0.0058991361361202845 0.9998896791870435 289.10183263791583
0.9999104303431484 0.0037257514647630347 0.01285496268958123 -0.7312898317228422 -0.0036500784608583317 0.9999759028164069 -0.005905143578989008 -6.050110060522148 -0.012876655111726204 0.005857693157960538 0.999899934582609 290.65762784441256
0.9999207827415129 0.004100466723471636 0.01190018540752209 -0.7209014122452579 -0.0040228047271547215 0.999970504272303 -0.006542754404591965 -6.0859295426472535 -0.011926663763074871 0.006494364117985322 0.9999077847081828 292.13096699769005
0.9999258880940444 0.004148989187036829 0.011445706908803817 -0.7057916134829043 -0.004071561024364713 0.9999687273755095 -0.006779872386791767 -6.128620056420782 -0.011473479564097798 0.006732768162245048 0.9999115106314325 293.71926339394696
0.9999319596615236 0.004338951064610467 0.010828183112015981 -0.6970440905235317 -0.004269513714132112 0.99997022833086 -0.006427574410135229 -6.159617536030305 -0.010855750592648171 0.006380906130781386 0.9999207152116668 295.2407015798579
0.9999478244279835 0.003161956955425406 0.009713416034343997 -0.7071147542130993 -0.0031003100862304865 0.9999750000445765 -0.006355105740984048 -6.209191410896421 -0.009733268598083314 0.006324659688162867 0.9999326288082434 296.861212548458
0.9999594626106544 0.002130382703983892 0.008748406032507827 -0.6845662119821045 -0.002084058121061773 0.9999837783175164 -0.005300925147985169 -6.236523817517344 -0.008759557862594627 0.005282478185295273 0.9999476814130117 298.423933883773
0.999962041552842 0.003041796082597854 0.008164737067352934 -0.6933913487643928 -0.003009605996315037 0.9999876619331798 -0.003951994292585163 -6.275077462913453 -0.008176658185433807 0.003927271721114296 0.9999588585490421 299.9255016763729
0.9999518090485647 0.003998222881223936 0.008966258622296172 -0.6801053828204153 -0.0039646090916723555 0.999985058505127 -0.0037635952187325484 -6.313292256286611 -0.008981173107789954 0.0037278662147702526 0.9999527196502755 301.556148171787
0.9999401647648204 0.004743408642035376 0.009857330381822718 -0.6950198247219231 -0.004705375814839031 0.9999814101972561 -0.00387797726861565 -6.3445294820685385 -0.00987554280488023 0.0038313628648781106 0.9999438955790775 303.15188439294377
0.9999377356762549 0.004168735259481074 0.010351155291007365 -0.6797297607350947 -0.004126705986699382 0.9999831682706122 -0.0040784165108617475 -6.387257442059233 -0.010367983781614434 0.004035446481292565 0.9999381081232251 304.74515293918955
0.9999426823720345 0.002618126861877363 0.010381588724006298 -0.6674116150274382 -0.002570989904364375 0.9999863381883142 -0.0045512034095032535 -6.421838784051419 -0.0103933634027796 0.0045242516811465775 0.9999357525046233 306.3199921762142
0.9999363810631119 0.0005038515560795024 0.011268538756299608 -0.6442738949209303 -0.0004272212816731555 0.9999767765694313 -0.006801750106004681 -6.459739676483535 -0.011271705092673804 0.006796503369071279 0.9999133743479253 307.895734318157
0.9999340156514087 -6.409518303985076e-05 0.01148739490035612 -0.6324108070619416 0.00015699790438523063 0.9999672902489061 -0.008086642286240934 -6.503596898881445 -0.011486501813008226 0.008087912360153925 0.9999013181027744 309.5067734365781
0.9999569275939773 0.0007196518416606509 0.00925338120723708 -0.6338393965401194 -0.0006384650823626648 0.9999613064607297 -0.0087737075647176 -6.54856247554393 -0.00925933796567033 0.008767421879017669 0.999918695178545 311.1047037118257
0.9999732322671663 0.001379641296263597 0.007185495342588645 -0.6160623618536397 -0.0013201877292311863 0.9999649124464336 -0.008272302122311956 -6.58278008770214 -0.007196656645772577 0.008262594656413373 0.9999399670261964 312.7018180045261
0.999972910415208 0.003155482550975663 0.006649914756638781 -0.6239212016874751 -0.0031216328911550795 0.9999821504945106 -0.005094517286233779 -6.628396468758267 -0.0066658722870165 0.005073620788256853 0.9999649116404914 314.34385493389215
0.9999719495353242 0.001778135790990708 0.007275876524395394 -0.6124560145840059 -0.0017612186186953824 0.9999957325756434 -0.002330867383803494 -6.659410161267394 -0.0072799906910855985 0.0023179876429392596 0.9999708139050745 315.95866820802735
0.9999721276531262 0.0007963916319603465 0.007423589604769867 -0.6093261258491783 -0.0007854119264973352 0.9999985936474927 -0.0014818342077225215 -6.698470534209891 -0.007424759913655488 0.0014759623642371404 0.9999713468237355 317.59343580163505
0.9999708765693834 -0.0002651309514911035 0.007627301346294055 -0.6220441679416531 0.0002859323779113056 0.9999962428415249 -0.0027262694785495376 -6.739350793435116 -0.007626550517601713 0.002728371032826741 0.9999671953178063 319.2408522796088
0.9999675667765214 -0.0007878373234738723 0.008015280124930586 -0.5991311243477662 0.0008107936546724887 0.9999955780107652 -0.0028612185358001985 -6.769886931725822 -0.008012991186138749 0.00286762453917141 0.9999637836915506 320.86896487996256
0.9999666497399887 -0.0011470994163717291 0.008086011337478636 -0.6084274460284478 0.0011677594132466634 0.9999960649665368 -0.0025507621985922163 -6.8067114512388756 -0.008083054226013473 0.0025601197037815942 0.9999640543611771 322.4832871626923
0.9999595142505782 -0.0009288376378633317 0.00895025858742756 -0.5910927549579796 0.0009518464884898607 0.999996252694638 -0.002566823653201914 -6.856933581272704 -0.008947841643854622 0.0025752390643822946 0.9999566511937223 324.0975640720421
0.9999574033128429 0.0004185088694217687 0.00922043471876489 -0.5782655289236103 -0.00039060879713808533 0.9999953408492627 -0.003027491603611239 -6.884593787600747 -0.009221659573252512 0.0030237611263677043 0.999952907819288 325.7259262291457
0.9999489568496288 0.0007887036559097536 0.010072817252676404 -0.5902029922972885 -0.0007493108895043881 0.9999920596172118 -0.003913979714350067 -6.926020804941602 -0.01007582509548452 0.003906232345428663 0.999941607840427 327.3423119283517
0.999939969707229 -4.907274448683399e-05 0.010956942113678347 -0.585077095966672 7.52249597426799e-05 0.9999971496727619 -0.002386417324037941 -6.965513829212405 -0.01095679470263687 0.0023870983582432326 0.9999371232254924 328.95309433640364
0.9999389347772316 -0.0012638008648664552 0.010978594287432353 -0.5765151252075883 0.0012798099358908993 0.999998127908752 -0.0014512972453298292 -7.00435404561927 -0.010976740512516991 0.0014652591743750413 0.9999386802082009 330.60871442671726
0.9999372088662367 -0.001819765140154122 0.011057431391706958 -0.5758975818648988 0.0018460986138227591 0.9999954833078596 -0.0023717675280643547 -7.039559467377682 -0.01105306632472087 0.0023920317683946367 0.9999360519063577 332.2045003461255
0.9999381246311948 -0.0014594055508279098 0.011028012211367228 -0.5492601130233782 0.0014844012560806356 0.9999963473807958 -0.002258711115628929 -7.093624647626758 -0.011024676488123894 0.0022749414071551914 0.9999366385642406 333.8343138604865
0.9999403954154207 0.00032163392667453397 0.010913394255835195 -0.5470115792108448 -0.00027580498024244986 0.9999911395018607 -0.00420057734819876 -7.119821632564711 -0.01091464953172886 0.004197317097410917 0.9999316241363675 335.45768697995226
0.9999430108302119 0.002224019782341157 0.01044168715530643 -0.570811231726695 -0.002148009798316212 0.9999711565107154 -0.007285067212133862 -7.163217400966359 -0.010457589004033638 0.007262223345827349 0.9999189461839948 337.0398660394643
0.9999495593834838 0.0034428982486705857 0.009435313506917948 -0.5507080087743539 -0.0033811362751183403 0.9999728060834362 -0.0065540077375165215 -7.212633199104808 -0.00945762251034331 0.006521775202164777 0.9999340077314103 338.6977656981291
0.9999557073944015 0.004087754429973381 0.008477824735698723 -0.5411732174256841 -0.004055525372550019 0.9999844979209974 -0.003815316443136765 -7.253831473423433 -0.008493290109582932 0.003780765497811763 0.9999567839803277 340.28949957640845
0.9999591570843005 0.005054801309632908 0.007492205537489389 -0.5387160781039029 -0.0050479916847109415 0.9999868286146854 -0.0009275705240406357 -7.288287865222362 -0.0074967961740580215 0.0008897120678699563 0.9999715028203244 341.89413265557863
0.9999646889382987 0.005819022842292281 0.006062989708069105 -0.5480152397675897 -0.00580826888343175 0.9999815300266032 -0.0017898687283105263 -7.325450788418268 -0.00607329352687563 0.001754590086752918 0.9999800180568723 343.5098347054884
0.9999728152519781 0.005563311399877575 0.004839247634550361 -0.5518354034201844 -0.0055483705348376485 0.9999798166105162 -0.0030954752925004465 -7.363633323656441 -0.0048563714683793 0.0030685412639703566 0.9999834997163826 345.1032832068726
0.9999856788779683 0.004490078005991348 0.002912255757327709 -0.5390802028913297 -0.004483335017990543 0.9999872634617478 -0.0023178934883653426 -7.398658909363707 -0.002922626437001267 0.002304803719678711 0.9999930730412958 346.69452560638103
0.999995357877539 0.002421566856070585 0.001849387886671307 -0.5547764371022221 -0.0024189698297824806 0.999996086858641 -0.0014052959972973462 -7.4520750402291105 -0.0018527838258420091 0.0014008158875029996 0.999997302448487 348.3195425848245
0.9999963343814393 0.002312254435970525 0.001408794160691044 -0.5711426748463267 -0.002309375880980652 0.9999952493278385 -0.00204159474412796 -7.481375951000409 -0.0014135082757424228 0.0020383338647190275 0.999996923588881 349.91681820229553
0.9999967061057722 0.00228792714080082 0.0011632560371325625 -0.5675816073551323 -0.002284697341920941 0.9999935524107071 -0.002770433063456727 -7.521610351197095 -0.0011695871871800685 0.002767766303718812 0.999995485756614 351.4694347580192
0.9999970389044117 0.0019465284301781226 0.0014605506225462293 -0.5826396108502726 -0.001942124515374827 0.9999935818570461 -0.0030107143212294556 -7.552428957872911 -0.0014664018160485295 0.0030078688940334587 0.9999944011783994 353.0896714790244
0.9999976024537397 0.00164252294352721 0.001448172760565992 -0.5822256155731353 -0.0016381091263687605 0.999994025730436 -0.0030438634992266144 -7.592520944502108 -0.0014531638498181602 0.0030414839962788678 0.9999943188276911 354.6978476396035
0.9999988105131491 0.001025350720076144 0.0011522274526225306 -0.6007566239990884 -0.0010212478827515727 0.9999931566047965 -0.003555811904879392 -7.634925013612251 -0.0011558656224177498 0.0035546310356574396 0.9999930142610907 356.27194073268373
0.9999981732377949 0.0009633483307067694 0.001650903309091925 -0.5895406142252886 -0.0009563068355386483 0.999990465605663 -0.00426077186025231 -7.678746348911418 -0.001654992319585091 0.004259185391272187 0.9999895601143624 357.8821553480989
0.9999988999713388 0.00036187506930751047 0.0014384380336152716 -0.6025547111307403 -0.0003560663889896629 0.9999917902677968 -0.004036411097416846 -7.71469235308099 -0.0014398870259663117 0.004035894558253192 0.9999908190969669 359.4644860243366
0.9999991546063071 0.00024552235059858724 0.0012769130197224615 -0.6101285340806704 -0.0002392483464964323 0.9999879110482812 -0.004911264410127083 -7.745090244631651 -0.0012781035203966692 0.004910954856491714 0.9999871244030055 361.1048416466049
0.9999987004818228 -0.0007228351180228014 0.0014410229809482663 -0.6106811012405934 0.0007310975441977233 0.9999832505681175 -0.0057414352357718305 -7.8009916836470214 -0.0014368488596769825 0.005742481417939693 0.9999824795317072 362.64663031159034
0.9999962881245829 -0.0024311316386992424 0.00123017939401197 -0.6239342853375172 0.002437208759944248 0.9999847154182657 -0.004962755272562073 -7.8294875927738214 -0.0012180955866985003 0.004965735156153283 0.9999869287723644 364.2470775193301
0.9999843132700401 -0.0054184669364490505 0.00141895694953714 -0.6307171560376009 0.005423786552682292 0.9999781766922703 -0.0037720911853211907 -7.879244699204004 -0.0013984871527210566 0.0037797282129496484 0.9999918789100856 365.8566221022532
0.9999852533662317 -0.005223958818131801 0.001484356143623138 -0.6404119529931572 0.005230016811342256 0.9999778900907805 -0.0041068536854835655 -7.915953580543519 -0.0014628694167336835 0.00411455641708691 0.999990465172688 367.414417978979
0.9999891527091446 -0.004048321891832643 0.002303380670601856 -0.638501272300288 0.004060476777081087 0.9999777275075363 -0.00529688699101248 -7.960052607533703 -0.0022818860618947544 0.00530618246739919 0.9999833185710787 369.0352138954845
0.999996311656865 -0.001899881802788458 0.0019409088885080097 -0.652998302242796 0.0019081861035619967 0.9999889959696379 -0.004285646131478315 -7.994454823814995 -0.0019327454762889994 0.004289334027482637 0.9999889329915995 370.62820224471733
0.9999963800183533 -0.0013779452016053212 0.0023111084824312144 -0.6530027486621619 0.0013861230244346084 0.999992771429481 -0.003540586086904559 -8.029985978110618 -0.0023062132404989754 0.0035437768235056224 0.9999910614715587 372.26152676309664
0.9999964720220162 -0.0006833364880830736 0.0025669045991255166 -0.6662797499233308 0.0006923358345440039 0.9999936120301047 -0.0035066464333194385 -8.069793408563852 -0.002564492201890425 0.0035084112937455334 0.9999905571685928 373.8335522961133
0.999995543785174 -0.0004238828895977917 0.002955120565260997 -0.6739945571063538 0.0004363856251664057 0.9999909519343325 -0.0042315028738834975 -8.121407535560866 -0.0029533004184698584 0.0042327736756873876 0.9999866807311311 375.435878773214
0.999992758867059 -0.00047311826200418725 0.0037760267333358443 -0.6738537941031707 0.0004904894237438024 0.9999892960914522 -0.0046007740723805046 -8.15190553580679 -0.003773809927495487 0.004602592952889273 0.9999822870891215 377.0687328861047
0.9999943112749242 3.896355120061416e-05 0.00337281837210884 -0.685180647068755 -2.252344033516762e-05 0.9999881207776646 -0.004874197008382432 -8.188795998306997 -0.0033729685106940106 0.004874093411724147 0.9999824329919366 378.6595527848253
0.999991789236872 0.000568374398114367 0.00401228279411331 -0.699538478240304 -0.0005494280881283608 0.9999887021954951 -0.00472161108745976 -8.221827947956607 -0.004014921450165631 0.004719367954414398 0.9999808037992062 380.2967332140602
0.9999887830997068 0.0019644805641751356 0.004309813506598574 -0.6887510434039774 -0.001945919491046665 0.9999888327876914 -0.004306704179079775 -8.269812079140863 -0.004318226183211122 0.004298269407830817 0.9999814387264925 381.88225279449125
0.9999854553929303 0.002954770342726327 0.004512021124459345 -0.6925528301844278 -0.002934866135143846 0.9999859617105136 -0.004411683152081597 -8.309664357950886 -0.004524993680119696 0.0043983768959951364 0.9999800891555276 383.48250300458204
0.999978293253998 0.00383157916256584 0.005360225791108003 -0.7025903679038259 -0.0038030709701718703 0.9999786241545062 -0.0053186363454356496 -8.346454476986638 -0.005380490447212166 0.005298135681917281 0.9999714896310472 385.1203359018431
0.9999738622039007 0.0048179402438710914 0.0053909514253511984 -0.707157648283785 -0.004789422026446097 0.9999745355058948 -0.005290537392850606 -8.393405856972727 -0.005416304102847651 0.005264579672844806 0.9999714735155204 386.73287863925157
0.9999644573975273 0.006368839652134119 0.005524655286658422 -0.7136592253296341 -0.0063432083210848795 0.9999690947618539 -0.004644700478085434 -8.427127355100456 -0.005554066371983542 0.004609491444451832 0.9999739521254037 388.33598962963
0.9999515381094024 0.007721020529178935 0.0061079672881325315 -0.6885746599399465 -0.007696854340371591 0.9999624970943304 -0.003970246185224741 -8.468950067609166 -0.006138393096352423 0.003923041721460687 0.9999734645816578 389.9868233622595
0.9999501790411608 0.007758170133105114 0.006280941130659258 -0.7031380820893749 -0.007731086700470243 0.9999607618368512 -0.004324939515796671 -8.502857003210782 -0.006314248832236097 0.004276165626200781 0.9999709219086071 391.56369915835046
0.9999439371352293 0.008493715092253067 0.0063229248157693 -0.7101391516775973 -0.008467431789211931 0.999955446930619 -0.004172142301230632 -8.546760563481099 -0.006358080639303387 0.004118369544236577 0.9999713065065333 393.23015501493995
