1.0 -3.469446951953614e-18 0.0 -1.7787691892340307e-19 0.0 0.9999999999999999 -3.5575383784680614e-19 0.0 2.168404344971009e-19 -2.371692252312041e-19 1.0 0.0
0.9999999398638733 -7.08535559765227e-05 -0.00033948727388392647 0.05569069961672338 7.123806521749064e-05 0.9999993559314045 0.0011327230995349811 -0.026761272848715878 0.0003394068273799933 -0.0011327472383819146 0.9999993008434594 1.3159701006825606
0.9999991075624272 -0.0005587901877283866 0.0012135198795759842 0.11108300046058615 0.0005566348298350308 0.9999982684086526 0.0017757635472657302 -0.04833477912174309 -0.0012145101586562628 -0.0017750865086460634 0.9999976870130872 2.5650198957187875
0.9999985433709497 -0.0015823839360924428 -0.0006397800060662419 0.026328527271934115 0.0015829757516827928 0.9999983188880935 0.000925422175250711 -0.07485722109544973 0.0006383146121443763 -0.0009264336010575634 0.9999993671379966 3.926789717607025
0.9999975774634863 -0.0021837420338485427 -0.0002762982149615747 0.03401693921573039 0.0021839233534928226 0.9999973993188724 0.000657138445745114 -0.09735241426812928 0.0002748624994644805 -0.0006577402794431613 0.9999997459143958 5.243286418480713
0.9999967373145044 -0.0024875599482352007 -0.000580868814109998 0.020244113710847243 0.0024881735377246146 0.999996345093649 0.0010577277440205655 -0.11155966509516174 0.0005782355798141612 -0.0010591696148418144 0.9999992719019455 6.575475079697365
0.9999930103272336 -0.003715465757265767 -0.0004178700529634987 0.014291927975572067 0.003716407960561609 0.9999905029418112 0.002276473699327435 -0.14619659224709497 0.0004094079610564309 -0.0022780108055002616 0.9999973215228847 7.904252991767352
0.9999925638400542 -0.003832163217750314 -0.0004321970326497215 0.004182186001124615 0.0038331869180391887 0.9999897910524347 0.0023925850561514342 -0.16880449781062207 0.00042302388188490193 -0.002394224001117854 0.9999970443672965 9.230968768078208
0.9999938481140443 -0.003409836670226405 -0.0008226490300344833 -0.004310821956770416 0.0034112731721214345 0.9999926487869844 0.0017508804214006503 -0.18899140986868374 0.0008166728369762984 -0.0017536759633688143 0.999998128832099 10.5539119073879
0.9999996722198057 -0.000639949280901695 -0.0004960095099250871 -0.03498688453901219 0.0006396386756264607 0.9999995993694404 -0.000626196762024571 -0.21392673656982322 0.0004964100868606147 0.0006258793023254817 0.9999996809263632 11.885971292375663
0.9999971455834709 0.002243560449647807 -0.0008217396954150735 -0.021674337123608133 -0.0022451242568884188 0.9999956615442473 -0.0019069121445174355 -0.2441322494654692 0.0008174579250427706 0.0019087516443566255 0.9999978442130865 13.231822284749667
0.9999863054762811 0.00518326995783556 -0.0007228838875574248 -0.04565414527745157 -0.005184994467132312 0.9999836681635068 -0.00240400687261426 -0.2611924739736895 0.0007104115226687696 0.0024077221427504067 0.9999968490902701 14.576499845079386
0.9999824505540501 0.00591983096547145 -0.00023275091997519075 -0.07552030186243924 -0.005920140628627477 0.9999815627243577 -0.0013513542662876913 -0.29701303093891607 0.00022474685735643222 0.0013527084908917344 0.999999059833953 15.916090911436985
0.9999924640155256 0.0038821345298947407 -3.05991498730934e-05 -0.0576718621085323 -0.003882103435753033 0.9999919986795669 0.0009653273533046028 -0.31870066090418664 3.434643912159606e-05 -0.0009652013115722177 0.9999995336033671 17.262940449124983
0.9999998818855992 -0.0003885220861262594 0.0002920281472152768 -0.07234765345304983 0.0003874116812166671 0.9999927316090548 0.0037929724274916544 -0.3531600676803184 -0.00029349969989660185 -0.003792858918591018 0.9999927640135711 18.61772165839942
0.9999972310063249 -0.002344695832541462 -0.0002009584136151135 -0.06507384563117194 0.0023450015041628688 0.9999960742035344 0.001533799777064822 -0.3835526997311228 0.0001973613488347667 -0.0015342668063706153 0.9999988035364964 19.969041882618562
0.999993633834049 -0.003567622595210977 -6.607020423965155e-05 -0.07808041518741361 0.00356757904516934 0.9999934240644477 -0.0006513084619566935 -0.39416445877918826 6.839339804723117e-05 0.0006510686204504256 0.999999785715987 21.324839700084897
0.9999991879646495 -0.0012567119935925387 0.0002115355051481077 -0.07292195314194347 0.00125713976050262 0.9999971412595181 -0.002033979021433449 -0.442437076953919 -0.0002089787938238661 0.0020342433406911773 0.9999979090885068 22.683031136693437
0.9999991686663364 0.0009548105494741783 0.0008666043507882081 -0.0876593735009017 -0.0009541492023522734 0.9999992534771732 -0.0007633125838047397 -0.444875628217586 -0.0008673325967371965 0.0007624850943902961 0.999999333174424 24.047355035416015
0.9999966719481086 0.0015581899880310838 0.002056243362473855 -0.11758068464576911 -0.001565804064793867 0.9999919051808656 0.0037064581880596383 -0.4736387211679987 -0.0020504515218869946 -0.003709665599630064 0.9999910169734881 25.420926662454914
0.9999978311029383 1.9392693105767245e-05 0.0020826464254676347 -0.09513350000708276 -2.871619434264422e-05 0.9999899785753795 0.004476820661914077 -0.49399484015650713 -0.002082538909132082 -0.004476870844387843 0.9999878102543535 26.79143660368257
0.9999878859997818 -0.004459090550529168 0.0020843161813562535 -0.11624059038167887 0.004451980546590371 0.9999842975146257 0.0034036137805250133 -0.5266415250197536 -0.0020994606488135732 -0.003394293275832964 0.9999920354862698 28.16693527974856
0.9999871692214304 -0.004722212860320676 0.001833604913083725 -0.10886030053020138 0.004720781898612143 0.9999885496174695 0.0007841210775481783 -0.5318686555192685 -0.0018372868585498049 -0.0007754549779554523 0.9999980115201045 29.53932538142148
0.9999866582290114 -0.004504370939051894 0.002528639113549189 -0.12145742062466101 0.004507011559160936 0.9999893031407942 -0.0010394445089697752 -0.583696459526909 -0.0025239302352493467 0.001050827272866276 0.9999962627604004 30.908765957873175
0.9999933518488414 -0.002220891539979312 0.002892041822663966 -0.12777820380317245 0.002227239664690869 0.9999951137143421 -0.0021936152366368884 -0.5872695211651723 -0.002887156155428134 0.0022000419708224596 0.9999934120486756 32.305587662425026
0.9999943310986369 -0.00035271645188026356 0.0033486365046844673 -0.14216644266315925 0.00036671163991738344 0.9999911979046233 -0.004179669302614107 -0.6329754166412817 -0.00334713307778378 0.004180873677862792 0.9999856583926957 33.687782077968905
0.9999938668160021 2.9859821370631368e-06 0.003502331478448357 -0.14667950949581046 1.185538303169302e-05 0.9999910215189216 -0.00423753952104339 -0.6511640335446399 -0.0035023129854766964 0.00423755513928372 0.9999848883486554 35.069545030714686
0.9999953023271427 0.00011666548613629632 0.003062958784743489 -0.14009877533542164 -0.00010886076365879994 0.999996747547805 -0.0025481451175145965 -0.6929902260722773 -0.0030632463641573487 0.0025477997637499525 0.9999920625854863 36.472160903400955
0.9999946498434426 0.0010943427064467005 0.003082645063777073 -0.15784940454080734 -0.0010899116705022898 0.9999983710448139 -0.0014387502478508244 -0.7172223775412485 -0.0030842147900094295 0.0014353827694437932 0.9999942136289437 37.86943669989127
0.9999898027941015 0.0036221854770723885 0.00269704967551995 -0.16087980699015292 -0.0036192000471929704 0.999992833434388 -0.0011110705438453687 -0.7486935967565077 -0.002701055079921316 0.001101298072848108 0.9999957457111358 39.27281855276582
0.9999780980165409 0.0058950166446705195 0.0030086970558262927 -0.16565593438809395 -0.005891541454427673 0.9999819687377147 -0.001162734154039586 -0.7781028067477889 -0.0030154973985625287 0.0011449828449340395 0.9999947978793448 40.67143102511594
0.9999630715026111 0.00795425668860136 0.0032535240331809222 -0.18298425415299485 -0.007951276562205498 0.9999679574677194 -0.0009280388057965646 -0.8030224175562042 -0.0032608019177215444 0.0009021348796709101 0.9999942766432799 42.07397721816406
0.9999458268168503 0.009979200528922086 0.0029595556192192453 -0.1911631259594428 -0.009976455098366832 0.9999497910084589 -0.0009411846888014244 -0.8392432263961168 -0.002968799545925745 0.0009116078408246878 0.9999951775866208 43.47225343332546
0.99996605998553 0.007849249715932113 0.0025036258599850604 -0.20317662170713552 -0.007847039204776075 0.9999688139176319 -0.0008917313266855937 -0.85278388438983 -0.0025105474169432066 0.0008720550242535544 0.9999964683279093 44.89749993586788
0.9999662239875232 0.008054000770165732 0.0016382736943803672 -0.19708451812916017 -0.008051835405657251 0.9999667064343501 -0.0013243817061761635 -0.8950917854491423 -0.0016488858626198166 0.0013111458847221927 0.9999977810322613 46.305125175791034
0.9999730703114793 0.007308819911031633 0.0006631658634562968 -0.200433959956264 -0.007308236646718582 0.9999729086642758 -0.0008784247783823619 -0.9225956404042261 -0.0006695682036860348 0.0008735545617753099 0.9999993942896959 47.71999673923003
0.9999712642681515 0.00757635186805547 -0.0002636548258575049 -0.21004924798050006 -0.0075763999577497295 0.9999712824764779 -0.00018000584334979523 -0.9567187358568989 0.0002622834882635096 0.0001819982227328387 0.9999999490421998 49.12948474122427
0.9999658504088312 0.008169884237144712 -0.0012453867016420398 -0.222100673446463 -0.008169971662226523 0.999966623140115 -6.470258438975186e-05 -0.9821299842460216 0.0012448166265300812 7.487514308950378e-05 0.9999992224133508 50.55490252244479
0.9999649790793517 0.008059159598571609 -0.002256222548759598 -0.23891085542875284 -0.008059261971624777 0.999967522979578 -3.605398143831275e-05 -1.0003343723512912 0.0022558588986577918 5.423620044248754e-05 0.9999974540782296 51.99372931407763
0.999955332676694 0.008803780164862659 -0.003438906896176581 -0.24640287277863226 -0.00880076281414999 0.9999608749395773 0.0008917304285883741 -1.038389880329071 0.0034466232387993347 -0.0008614256199693791 0.9999936893503719 53.40289729311329
0.9999614124362479 0.007722389015931017 -0.004187877991109663 -0.2610615241279316 -0.0077148084336935655 0.9999685780094004 0.001823387168950618 -1.065126906502343 0.004201827660738151 -0.0017910081770699914 0.9999895684167222 54.859503257536154
0.9999714891748785 0.005828474988382416 -0.004801009862848865 -0.2704867497150679 -0.0058176477396402046 0.999980509546845 0.002266166905374178 -1.093674556769611 0.004814124994390108 -0.002238171763402971 0.99998590729942 56.26328342951979
0.9999809690654986 0.0032845367995839323 -0.005222385326133025 -0.2930957622311555 -0.0032764321347591397 0.9999934160709105 0.0015597477546855994 -1.1173538918151158 0.00522747443401742 -0.0015426073172977884 0.9999851468318358 57.68835118061512
0.9999824149162907 0.002527921388464506 -0.00536464877362937 -0.30519447765010643 -0.00251820854165299 0.9999951793926263 0.001816541065162588 -1.1456209678909461 0.005369215440815655 -0.001802999858611468 0.9999839602353837 59.15957398676921
0.9999875895725041 0.0009822234269023667 -0.004884252957975781 -0.3202299129008112 -0.0009701278776367119 0.9999964586748904 0.0024782031311577414 -1.1752012250188577 0.004886670225328277 -0.002473434079119702 0.9999850011814877 60.55574158602757
0.9999902254463402 -0.0005766972242023556 -0.004383654259843204 -0.3349379288193376 0.0005906115759176274 0.9999947900124562 0.003173503481485401 -1.1967589016080882 0.004381801643328425 -0.0031760615645785037 0.9999853561209179 62.011223576119924
0.9999892901823206 -0.002262359876476463 -0.004037479936406484 -0.34187176533421604 0.00227491149946199 0.9999925860722737 0.0031068592162253198 -1.2246570147197262 0.004030421512479917 -0.0031160109148284146 0.9999870230090926 63.40278179660815
0.9999891866276451 -0.0028827583747322583 -0.0036491546106277974 -0.3489518315060368 0.0028901273300871045 0.9999937921427905 0.002015647635650807 -1.2546014023587186 0.0036433216418303976 -0.0020261724018668767 0.9999913103821848 64.82514856604408
0.9999910103032165 -0.0029921031305460057 -0.003004435143811458 -0.35459270223666584 0.0029974736443642083 0.9999939152379821 0.0017845543339115792 -1.2891565439090376 0.00299907754703976 -0.0017935440419687791 0.9999938943510119 66.27634306002682
0.9999962485053724 -0.0016682320870017395 -0.0021725505043311607 -0.3779872349825544 0.0016715486950751434 0.9999974391904204 0.0015256260268180254 -1.3175168646687432 0.002170000027292231 -0.0015292518580302087 0.9999964762400992 67.65224529205246
0.9999982087906629 0.0010970449375965483 -0.001542369425400076 -0.3968839306612315 -0.0010932313559736916 0.9999963488420403 0.0024712646941980644 -1.3482802607015356 0.0015450750148930394 -0.0024695741517988677 0.9999957569658657 69.11800218996532
0.9999889790608654 0.0046299609510470985 -0.0007779513054445531 -0.4126145284934109 -0.004626954503212155 0.9999819866968274 0.0038232946495001755 -1.3734134447159827 0.0007956390669395942 -0.003819653047383349 0.9999923885766098 70.4758019196067
0.9999639295045071 0.008490571925396125 0.0002232938269635012 -0.4337853163830622 -0.008491540551045873 0.99995258528639 0.004766648243036515 -1.3985139047776132 -0.00018281168192350373 -0.0047683725165959525 0.9999886145373086 71.93353106683097
0.9999230928409348 0.012380389084990485 0.0007309859893039486 -0.4416066243440389 -0.012383304370032634 0.9999148068314335 0.004127091136980856 -1.4189209244411212 -0.0006798287750959964 -0.004135825846568149 0.9999912163500702 73.2831229760347
0.9998749968720283 0.01575794312861898 0.001295306381529239 -0.458045689100797 -0.015762370240270312 0.9998697068604718 0.003480952185654699 -1.4440979813342325 -0.0012402850683585018 -0.0035009342345690103 0.9999931025518989 74.67430893063813
0.9998404213726522 0.017748130028695734 0.002033623197308168 -0.4650566073903599 -0.017755179691204964 0.9998362313991556 0.0035020028806737645 -1.4707980546954316 -0.0019711363159769088 -0.0035375514628719594 0.9999918001410284 76.13939966088058
0.9998292801035408 0.018300445123893512 0.0025503544402683677 -0.48596361434032387 -0.018310479764090185 0.9998244754855348 0.003967946754542575 -1.502747670004316 -0.0024772918059066916 -0.004013967651573278 0.9999888754814072 77.50064752410597
0.9998311526645696 0.01817979080241168 0.0026760643312200546 -0.4895427084181191 -0.01819011204633203 0.9998270023257627 0.003883979161984887 -1.5379838374664514 -0.0026049916677197034 -0.0039320013617886234 0.9999888766286882 78.92522289790426
0.999861210729608 0.01648327918901396 0.0024208974114251734 -0.4916772901371572 -0.016489927079610056 0.9998602452171742 0.0027517963268512058 -1.5509303785487583 -0.002375200651771112 -0.002791334894540446 0.9999932834118087 80.27726807344287
0.9998532254937729 0.01697776778069692 0.0022984402636382784 -0.5018800116939346 -0.01698397174176014 0.9998520984440238 0.002706656000588612 -1.586962591250728 -0.0022521475328368817 -0.002745295442262329 0.9999936955710843 81.6421156911915
0.9998644063730114 0.01636912320901036 0.00179461198744231 -0.5054066070876895 -0.016374473641374378 0.9998614053976362 0.0030077653817474643 -1.6141812598280747 -0.0017451289278029858 -0.0030367434455893763 0.9999938663374088 83.07565088202763
0.9998809912204346 0.01537533113992531 0.0012659185756716809 -0.5171315774113436 -0.01537840929793772 0.9998787239915089 0.002458022867641282 -1.6381466949617758 -0.0012279722372884423 -0.0024771982149390304 0.9999961777786384 84.44036888602744
0.9998826244248613 0.015302399689046571 0.0007575605869444538 -0.5332857047659892 -0.01530431715242283 0.9998795220376695 0.0025921662288368526 -1.6623693139925273 -0.0007178030133826504 -0.0026034559817722544 0.9999963533809569 85.8426508996728
0.9998918189837471 0.01470426956365927 -0.00036707963840085776 -0.5391623724832666 -0.01470289878015393 0.9998857974276751 0.0034952692350280674 -1.6970882254748505 0.00041843313527688795 -0.0034894940588646303 0.9999938241540764 87.19691126538618
0.9999171372935258 0.012776565773055023 -0.0015741282603476828 -0.5449177236795443 -0.012769338773846 0.9999082563444156 0.0045191715826594465 -1.7196335574679593 0.0016317234777790373 -0.00449869663462394 0.9999885495398553 88.57539795457629
0.9999391136672824 0.010712909579494747 -0.0026462231804014868 -0.5576112702205684 -0.01069937656940182 0.9999298731638602 0.005076624772963266 -1.7454120863938132 0.00270042326293056 -0.005048002847501697 0.9999836125594309 89.9539648752523
0.9999494548130176 0.00940585702215628 -0.0035521324985480045 -0.5611399237231904 -0.009388037918936713 0.9999434287220343 0.005000411923357644 -1.766434137394387 0.0035989650170494183 -0.004966811730038937 0.9999811889429902 91.30936026297404
0.9999582764410896 0.008222011059529431 -0.003980437904525239 -0.5806917607741008 -0.008202747467203975 0.9999546819892015 0.004832071853774884 -1.7915872973961764 0.004019987210308925 -0.004799219819759184 0.9999804034082894 92.68106214581756
0.9999607981412232 0.00785318815654728 -0.004090182403893768 -0.5952179126600845 -0.007836007787203173 0.9999604788208695 0.004199737380156127 -1.8275189589590886 0.004123002434222463 -0.004167522132985823 0.9999828161617986 94.05860340933025
0.9999626372236968 0.0075107155998435935 -0.004279402275231013 -0.6078596086069656 -0.007494075690134846 0.9999643475176285 0.0038913414345403716 -1.8438027185213588 0.004308476829484412 -0.003859125963981209 0.999983271951692 95.41777349981963
0.9999615660646306 0.007808344823070305 -0.0039869939294351975 -0.6144336543333621 -0.00779667340754496 0.9999652991252016 0.0029346967898208937 -1.8709890202183133 0.004009771042458095 -0.0029034987747979554 0.9999877456444793 96.75989138950195
0.9999539070952707 0.008835780134700752 -0.00375668044097091 -0.6321543652446792 -0.008826777187590519 0.9999581474398748 0.0024065311208628258 -1.9023333651466843 0.003777787114764195 -0.002373260872252886 0.9999900479328704 98.09804381320484
0.9999512351305758 0.009258461006135848 -0.0034363110680667988 -0.6539814378442916 -0.009250130184416037 0.9999542578601066 0.0024325499240954143 -1.9199242155100853 0.0034586758461080808 -0.002400645033603406 0.9999911371965118 99.47859185182405
0.9999429418603979 0.010118456865523966 -0.003424883195343547 -0.6610879736483554 -0.01010528002829594 0.9999415546556805 0.0038432551987798765 -1.9511279075739918 0.003463571133967661 -0.0038084265916660436 0.9999867496967323 100.81098686656456
0.9999388921865603 0.01051269618381442 -0.0034198071834860605 -0.6815945417094895 -0.010494664783533527 0.9999311540932426 0.005248724389428275 -1.9740985318271027 0.003474750285827108 -0.005212514034958689 0.9999803777152314 102.1748181277021
0.9999478609839841 0.009674057968991618 -0.0032692335882457567 -0.6927884953750896 -0.00966030689900333 0.9999445331171066 0.0041963294223750025 -2.00318485005343 0.0033096480705955174 -0.004164528922284921 0.9999858513676205 103.50886318813342
0.9999430316596613 0.010230733664945035 -0.003043927576539344 -0.7125912268907311 -0.010225802543444091 0.9999463843553931 0.0016313797957148617 -2.021899800193302 0.003060454845880018 -0.0016001602982261866 0.999994036536673 104.83433318251366
0.9999454291305702 0.009878322975716143 -0.0033996275517516597 -0.7300020585235765 -0.009876183331594953 0.9999510207988394 0.0006457773978175053 -2.050674090156082 0.003405840526105125 -0.0006121668346261525 0.9999940127362595 106.17924644644636
0.9999688183789363 0.007264340130250086 -0.0030970326950796245 -0.7413321043930232 -0.007259878127808356 0.9999725958993466 0.0014497016478849673 -2.08187260610543 0.0031074792128388765 -0.0014271724001342686 0.9999941533617567 107.4791270330963
0.9999841577452773 0.005021457736095022 -0.0025434634708608288 -0.7452893501044925 -0.0050124703387367025 0.9999812147563986 0.003527787473427189 -2.1028962930317543 0.002561130545942412 -0.0035149826253222756 0.9999905427116196 108.8218401778659
0.999994015783599 0.003009450113935601 -0.001706340722110611 -0.7594061176754264 -0.003002588082501011 0.9999874521007698 0.004010001298119539 -2.131809051242181 0.001718387358253668 -0.0040048539457238595 0.9999905041016687 110.1982596897211
0.9999958010470739 0.002708509722827159 -0.0010304643379425277 -0.7713570054032285 -0.0027053699732380986 0.9999917306434168 0.003036383105754409 -2.1579083104093995 0.00103867997989156 -0.003033582631556176 0.9999948592480837 111.50470476756635
0.9999926440232962 0.0038196606237512537 -0.00034940565170694135 -0.7804747810619893 -0.003819343835226873 0.9999922980633479 0.0009035671919516041 -2.1781162210409115 0.00035285431093127 -0.0009022260660050806 0.9999995307412151 112.82173940482943
0.9999746324085065 0.007077086110869829 0.0008058399759156394 -0.784147852779687 -0.0070761522767013125 0.9999742950680219 -0.001156411290390697 -2.2115533908030267 -0.0008140033543210089 0.001150679726563137 0.9999990066662005 114.11555923685725
0.9999544397192979 0.0092773984051495 0.0022468526503895683 -0.8032303336611964 -0.009273899782195253 0.9999557752004751 -0.0015628329716230898 -2.2338254600406096 -0.0022612525008430815 0.0015419247073343635 0.9999962545940551 115.47317111369887
0.9999391553437124 0.010425922745676674 0.003603571257608943 -0.8177457814192274 -0.010425572731270495 0.9999456455130987 -0.00011608895018129639 -2.263462921814334 -0.003604586027111327 7.851258904575465e-05 0.9999935003743351 116.81734049123263
0.9999425310216693 0.00970641077997836 0.00455194761166587 -0.8201007806257327 -0.009717306831713839 0.9999499592494732 0.002377596765571668 -2.2868680187004946 -0.004528642279273612 -0.0024216928506183935 0.9999868133120894 118.18836367234016
0.9999354023454939 0.009992371023213287 0.005416977068862742 -0.8218911532058447 -0.010008785769628131 0.9999453759718823 0.0030115281862062066 -2.314144145413129 -0.005386589318128261 -0.0030655510752402976 0.9999807933390017 119.48827146172609
0.99992424422606 0.010476061026480608 0.006462038107946277 -0.8217732277866518 -0.010491144234846764 0.9999423108079084 0.0023045547370877458 -2.3403335502488676 -0.006437523204884578 -0.0023721743771405973 0.9999764652619394 120.81762877527903
0.9998942053686 0.012207609931546213 0.0079090016653637 -0.8184500368149015 -0.012222909981627363 0.9999235132227511 0.001888969312314854 -2.369535142741543 -0.007885337596306167 -0.0019854405269678008 0.999966939188695 122.17804685715433
0.9998702499158043 0.013346095435193793 0.00902025740207379 -0.8244866456857209 -0.013360381368199597 0.999909582818636 0.0015252639714527312 -2.383651901828641 -0.00899908625728843 -0.0016455801825869894 0.9999581533772864 123.47939317265987
0.9998396474588441 0.014679026210756932 0.010256974593985387 -0.8243285794383008 -0.014685993384564208 0.9998919724683355 0.0006041766809315367 -2.4123324383908678 -0.010246998699251351 -0.0007547136784771275 0.9999472133158857 124.83293887284977
0.9998079014755253 0.016084467033152562 0.011200447801335918 -0.8195471004551661 -0.016083421164379004 0.9998706365917212 -0.00018354366810524717 -2.439251095755223 -0.011201952022957703 3.366887281908707e-06 0.999937256158101 126.17490297024466
0.9998034744144934 0.015686044391731904 0.012122727609511346 -0.81568449264234 -0.0156815219565647 0.9998769278189817 -0.0004681088800513051 -2.4723651467853562 -0.012128579441810661 0.0002779140688320332 0.9999264074512308 127.50780659110829
0.9997913902331751 0.015576768239247984 0.013211369013646794 -0.8151570580699873 -0.015580504233442531 0.9998786004267608 0.00017982632831084423 -2.496797131672037 -0.013206965162787378 -0.0003856286144105887 0.9999127098683798 128.81787341672532
0.999802017431794 0.014190104063527324 0.01394872233319345 -0.8018038019722209 -0.014207422133087549 0.9998984160133005 0.0011431738361376098 -2.523818962430091 -0.013931084787752082 -0.0013411229200114673 0.9999020583343188 130.22214106788638
0.9998223129689569 0.012198333606267936 0.014371608179605587 -0.7858072142742416 -0.012223835744029025 0.9999238615028958 0.0016879176815527389 -2.5496797476574216 -0.014349925375915628 -0.0018632939726210994 0.9998952984052806 131.5105604182146
0.9998393182212838 0.010923421781512161 0.014213253481942599 -0.7789312241116564 -0.010949140712458678 0.999938554819955 0.0017328956988409716 -2.5799968714496297 -0.014193452194020587 -0.0018882402004602608 0.999897484975003 132.88750154973988
0.9998610719509179 0.008774106346069713 0.014172220730367963 -0.7626832915421342 -0.008811385663141413 0.9999578761252191 0.0025701121950363398 -2.598948830094378 -0.01414907449788171 -0.0026946320852313374 0.999896265941862 134.2045203724264
0.9998806798674399 0.007374009863724615 0.013573871814286079 -0.7468059356738129 -0.007406308210402396 0.9999698568059482 0.002330685165995713 -2.6276250580191416 -0.013556277303148168 -0.0024309393891205526 0.9999051544394261 135.54217660046223
0.9999060633240987 0.005971441021528721 0.012337196351606777 -0.7422449052804991 -0.006000917786959861 0.9999792245845847 0.0023535922708754105 -2.650599595982649 -0.012322886743594524 -0.0024274057256519856 0.9999211239683399 136.88758856702393
0.9999340531932298 0.002592205303201367 0.01118792823176928 -0.7362989831977023 -0.002628328828131473 0.9999913768795835 0.00321528507599585 -2.664198100776587 -0.01117949802018761 -0.003244478649341589 0.9999322437927192 138.2720170449618
0.9999441446436206 0.0028133173731991886 0.010187877110955453 -0.7248068915776439 -0.002848828598630365 0.9999899119233725 0.0034727844075584644 -2.697359385206549 -0.010178005147630974 -0.003501614012504561 0.999942071774335 139.56319075501054
0.9999576495024216 0.002479633100747126 0.008862878977677372 -0.7200035810332515 -0.002507587335291506 0.9999919125262641 0.0031443428053025504 -2.721042218566368 -0.00885501122878989 -0.0031664341409982566 0.9999557802546153 140.9266682831503
0.9999664696080405 0.00257163763583218 0.007774724540560702 -0.7244830307328104 -0.0025943123206019214 0.9999924072024742 0.002907762898019755 -2.7482569466719076 -0.007767188450329959 -0.002927835516607943 0.9999655486848023 142.22671846463717
0.9999732709006172 0.002762550005730284 0.0067694758501958205 -0.7164521637086074 -0.002777971507330987 0.9999935655940679 0.002269724514139024 -2.7664206505316478 -0.006763162635036648 -0.002288469299193399 0.9999745109418217 143.56358454178883
0.9999787159047057 0.0023718616404344514 0.006077994068167832 -0.7039216497320309 -0.0023732966349154254 0.9999971575389206 0.00022886973660654985 -2.8060127756457875 -0.006077434457909494 -0.00024328974985477817 0.9999815026261009 144.94445185402603
0.9999839789424202 -0.0032626035073070395 0.004625720131620117 -0.7224452186562262 0.003269592939497112 0.9999935235616204 -0.0015041915925656582 -2.8416411010759486 -0.004620782984168671 0.001519291751911052 0.9999881699859087 146.24340886417798
0.9999094781503661 -0.012933297817180566 0.003710165409595758 -0.7087038325369559 0.012925276601399197 0.9999140929150769 0.0021780734704792614 -2.8549066623255093 -0.0037380166661861937 -0.0021299214221255224 0.9999907452881551 147.63656665796083
0.9998081468990304 -0.019481290700061195 0.0020368399218181022 -0.7026663665330799 0.019474228215681073 0.9998044682878049 0.003432145019635636 -2.875420013679748 -0.0021033044434028898 -0.0033918207167318347 0.9999920357985209 148.9656550714252
0.9997239194016494 -0.023469420447605017 0.001127512383212788 -0.6789834971840571 0.023468784247573864 0.9997244044810617 0.0005755418040930091 -2.9058836744378214 -0.0011407093725943741 -0.0005489215552501553 0.999999198732527 150.25150114595996
0.999747388393482 -0.0224385100263776 0.00129331896111419 -0.7045874053655024 0.022442518478275927 0.9997431035662461 -0.0031717869291811186 -2.936383385292973 -0.0012218166434260012 0.0032000111148999897 0.999994133528285 151.68858784766516
0.9998312189103796 -0.018259573883190786 0.0020301883314801455 -0.7217594228726623 0.01827033697099577 0.9998184188724112 -0.005415169650159483 -2.9683243275404987 -0.0019309411635422208 0.005451348019840068 0.9999832769942777 153.0142585393298
0.9998738515055589 -0.01561544525017365 0.002904988542055986 -0.7266570812425587 0.015630880396993885 0.9998634186651855 -0.005368387430827359 -3.021352480200828 -0.0028207622564793947 0.005413117866224175 0.9999813705522135 154.38534444268763
0.9997397210030307 -0.022535180017846445 0.003557515775460508 -0.7175018937325963 0.022542771803917488 0.9997436567847945 -0.0021081163007920845 -3.0276850035386764 -0.0035090973467034325 0.002187763931922843 0.999991449923582 155.66324873318067
0.9995394458445835 -0.03008065365466936 0.004006303970447337 -0.7004847683640043 0.03007656902992111 0.9995470180647495 0.0010764213049485908 -3.0496447465169565 -0.004036868981575141 -0.0009554296692676737 0.9999913953821349 156.99368181221476
0.999530292985193 -0.030388256369861456 0.0039682835191500575 -0.6961984590583332 0.030381200919230463 0.9995367153992064 0.0018268031725020063 -3.0881241517174085 -0.00402195877374302 -0.0017053838984420777 0.9999904577089055 158.3656319947725
0.9994310368186081 -0.03350826358727271 0.003846934032388596 -0.6950166799321442 0.03349966518950803 0.9994361308005889 0.0022787936444916648 -3.118241529548842 -0.003921123609803553 -0.002148626106259692 0.9999900040456179 159.6974518312021
0.9994641568810234 -0.032370709099099754 0.004851421723443007 -0.6975660790341358 0.03235988228662173 0.9994736487057774 0.002294248476657106 -3.134939038639831 -0.0049231350331003 -0.002136027696849561 0.9999855999573172 161.0945134160953
0.999545122906908 -0.02954768641040725 0.006039991596476864 -0.7006419410352713 0.029536075652228835 0.9995617082833658 0.0020028921404637427 -3.154987402146594 -0.006096525658465574 -0.0018235834303640063 0.9999797532512685 162.40010381496597
0.9996300331681423 -0.026285998742095418 0.0069887812225085935 -0.7074526908232899 0.026286387660705953 0.9996544525466612 3.646079958402124e-05 -3.181871004392722 -0.006987325264052095 0.00014726253088481595 0.999975577498176 163.77604884705664
0.9997268398783768 -0.022095704345296657 0.007617446250171772 -0.7107000436629112 0.022103912745519587 0.9997551836571963 -0.0009948807359723452 -3.2061478576903237 -0.007593599425225386 0.0011629843874904492 0.9999704919187432 165.12331311927167
0.9997482736634358 -0.020964313897257128 0.007992925765252677 -0.7080753401818949 0.0209625155570132 0.9997802146112575 0.000308881402984193 -3.2363002514140424 -0.007997645197811508 -0.00014125179893811543 0.9999680083444653 166.48647656099516
0.9997860620275796 -0.019170689579058525 0.007766263621576999 -0.7099278925977932 0.019171893441150726 0.999816199121662 -8.042650753154406e-05 -3.2641135992211927 -0.007763294998703825 0.00022930330534014928 0.9999698388771215 167.84943401280105
0.9998065444635348 -0.018255016897925726 0.007323115508429604 -0.7046409457928466 0.018271511054280074 0.9998306599806307 -0.002191629195472646 -3.278676556149479 -0.007281867799818608 0.002325009664352411 0.9999707839354898 169.15258869288866
0.9998865608243044 -0.01345424154119808 0.0067711804115253085 -0.709626254024113 0.013491089904299836 0.9998942695774896 -0.005425877732891616 -3.3252636049093134 -0.006697463991677512 0.005516612953960814 0.9999623547669415 170.59269205973763
0.99994818283419 -0.007733548724176977 0.006619961169224809 -0.7136775811395912 0.007778086762427154 0.9999471118007718 -0.0067286669414832745 -3.3643814243909955 -0.006567575137757837 0.00677980905826296 0.9999554495774275 171.94352094759356
0.9999594291696887 -0.005803324952145044 0.00688922694759149 -0.7197581258138437 0.005842751117267141 0.9999665910813431 -0.005716552572940929 -3.3801372475117915 -0.006855822357443387 0.005756572809583994 0.9999599289785095 173.2915882570824
0.9999703498234034 -0.0007730743593246849 0.007661712477371951 -0.7262474280930707 0.0008000221546187371 0.9999935032067464 -0.0035147557265082677 -3.425706776298043 -0.007658946183336467 0.0035207811293240573 0.9999644716871909 174.68979646135588
0.999969866862893 0.0002200614334392191 0.00775995783526689 -0.7283610969240132 -0.0002088847609166486 0.9999989398221978 -0.0014410836665153838 -3.460449548238265 -0.007760267392260274 0.001439419339725417 0.9999688526724403 176.08458934821323
0.9999743286686112 -0.0016456899439847537 0.006973787883291803 -0.7207965275819309 0.0016490817377740555 0.9999985247618909 -0.00048062565006093383 -3.4897037070733914 -0.006972987224056513 0.0004921136746372019 0.9999755673348626 177.47289439154594
0.9999702530846571 -0.005581415188809023 0.0053236043356099175 -0.7199839657224181 0.005581730311019545 0.9999844210385835 -4.4269674431487985e-05 -3.5082375433784936 -0.0053232747614808005 7.398329129228329e-05 0.9999858285328452 178.84981646184352
0.9999737276170082 -0.006455325817859804 0.003297401441877775 -0.7139520963297412 0.006468560815212247 0.9999710027838301 -0.004018868603185798 -3.5447451936121652 -0.003271362999460012 0.004040092546921595 0.9999864878247259 180.20492131022678
0.9999933992184191 -0.0032675209712395344 0.0015889723535625392 -0.7363298907823965 0.003280814322275916 0.9999590300545106 -0.00843649600705636 -3.580497288151242 -0.0015613409644418036 0.008441653612997849 0.9999631496694126 181.5981505634348
0.9999993412349942 -0.0002821297308828498 0.0011126250247178106 -0.7540974697500842 0.0002929042406907244 0.9999529535697194 -0.009695610000492554 -3.605725307503251 -0.001109837361538381 0.009695929698174248 0.9999523774696893 182.9995077569496
0.9999911048902019 0.0041422135940274475 0.000795110259648834 -0.7710849136184998 -0.00413548177087048 0.9999570893304729 -0.008289589610313676 -3.6492383275342766 -0.0008294134688420717 0.008286227870340734 0.999965324648816 184.3558268724293
0.9999813087585946 0.006018492865654691 0.0010769709756197712 -0.772245023578175 -0.006012541463883862 0.9999670900024771 -0.005446858677382358 -3.6820778205527294 -0.0011097175112083468 0.005440281639705497 0.9999845858116959 185.78347411890348
0.9999879817486527 0.004666087988061968 0.0015046508733342376 -0.7829018288423941 -0.004661392502143771 0.9999843014078756 -0.0031093997796957217 -3.7046411509467876 -0.001519136116609945 0.0031023487006575606 0.9999940338100255 187.18245010627308
0.9999712567851868 0.00737234203113244 0.0017703568436216878 -0.7925455247274842 -0.0073677736615939855 0.9999695459162274 -0.002573551460410657 -3.7514636532361996 -0.0017892761843980457 0.0025604339460192577 0.999995121321132 188.59161201028243
0.9999840347112454 0.005431230483868033 0.0015595029593965671 -0.7933284610436498 -0.0054283754745973415 0.9999835929322769 -0.0018293760961896085 -3.7830040523735167 -0.0015694132702123724 0.0018208813550615029 0.9999971106611795 189.99761109767698
0.9999974011017534 0.0015985662338320354 0.001625538444089355 -0.7879264281555038 -0.0015966834859787553 0.9999980537372612 -0.0011589333161973524 -3.808012777636615 -0.0016273880506066812 0.0011563348567494157 0.999998007245733 191.37952147407572
0.9999981146537069 0.00020331445371184198 0.0019311536896099608 -0.7996852404610015 -0.0002013200825870861 0.9999994463135595 -0.0010328810422877942 -3.8426255637978746 -0.0019313627840710406 0.0010324903366951698 0.9999976018964964 192.78830473679974
0.9999922791144429 -0.003172115305828973 0.002319354133567289 -0.8014020255585265 0.0031726730795808636 0.999994939030444 -0.00023675841370111874 -3.8700256863410214 -0.0023185915663188625 0.0002441151472647054 0.9999972822652151 194.1940244222077
0.9999605327937666 -0.008476683281015394 0.00266058414217456 -0.7894381148493768 0.008473342103065846 0.999963300722016 0.0012647819621436891 -3.8905183412942317 -0.002671207880898619 -0.0012421880209242048 0.9999956607976274 195.59020837903293
0.9999175852608521 -0.01249580793654863 0.002945756968754478 -0.7934135242986851 0.012491705396494872 0.999920985305714 0.0014072779105182662 -3.914493307452527 -0.0029631095335399885 -0.0013703644168891762 0.9999946710256398 197.07578790806213
0.9999381727942063 -0.010680984738331326 0.003093083885915778 -0.8047581743318378 0.010689492144912922 0.9999390928149993 -0.0027468906394924626 -3.9453295267476225 -0.0030635562582793886 0.002779784368277061 0.9999914436723003 198.51418790366324
0.9999901409003707 -0.002640215555211838 0.003570346217808472 -0.8230176867360206 0.002668105949132183 0.9999657889999759 -0.007829561688634768 -3.98917693870334 -0.0035495526483183717 0.007839010717604143 0.9999629746059566 199.86434148818236
0.9999582896954655 0.00766044446440015 0.0049735750901674265 -0.838308152390862 -0.0076174143488891115 0.999933885691589 -0.008613899251524872 -4.024970770366148 -0.0050392329958827585 0.008575654348164239 0.9999505309154576 201.37795224126776
0.99988672772555 0.01367260146819535 0.006292190341767286 -0.8586328452565412 -0.013641515338165787 0.9998946618230903 -0.004957252415651877 -4.049728291494874 -0.006359306612799684 0.004870855976042604 0.9999679164728265 202.8108948469073
0.9998608810868966 0.014971162693182744 0.007354095970078023 -0.8587882223543517 -0.014953182654777956 0.9998850846485875 -0.0024939656921188626 -4.080303473856053 -0.007390589065113538 0.002383651635548255 0.9999698482410704 204.22769648879222
0.9998831315526592 0.013698249553110158 0.006788311105459065 -0.8530202268636081 -0.013683302404965882 0.9999038621407896 -0.002243601095887168 -4.113980617844382 -0.006818392478283916 0.0021504524134764178 0.999974442209271 205.70183967519156
0.9999272045864965 0.010802005417527578 0.005376075467807793 -0.848871536706093 -0.010790422809008628 0.9999394076192644 -0.002178965575438578 -4.144878543956262 -0.005399287375241536 0.002120796867308393 0.9999831748137086 207.14678860444042
0.9999434291188429 0.009725585035669565 0.004307149965824382 -0.8499667729262337 -0.009714385942281372 0.9999493986426621 -0.0026135956313847893 -4.186208263774073 -0.004332351133585353 0.0025716065076598848 0.9999873087036549 208.593362088468
0.9999358783474718 0.010621074028615906 0.003928353352184336 -0.8499617207284866 -0.010608661731290261 0.9999387103902388 -0.0031672991989473596 -4.217492869809505 -0.003961753042223592 0.003125421591304213 0.9999872680428286 210.02491461301793
0.9999370591240022 0.010578484379829193 0.0037381063037636485 -0.8579909485219892 -0.010567030514301513 0.9999394520677342 -0.0030708450466128316 -4.2487300378356965 -0.003770365177282035 0.0030311511362666283 0.9999882981637523 211.50467385558625
0.999928810613515 0.011384712782730186 0.003572393785066244 -0.8671819523337728 -0.011375103022597045 0.9999316586304888 -0.002699097417397108 -4.277527780569137 -0.003602878399008985 0.002658268969570588 0.9999899763841151 212.99326972312807
0.9999377823557715 0.010633438164065237 0.0033706660761902403 -0.8683578155053923 -0.010623342761604154 0.9999390729512434 -0.0029991663600039595 -4.305936540907125 -0.0034023524521017666 0.0029631720709032555 0.9999898217505154 214.4712398483961
0.9999322011581233 0.011238858695901847 0.003046493014028263 -0.8720303698076367 -0.011227988004394744 0.9999306183221196 -0.003562422497383433 -4.347217581675859 -0.0030863194706990103 0.003527975045684843 0.999989013949687 215.91499363883233
0.999939936342595 0.010601552891161025 0.002780424882497759 -0.8778935251037667 -0.010589729269780222 0.9999349654947177 -0.004233490268989186 -4.380941699761894 -0.002825125872787685 0.004203792120353313 0.9999871733136182 217.3829570895528
0.9999448761333942 0.010268091483687309 0.002193392637022349 -0.8807915357274491 -0.010258851134328497 0.9999386247827606 -0.004183618620961635 -4.412388549851629 -0.002236215988829015 0.004160886391148939 0.999988843117404 218.85890643483458
0.9999380712377633 0.010927021559710823 0.0021104185527308717 -0.8893555554737189 -0.010917309581543855 0.9999300059680647 -0.00456021293128988 -4.446790510016426 -0.002160100567981732 0.004536890513069143 0.9999873752137594 220.2775603540198
0.9999308132999922 0.01163199804247428 0.0017507739652085387 -0.8981345385011977 -0.011623533693569235 0.9999210672836085 -0.0047699784941468495 -4.4953066868728335 -0.001806120309608635 0.0047492983810678395 0.9999870909624994 221.8191565464867
0.9999338515883762 0.011421209455184121 0.0013595576852596055 -0.9050572837961696 -0.01141404224546463 0.9999215017484814 -0.0051681725937610095 -4.51793800956992 -0.00141847786884904 0.005152312772454088 0.9999857206937846 223.2957086862134
0.9999174619440144 0.012808830102235085 0.0010015691804087677 -0.9159458070473958 -0.012803538376168417 0.9999049063001353 -0.005123260065696054 -4.563633143660906 -0.001067097000389356 0.005110013664104846 0.9999863744384919 224.7902500597227
0.9999112499064451 0.0133064235909147 0.0006567873249827144 -0.9221017731658182 -0.013302899265194486 0.9998984662154703 -0.00510785321688114 -4.598849917706665 -0.0007246879636557174 0.005098662809696269 0.9999867391439111 226.24989961771377
0.9999153739944795 0.012997451102866459 0.0005577481846610816 -0.93477062876968 -0.012994257649377651 0.999901030744609 -0.005392403579094877 -4.639451138847867 -0.0006277805448431774 0.005384699814589402 0.9999853053412415 227.770805854973
0.9999394324598098 0.010987746499012872 0.0006330987731377159 -0.9377212975572556 -0.01098413900981404 0.9999248435298322 -0.005445733007520943 -4.670655770868192 -0.0006928875891437404 0.00543844922727424 0.9999849714748844 229.29264712530536
0.9999577893090557 0.00914977300766134 0.0008373977316840939 -0.9509391444878512 -0.009145308593805405 0.9999447175279471 -0.005188953576897152 -4.702476970357948 -0.0008848292652305285 0.005181076382738478 0.9999861866662136 230.76156815789878
0.9999725840696372 0.007343888761519558 0.0009478358922945184 -0.9539090903193832 -0.0073393681578782 0.9999620758092188 -0.004688350887982163 -4.738783484434161 -0.0009822307610808736 0.004681265923354796 0.9999885604198037 232.26023086348917
0.9999716742288534 0.007472158508227797 0.000904197272627912 -0.9539146119304649 -0.007468334829612773 0.9999634531554428 -0.0041612911880681445 -4.7818745861307095 -0.0009352581373340413 0.004154420545222747 0.9999909329991834 233.77547691125906
0.9999717907420866 0.007443631502518632 0.0010050153567085598 -0.9609702771302575 -0.007438988570012506 0.9999619900118275 -0.004547526425617332 -4.811929271251763 -0.0010388273590197636 0.004539921930144985 0.9999891549136357 235.24873018565245
0.9999640452645279 0.008346571879906147 0.0014976314830167446 -0.9668168940116301 -0.008338687018517208 0.9999517305538967 -0.005196429484393578 -4.848965445408266 -0.001540931700371207 0.005183754464971358 0.9999853770014966 236.77527569712282
0.9999480814671392 0.010025299821212717 0.001824202117023808 -0.9764190041973451 -0.010016583508372902 0.9999386622793411 -0.004726495201951381 -4.882936147957483 -0.0018714749187594014 0.004707977623050191 0.999987166180434 238.26916279922298
0.9999405124290204 0.0106453467875524 0.002376588616375048 -0.9836802930192021 -0.010639455174227475 0.9999403281467923 -0.0024783389970363806 -4.9209190678119334 -0.0024028297847405954 0.0024529060007651925 0.9999941048115146 239.75381222431136
0.999951815277826 0.009317339345449998 0.003091001979138577 -0.9908742539994588 -0.009312159650315363 0.9999552193668279 -0.0016861093249611475 -4.957850741072503 -0.0031065738793428256 0.001657244204398148 0.9999938013489266 241.3057915592253
0.9999388507663814 0.01049917386029564 0.003473047123769525 -0.9951578125112598 -0.01048660804334129 0.9999384725628686 -0.003616927544598573 -4.99065975568206 -0.003510808487487839 0.0035802859537295353 0.9999874278068246 242.77463725345453
0.9999395852167454 0.010121788597894362 0.0042866413468633105 -0.9932368210617991 -0.010100374307804937 0.9999365478155194 -0.004988266726247494 -5.027524260350923 -0.0043368599025544454 0.004944668772302249 0.9999783707119448 244.3406448850058
0.9999369919034876 0.01027920831075573 0.004511106417965462 -1.0033638647643508 -0.010257886124094041 0.9999362244713099 -0.004724699578978744 -5.0541768322040825 -0.004559385280719143 0.004678127556764082 0.9999786633338905 245.80227256308498
0.9999337738380122 0.010560339528397435 0.004574619976863399 -1.0028476921464584 -0.010543992830591153 0.9999379912723456 -0.0035829945668999956 -5.093176475943718 -0.004612174342970342 0.0035345225840117626 0.99998311735372 247.32288561210467
0.9999278943633911 0.011169588944769855 0.00440979995466389 -0.9992035412324443 -0.011157192031707449 0.9999337630859644 -0.0028260455066866147 -5.13880619450677 -0.00444107400804704 0.002776640797746012 0.9999862834670278 248.8989649807342
0.9999265262354332 0.011468359204424397 0.003926683768133166 -1.0137783300735486 -0.011457255261205331 0.9999303335090032 -0.0028389184346684962 -5.169422894274436 -0.003958968283779186 0.0027937208798828315 0.9999882607755105 250.39309643997166
0.9999098822339431 0.012752925830789564 0.0041940752606273776 -1.0130653616495149 -0.012740395717587717 0.9999143343830477 -0.0030010404534542884 -5.201885354817454 -0.004231988379737801 0.0029473358796690105 0.9999867016517736 251.9638054077842
0.999898671764392 0.013619106317748007 0.00414320137265509 -1.0268726433273816 -0.013607096507337279 0.9999031748407191 -0.0029134005076940795 -5.238424847694369 -0.004182478474411665 0.002856728406309866 0.9999871729034789 253.4430716618608
0.9998886490119033 0.014295780495220475 0.004280210937976737 -1.0253164482976125 -0.014284065696754942 0.9998941811579893 -0.002755356658113148 -5.2668922348576395 -0.004319148353066454 0.0026939110778520597 0.9999870438137536 255.01991900496114
0.9999097304910382 0.0127156698371473 0.004340804511638956 -1.0330920129463808 -0.012705039915139268 0.9999162422700628 -0.00246788100776013 -5.308809282942795 -0.004371822068014785 0.0024125081801363015 0.9999875334076989 256.5774090659405
0.9999276514625225 0.011276900100486188 0.0041860892366964095 -1.029975470018598 -0.011269445500792265 0.9999348771267322 -0.0018003139811503881 -5.3358962703374475 -0.004206118945043531 0.0017530088558888927 0.9999896177052349 258.095184537125
0.9999585276579964 0.00810196280987924 0.004159465126988911 -1.0327481415724802 -0.008098696689282165 0.9999668837381858 -0.0008015961652734346 -5.375529316468073 -0.0041658222365647275 0.0007678766870698993 0.9999910281024965 259.6302040750083
0.9999642160037251 0.007602147860608231 0.0037113405069359967 -1.0352149567825721 -0.0075966609315383455 0.9999700342541235 -0.0014904203351952293 -5.407053961300387 -0.0037225600058799694 0.0014621732325931643 0.9999920022639007 261.17282525221947
0.9999616091917346 0.007924732561907483 0.0037388158649361456 -1.0310660088713228 -0.007914745175467686 0.9999650901317012 -0.002678683239735823 -5.448230549303857 -0.003759913512071436 0.002648988677293473 0.9999894228963642 262.6877819321074
0.9999760859954959 0.0053105892070326125 0.0044300196448858855 -1.0272511677645884 -0.005306297707074318 0.9999854413005242 -0.0009800011331824884 -5.480592823771371 -0.004435159908934856 0.0009564707127416733 0.9999897072045917 264.20629800385115
0.9999869110689967 0.0020001807820201264 0.004709242969546922 -1.0279876537350883 -0.002004873750015711 0.9999974982004756 0.0009920067556374401 -5.5053340193261375 -0.004707247392236347 -0.0010014352263796767 0.999988419405089 265.74657688432376
0.9999852750548274 0.0022968845389636106 0.004916705842323301 -1.0213612684482318 -0.0022983705281267707 0.9999973147669677 0.00029657344726089527 -5.546518927658413 -0.004916011860201843 -0.00030786949586207146 0.9999878689455787 267.3169588687076
0.9999862593927169 0.0018473571339919304 0.004905945335038599 -1.0342515865382387 -0.0018432088743152008 0.9999979400664243 -0.0008499689855285603 -5.576342974352397 -0.004907505840917546 0.0008409146436140139 0.999987604544882 268.82528341982953
0.9999809626133733 0.002266958827314043 0.005738929385043841 -1.028268188720959 -0.0022596775832925383 0.9999966341914137 -0.0012749381225088728 -5.606446429935111 -0.00574180078754356 0.0012619457487456189 0.9999827194559465 270.364363905626
0.9999676209597493 0.004164762902639863 0.006885621300558264 -1.0467262725225412 -0.004157333987506399 0.9999907610296136 -0.001092903265426103 -5.638094257372186 -0.006890109950893202 0.0010642420742044377 0.9999756965881845 271.89022825927486
0.999953263924191 0.005597425078770301 0.007882816471140813 -1.0401936925616693 -0.0055850348131138445 0.9999831347475577 -0.0015929902301669418 -5.673549470139562 -0.007891600837445835 0.0015488900083034927 0.999967661261604 273.42983958962634
0.9999427636010045 0.006269621640480582 0.008669565192987625 -1.0463909963820124 -0.006254201803769393 0.9999788139119326 -0.0018046329244234564 -5.701543577151522 -0.008680696619873475 0.001750308460228434 0.9999607901910019 274.97907915624296
0.9999335250229635 0.0066045008779619975 0.00945124841713032 -1.0473099862918525 -0.00658600893600585 0.9999763390887894 -0.00198639437596495 -5.737576859896052 -0.009464144737172204 0.0019240163644809456 0.9999533629716656 276.5000843877769
0.9999202189713657 0.00688494825088173 0.010590239482171939 -1.033423097169944 -0.006855859007651063 0.9999726320978232 -0.0027806954299224103 -5.772745741213242 -0.01060909549287533 0.0027078684511688796 0.9999400554705103 278.0997186075399
0.9999074136587152 0.007280000140219062 0.01149633417387121 -1.0210177192389018 -0.007246033755832092 0.9999692665835213 -0.0029934760195120223 -5.814093761014572 -0.011517774334271676 0.0029098961001820327 0.9999294341964711 279.58685800842136
0.9999058494913067 0.006523529475202787 0.012072104581964133 -1.0270433166299284 -0.0064883547262189235 0.9999745971961042 -0.002950631962690262 -5.849371648631638 -0.01209104747579082 0.0028720261238248607 0.9999227760335071 281.1521693426206
0.9998995389580727 0.005754219688390785 0.012953800266504223 -1.0000136333417853 -0.00572887719552644 0.9999816044691519 -0.001992661797200413 -5.888101215405897 -0.012965029285803323 0.001918250925335239 0.9999141104731017 282.7226544114793
0.999904020423199 0.004404184197655057 0.013135946870101972 -0.9854075255906709 -0.004385841962507506 0.9999893670561859 -0.001424841533206104 -5.921441600918824 -0.013142083572895214 0.001367092624791117 0.9999127045354879 284.2354801522319
0.9999032487977471 0.0035968045561391724 0.013437114247942913 -0.9747000918115574 -0.003548830213832164 0.9999872500002546 -0.003592443163585661 -5.96311592306676 -0.013449865380423608 0.0035444096314164657 0.9999032644591945 285.79112579028856
0.9999080395336762 0.0034148097576573574 0.013124463777942253 -0.9619075624680673 -0.0033360972875090544 0.9999763471025557 -0.00601462356244734 -5.992205666666441 -0.013144693257501257 0.0059702860926097575 0.9998957809280119 287.29691302163866
0.9999155710603502 0.0034277016737133603 0.01253401818487751 -0.9402094273176878 -0.0033537169481850206 0.9999768587827644 -0.005918993826042559 -6.0346583437685295 -0.012554017743416706 0.005876458665873785 0.9999039273180953 288.85725383724605
0.9999324449691683 0.0009788245798981647 0.011582202086118466 -0.9444484329682856 -0.0009107455380630777 0.9999822877883042 -0.005881722017466531 -6.0649348728097845 -0.011587755097896047 0.005870776363078828 0.9999156253956073 290.4276248390854
0.9999417902275693 0.0019623378462378703 0.010609683781662778 -0.9282626214031429 -0.0018929465467169733 0.9999767799294706 -0.006546476810445571 -6.108334805434293 -0.010622284726383345 0.006526012313014346 0.9999222860921866 291.9734321362686
0.9999449546263972 0.0023903685474699864 0.010216352479144545 -0.9204815321788592 -0.0023210315493264995 0.9999742312342691 -0.006793355881893499 -6.154066930340686 -0.010232328710977345 0.006769269602577359 0.9999247353833591 293.56958362539837
0.9999487127721978 0.0030733848176444584 0.009650188198965745 -0.9125410115700993 -0.0030103185235309284 0.9999740632403029 -0.006542998901252885 -6.19046328919436 -0.009670047880551551 0.006513613322586479 0.9999320291942981 295.10321832546623
0.9999564114033855 0.0031507025353376145 0.008789105071162087 -0.9098497073583537 -0.0030963197292829805 0.9999760213903885 -0.006194308206199979 -6.236751014513232 -0.008808411492832402 0.006166824451867368 0.9999421894070815 296.62858176275705
0.9999654165415666 0.0031225391638210346 0.007708143167204842 -0.8938161981708731 -0.003081941613551611 0.9999813476597914 -0.0052731370376854995 -6.2769072439668205 -0.007724465626478409 0.005249198734536245 0.9999563883172832 298.19880077578506
0.9999704827955949 0.002663555307098512 0.007206872589387455 -0.8936237632836956 -0.002635735685294018 0.9999890498405848 -0.0038669240106851527 -6.311558054971677 -0.007217094052169067 0.0038478145383096345 0.9999665533756062 299.77757603540675
0.9999620718686522 0.0033790909675233934 0.008027239188452256 -0.8877082871081671 -0.0033494521314908444 0.9999875348183616 -0.0037028887023397945 -6.35255720524655 -0.008039652207858992 0.003675861481687801 0.9999609252504393 301.3696953518804
0.9999511230839795 0.00409907993376891 0.008997165440013943 -0.8913401549751274 -0.004064792934526477 0.9999844199326025 -0.003825880080964444 -6.374881553476663 -0.00901270861684219 0.0037891215481137995 0.9999522056749377 302.9430557000826
0.9999497287059604 0.0040559265982795046 0.009170033782280256 -0.8985703334975395 -0.004019252273227288 0.999983865405951 -0.004014292811217535 -6.414343983483695 -0.009186168284306798 0.003977234411160312 0.9999498967006252 304.556029505264
0.9999564357075649 0.0018011671368070286 0.009158738327905085 -0.9005104153820107 -0.0017545246373893647 0.9999854650120206 -0.005098177246284701 -6.452367337024908 -0.009167788654081502 0.005081886022002605 0.9999450615301911 306.16254450210914
0.9999540775294844 -0.0012829422667372768 0.00949720486249868 -0.8833828513051476 0.0013509592052077142 0.9999734626877314 -0.007158828632903814 -6.490879520066932 -0.00948776927593013 0.007171330368189807 0.999929274623037 307.75629667669665
0.9999515523585726 -0.0009536845119700321 0.009797113346102422 -0.8713299514735757 0.0010319979070253938 0.9999675343827564 -0.007991567993089775 -6.5337845130135745 -0.009789174675878325 0.008001291587338977 0.9999200724985564 309.35156729729675
0.9999689897464004 -0.000725557074805424 0.007841754934480033 -0.8721113360445798 0.0007939265749412876 0.999961673200209 -0.008719048666512593 -6.571066833262501 -0.007835128886869599 0.008725004243138844 0.9999312401609961 310.9521313236135
0.9999843372201339 0.0008663903034339523 0.005529438188029801 -0.8626368183985965 -0.0008202676545870551 0.9999649008022078 -0.008338124834183136 -6.617541072423323 -0.005536468654429428 0.008333458784767963 0.9999499492344368 312.59244280794206
0.9999844703995215 0.0017215267629988968 0.005300500744222893 -0.8656539495284556 -0.0016916530035994502 0.99998269024369 -0.005635381637121943 -6.662006823442031 -0.005310110907605392 0.005626327627788733 0.9999700731290604 314.2036811806357
0.9999838312615933 0.0010083122470836113 0.005596474427057971 -0.8762856246531601 -0.000995621760964181 0.9999969280949531 -0.002269920672397071 -6.6964009681511625 -0.005598746499084232 0.0022643120473330143 0.999981763294953 315.826197284571
0.9999811365535756 0.00033034903672009546 0.006133303530760654 -0.8668101825027297 -0.00032236542344897274 0.9999990996190775 -0.001302628973398239 -6.730989577426536 -0.00613372885010779 0.0013006272667110963 0.9999803426731769 317.43698704908246
0.9999791836058579 -0.0010823386041207226 0.006360888783427106 -0.8628100619476783 0.0010993322828650263 0.9999958347744606 -0.0026686889601143424 -6.771262665111219 -0.006357974403211934 0.0026756261967597924 0.9999762083066935 319.0865610322975
0.9999764270572237 -0.0013571277463690183 0.00673079064576677 -0.8602419424383583 0.001377876033527084 0.9999943108948836 -0.0030789013635040365 -6.800910112566785 -0.006726574461994837 0.0030881030472354547 0.999972608029293 320.72387808721766
0.9999731858585565 -0.0018714939449814977 0.007079907042317764 -0.8605595044798965 0.0018895620114782758 0.9999949732586344 -0.0025461756091151454 -6.838813643989722 -0.0070751069010804414 0.0025594853166324458 0.9999716955446598 322.3179402202016
0.9999688082226367 -0.002017010479984876 0.007636377433652442 -0.8587743619876044 0.0020348560961717804 0.9999952155511571 -0.0023298567809055316 -6.885741366004198 -0.0076316421989579 0.002345323091686823 0.9999681282370954 323.95669117860575
0.9999679215755078 -0.0005555347426227444 0.007990444845718793 -0.8519541137490547 0.0005814697457604233 0.9999945698418085 -0.003243790858612247 -6.920403757102785 -0.007988600095528263 0.0032483330757966753 0.9999628146054808 325.5963544831087
0.9999609955288039 -0.00021454805928373955 0.008829575156895215 -0.8582080367459357 0.00024829824576389804 0.9999926672850461 -0.0038214819045627696 -6.955838760602924 -0.008828691269806652 0.0038235253004156628 0.9999537163577297 327.2043373144182
0.999953268179379 -0.0008778125553561156 0.009627611894148064 -0.8508175614796998 0.0009029949198005559 0.9999961820677256 -0.00261159892495215 -6.996704476829498 -0.009625283457739173 0.0026201706249601945 0.9999502430707081 328.80998347402004
0.9999528001224206 -0.0021701982620890518 0.009470363086197798 -0.8355993202180415 0.0021832919341410757 0.9999966747874697 -0.0013724602846374515 -7.034321205127694 -0.009467353885355714 0.0013930721088449007 0.9999542132285154 330.43767097508857
0.9999519249300206 -0.0030435365775259068 0.0093211976233807 -0.8283295613848511 0.0030665063323227996 0.9999922947129534 -0.002450928284382826 -7.0750729455891745 -0.009313667099883816 0.002479394026150668 0.9999535530229938 332.05679848029763
0.9999533559115606 -0.001843852664354705 0.00948083425986281 -0.8170596478764272 0.0018666472162708718 0.9999953874469968 -0.0023959779406431962 -7.12419394152147 -0.009476373501371127 0.002413563612011749 0.9999521853813105 333.70004640612115
0.9999544972204928 -0.0005486537067315028 0.009523784721040998 -0.8226743016302791 0.0005882913982673682 0.9999911755217255 -0.004159662388949637 -7.148575425147342 -0.009521419272413614 0.0041650759636426915 0.9999459958968698 335.29428384192573
0.999958958871398 0.001500863273867903 0.008934650894524014 -0.817898311083562 -0.0014344398708256668 0.9999713226785047 -0.007436141826049723 -7.194419165358753 -0.008945556066962795 0.007423020571359623 0.9999324356102803 336.891823220269
0.9999650361939112 0.0028136091245784343 0.007874642539558885 -0.8093947952711095 -0.0027605633144148177 0.9999734816492 -0.006739087000049022 -7.241962522299329 -0.00789339554642238 0.006717113063271793 0.9999462859034433 338.5177688066276
0.9999710353196515 0.0034459919118176403 0.006786284816194723 -0.8163760331225878 -0.0034212019216708477 0.999987445366805 -0.003661214656113465 -7.287879666459961 -0.00679881671071705 0.0036378914341439537 0.9999702704733541 340.1135337325097
0.9999718494616368 0.0042898691151781534 0.006156078727081957 -0.8126612215526753 -0.00428548178804066 0.9999905539320628 -0.0007257415153873974 -7.314203922068997 -0.0061591344338045055 0.0006993393376143708 0.999980787806053 341.7378638638424
0.9999752977894744 0.005252156457438831 0.004671044676372832 -0.8244680911306879 -0.005244513494937066 0.9999848910236294 -0.0016470619784999486 -7.358595428481009 -0.004679625126006272 0.001622523967353589 0.9999877341843677 343.3279619952483
0.999981567808598 0.00520675511304622 0.003123097497064981 -0.841001474656012 -0.005196994515914152 0.9999816113434382 -0.003125417323272334 -7.402997100973715 -0.003139313618297672 0.0031091290542645355 0.9999902389635321 344.951218984151
0.9999906128566816 0.004187138507046919 0.001114478932843708 -0.836672381730792 -0.004184560262001909 0.9999885858117804 -0.0023060159876544836 -7.4318648444136794 -0.0011241219174591656 0.0023013307795635273 0.9999967201069917 346.5382485802823
0.9999989954774532 0.0014131024153655712 0.00011037838146125555 -0.8418418752215744 -0.0014129649305144858 0.9999982370453778 -0.001236704819235332 -7.4803257697112215 -0.00011212578801335989 0.0012365476395365337 0.9999992291884207 348.1319933116264
0.9999988036241012 0.001536654153157047 -0.0001773173754513991 -0.8607375947196747 -0.001536980687944286 0.9999970969462354 -0.0018557457551108812 -7.511206731081106 0.0001744652343968812 0.0018560161035859263 0.9999982623815862 349.75940857615404
0.9999987730204275 0.0015217694961248574 -0.00037171498859078344 -0.8645711825531204 -0.0015228111983432947 0.9999948695899223 -0.0028181275249715104 -7.553013281583209 0.0003674245696883723 0.0028186901730249754 0.9999959599844602 351.3336228773228
0.9999991928660881 0.0012424308321004138 -0.0002657635504564951 -0.8728797857092461 -0.0012432851875354397 0.9999939823073064 -0.0032387641898259053 -7.5862528166348415 0.0002617380300815263 0.0032390920582721686 0.9999947198740681 352.95605376961635
0.9999995184961902 0.0009277049891853505 -0.0003199512094555208 -0.8716591440579243 -0.000928711107880926 0.9999945799698119 -0.0031587226024236475 -7.628829213462198 0.00031701913674637375 0.0031590182850236587 0.9999949600386013 354.55055882850695
0.9999998883234473 7.439776117981398e-05 -0.000466708915462392 -0.8982185110670794 -7.607710432617869e-05 0.99999351973088 -0.0035992650465956726 -7.668259035405817 0.0004664381502803949 0.0035993002210093225 0.9999934137152455 356.1428226771315
0.9999998419820569 -0.00013494916698373813 -0.0005457324812674026 -0.9091125684041759 0.00013258998634508613 0.9999906569444114 -0.004320699454940121 -7.710482755142732 0.0005463104999042462 0.004320626498346501 0.9999905168211055 357.7234732224057
0.9999997990571822 -0.0004260256533076979 -0.0004694546645950394 -0.9174095355937604 0.0004240655981558473 0.9999912262437691 -0.004167445667390306 -7.746017267947472 0.000471226020930666 0.004167245832476411 0.9999912059656952 359.2947898006358
0.9999999484070946 -0.00024954874311702326 -0.00020226547383310175 -0.9186657798948311 0.00024852233376283957 0.9999871729854272 -0.005058863611476382 -7.784262724691028 0.00020352532551668606 0.005058813182720022 0.9999871834112468 360.887645812297
0.9999991428831032 -0.0012150316693011146 -0.0004877829605159866 -0.9353912002337039 0.0012122064171676272 0.9999827265045875 -0.0057512821431179514 -7.831924312317943 0.0004947625619437866 0.005750686033833331 0.9999833422716582 362.49773794432326
0.9999970235467079 -0.0024141801195488623 -0.00035303693196293384 -0.9436676378274109 0.002412354446140092 0.9999841674292996 -0.005083840415093961 -7.866202957969607 0.0003653046758320003 0.005082973734802279 0.999987014881141 364.0738411835432
0.9999791376654183 -0.0064588259881726996 -8.836545174869224e-05 -0.9528115714189971 0.006458451663182999 0.9999721794333869 -0.0037321245613000605 -7.9145158206657715 0.00011246814339420158 0.0037314760748679366 0.9999930316943025 365.6779650958695
0.9999808261342732 -0.006181157133364984 -0.0003750564044574091 -0.9629413921511342 0.00617946033728437 0.9999713621636517 -0.004369109188456119 -7.951263705469995 0.00040205184492803883 0.004366707860037652 0.9999903850623723 367.26198872773176
0.9999864765429031 -0.0052005893471199355 2.4667830148726805e-05 -0.9709875241415723 0.005200647867850225 0.9999735155105008 -0.005091319352548797 -7.993301361214299 1.8106807154079623e-06 0.005091378893336604 0.9999870388447603 368.87498992623745
0.9999966819947467 -0.002523124184762424 0.000519469260093995 -0.9851055497453016 0.002525404756223886 0.9999869673397409 -0.00443705735618459 -8.024653215077198 -0.0005082672897019534 0.004438354593968524 0.9999900212861608 370.45509188539904
0.9999975954706725 -0.0018747387225058545 0.0011377223088186292 -0.9915352096665666 0.0018789613145803272 0.9999913092303998 -0.0037216885198181598 -8.06381580901432 -0.0011307353260184806 0.003723817382864369 0.9999924272812647 372.0865239103681
0.9999979690507712 -0.0015979428938816941 0.001228200728414726 -1.0057730550074047 0.001602542126030065 0.9999916741733474 -0.003752791027789731 -8.101129723502046 -0.0012221938631100818 0.00375475172569084 0.9999922040094474 373.67772229088087
0.9999974834754126 -0.0014596460911865602 0.0017036668487679719 -1.0183156421174109 0.0014672553682984774 0.999988916584232 -0.004473686212662393 -8.147710235437934 -0.0016971181146967814 0.00447617475957296 0.9999885417578912 375.2625078778343
0.9999973290179843 -0.0008686992586895495 0.002141803621308991 -1.0109436829949296 0.0008791495038973311 0.9999876913784492 -0.004883050947046673 -8.184175627075755 -0.002137535540484409 0.00488492096878109 0.9999857841418959 376.8924088501384
0.9999970273048291 -0.0008806010342272113 0.002273747512639337 -1.011568570332855 0.0008925342428148797 0.9999858068858798 -0.005252562058510452 -8.22480873741928 -0.0022690900254825523 0.005254575947845632 0.9999836201952905 378.4662892135415
0.9999957162432662 -0.0002971363954242731 0.002911908188769007 -1.0315170131681275 0.0003117597006564044 0.9999873374364362 -0.005022725590134908 -8.258461939234147 -0.0029103791319963386 0.0050236119912351745 0.9999831463639635 380.1225096372396
0.9999962169547927 0.0009826634139398875 0.0025691341794747795 -1.0419994197117108 -0.0009707445045128776 0.9999887805015851 -0.004636434827510642 -8.299230414221215 -0.002573661631293379 0.004633923407457032 0.9999859514093671 381.71312759940434
0.999992702143459 0.0021948953338548566 0.0031269944631912455 -1.042753613310755 -0.002179918165976448 0.9999861754518108 -0.004785066991853627 -8.34104074914742 -0.003137454224300694 0.0047782155741356025 0.9999836623829284 383.34545301315717
0.9999891529895233 0.0026931996547713355 0.0038000761386360543 -1.0493328197884861 -0.002672567869335676 0.9999817184905299 -0.005424027166019089 -8.379209893722555 -0.0038146149825591938 0.005413812477897064 0.9999780694306539 384.94013170247626
0.9999862066475652 0.003750806343201611 0.0036766783729909416 -1.0480301842983881 -0.0037303742877470457 0.9999776491746205 -0.005548465194974931 -8.42317875828848 -0.0036974077318658164 0.00553467338579549 0.9999778480356255 386.54783512376395
0.9999752873175608 0.0053754039170504225 0.004530980188555115 -1.066636447792676 -0.005354325602630324 0.9999748471402671 -0.004651483091616833 -8.461890512546699 -0.004555870211008512 0.004627107888553849 0.9999789167346569 388.2054926185195
0.9999695227730558 0.006351353271354132 0.00454024546744332 -1.0742189418907844 -0.00633119008058445 0.9999700930270831 -0.004441744783937721 -8.497901107946673 -0.004568321162779564 0.004412864340637033 0.9999798283288788 389.812500135269
0.9999618759470921 0.007256887000477776 0.004856360123624117 -1.0643602391168805 -0.007232493885883369 0.9999612351856372 -0.005021869532543758 -8.548195276383744 -0.0048926154254553215 0.00498655458032977 0.9999755979933227 391.41111680354
0.9999592663253749 0.007353384919409414 0.005233871460743722 -1.08567824786353 -0.007328342844917226 0.9999616849172641 -0.004787912303746604 -8.590288531301088 -0.005268878736265871 0.004749361762279064 0.9999748409204282 393.0696104209227
