1.0 -3.469446951953614e-18 0.0 -1.5585406229479126e-19 0.0 0.9999999999999999 -3.5575383784680614e-19 0.0 2.168404344971009e-19 -2.388632911257127e-19 1.0 0.0
1.0000005914377053 1.1956327172438913e-06 5.3627550915744115e-06 -0.0025724908183114847 0.00020089264314402354 0.9999981306314466 0.0006661498083598322 -0.021923715912692023 0.0005683330602807809 -0.0006705202411875233 1.0000006495569949 1.3269663392242248
1.0000037316296113 1.8269696085791015e-06 8.312126194324207e-06 -0.005051259579434729 0.0006039663497323811 0.999994406432806 0.0010323810811453688 -0.03979067333320005 0.0006267138633196559 -0.001036785216461184 1.0000004127387558 2.620117433890171
1.0000022564511915 2.1530294465766514e-06 9.715492281480971e-06 -0.00766781410575053 0.0005736686742335347 0.9999944704700543 0.0012067491893815072 -0.06788230463530817 0.0013086056372297959 -0.0012170831090065354 1.0000007834715048 3.9439816432133856
1.0000053681310164 2.5449456039893653e-06 1.1598817258498756e-05 -0.010133901882015899 0.0008626640902973017 0.999991623046216 0.001440503117562757 -0.07549140329470364 0.000874038807980466 -0.001446838386904682 1.0000001704409518 5.275855065110369
1.0000074279941866 3.0339157678759693e-06 1.3881255028038927e-05 -0.012613158270836866 0.0011917792263351872 0.9999881822768263 0.0017239158024472017 -0.08502868469822282 0.0012009214177642038 -0.0017329916644421366 0.9999999706828442 6.606422889662988
1.0000170716420134 4.158402894862204e-06 1.9377974084625786e-05 -0.015237969198912724 0.0023174061370468436 0.9999757242968542 0.002406188937561489 -0.11208120593335089 0.0008797254690161207 -0.0024113294769315956 0.9999983291515976 7.939493756793719
1.0000179295681915 4.239668726473134e-06 1.978566672240908e-05 -0.01766751431630369 0.0024216536949806054 0.9999745140382069 0.0024567910446100082 -0.11741735824074176 0.0008694735283303572 -0.002461734586010353 0.9999981975268587 9.261264895432735
1.0000165749849947 3.931399673339983e-06 1.8330837519934477e-05 -0.020129374303312273 0.002341788232606142 0.9999757772375364 0.0022762734193519825 -0.12886519505105284 0.0012635250348684217 -0.0022853709722645116 0.999998904766247 10.573677746781401
1.0000097671710524 2.867627194877778e-06 1.3233908945763572e-05 -0.022658924360159864 0.0015034978244140521 0.999985388606545 0.0016435632567059898 -0.14420589107657472 0.0012955293728292008 -0.0016533537031241964 1.0000001570860586 11.906219325557247
0.9999965483282277 1.6316208343355315e-06 7.164379016039299e-06 -0.025231952534755887 -0.00021582746897807863 1.0000013056076607 0.0008899448497962859 -0.1657280615298927 0.0009491630201158627 -0.000897826893183904 1.0000008732365155 13.235273986533745
0.9999927276339311 1.4653718314137226e-06 6.2868217928330975e-06 -0.027710682943220794 -0.0006701947417570566 1.000004855521232 0.0007809968283140601 -0.17333533534923568 0.0010389219302049007 -0.0007899212738327986 1.000001035559577 14.574157483262889
0.9999947827970507 2.3785530092884644e-06 1.0449874129350983e-05 -0.03032798502525337 -0.0005066050162272758 1.0000030898338694 0.0012978012339485135 -0.19360002528160797 0.0006302376024498034 -0.0013035474906555858 1.000000108607197 15.933340406021784
1.0000030188726865 6.673525605375638e-06 3.0141275590721273e-05 -0.03289273250779731 0.00045882679803522543 0.999989144606042 0.0037418412347932986 -0.21448157120473912 0.00037420576305589827 -0.003744444755478454 0.9999936495639615 17.260665828434355
1.0000446235278366 9.38425953727999e-06 4.46608097118635e-05 -0.03562678535552761 0.0056145702826354855 0.9999235803612836 0.005543154698773211 -0.2505176963409457 0.0003244078716095121 -0.005538132561824733 0.9999852779885195 18.61417584126514
1.000055591571396 8.26537271245674e-06 4.028061772390953e-05 -0.038249611210449216 0.006936802264421419 0.9999075063751913 0.004999758165009305 -0.27546262383272424 0.00014648623280529558 -0.004990136321784009 0.9999878754502827 19.955546238963016
1.0000590610535995 4.706423928885206e-06 2.4352406494629027e-05 -0.040728945632106196 0.007477292365674588 0.9999072158112187 0.003023540688045587 -0.27030439882018364 0.0006353106582990156 -0.0030203603998703397 0.9999964278265021 21.351692728364377
1.0000441485037206 2.597367415917151e-06 1.3842858765716328e-05 -0.04354735911965587 0.005470395090054189 0.9999394841360781 0.0017188094582526973 -0.32426785157354726 -5.546445182588429e-05 -0.0017083878785167995 0.9999984638582604 22.6719767090324
1.0000305144215844 4.395621799447788e-06 2.1140344307343708e-05 -0.0458798771756127 0.0036107313644511974 0.9999609243109345 0.0026242847345927683 -0.30635355840241707 -0.0007977038157656843 -0.0026087110759978912 0.9999948768145691 24.043697514718122
1.000031490256613 1.2513085580506678e-05 5.8248039081742076e-05 -0.048462190284889926 0.0035523384352196957 0.9999388618392255 0.007227135904569281 -0.32011964719384833 -0.0015985623601377354 -0.007202838463339266 0.9999699998725754 25.412483188647702
1.0000365910122275 1.4909804930622605e-05 6.964682090965517e-05 -0.05123026222702772 0.0041930570466080595 0.999919987120704 0.008640284069361544 -0.35334911305499256 -0.001566220097088741 -0.00861439928791783 0.9999589660405495 26.797350635966875
1.000078642804312 1.308094453376929e-05 6.420288196042458e-05 -0.053949409308106225 0.009390848199800671 0.9998484338734545 0.007965397172388903 -0.38396506410576453 -0.0016761442650541 -0.007920607497155972 0.9999643154311312 28.166776882956245
1.000074635679328 9.15812741004128e-06 4.580292531418352e-05 -0.05644159258578177 0.00890553997309742 0.999872390145994 0.005683795451127283 -0.38959207329829665 -0.0016211163922115327 -0.005641178271401948 0.9999799294159076 29.521942157295808
1.0000750049287768 5.958544928054421e-06 3.123931238614079e-05 -0.05934445109039034 0.008876984226451926 0.9998815399966601 0.003876782098716994 -0.4351727950296299 -0.001952965774413184 -0.00382833205075683 0.9999872944166208 30.92637804128147
1.00006359673033 3.5837088835800196e-06 1.9610414768113284e-05 -0.06166936815014966 0.007288106689359728 0.9999117565130204 0.0024328730155797735 -0.4147684912311769 -0.0027203918261602105 -0.0023783115816362133 0.9999885944452648 32.30499349059596
1.0000567015642554 1.2627270071716157e-06 8.681359171383357e-06 -0.06457448518109911 0.006274516410000196 0.9999291945112898 0.0010753335142199897 -0.46772184885125623 -0.0034217685436188083 -0.0010151039844234601 0.9999874672777627 33.677801536864855
1.00005518976418 2.522661671101184e-06 1.4232795665317143e-05 -0.0671776373623725 0.006023359683266975 0.9999317733296148 0.0017642229411034052 -0.4779708198946664 -0.0037045279144814923 -0.0017013999752738531 0.9999850270243004 35.07381341273102
1.0000527946338744 4.046805720752875e-06 2.0935903319074843e-05 -0.06994592865412197 0.005881418328226161 0.999931932787437 0.0025970905453892913 -0.5093895621785482 -0.003011015594631022 -0.0025448137443411884 0.9999868294295304 36.46687736850364
1.0000483772162285 5.8600878222511005e-06 2.8845995836833133e-05 -0.07241561318087608 0.005374079672138852 0.9999358269830765 0.0035789760372673565 -0.5005227691149072 -0.0028269990885491482 -0.0035317071167719973 0.9999847146822674 37.874217975171746
1.000042334474177 5.89851623638421e-06 2.8634425534518467e-05 -0.07482140549809194 0.004727287462896449 0.9999443948969836 0.0035531705463991664 -0.4862934964899819 -0.0023647215021087974 -0.0035147810317903492 0.9999868087427829 39.27008709937063
1.0000233630670325 7.223892210850985e-06 3.357426985669469e-05 -0.07769806505154159 0.0023013766660159567 0.9999700821148432 0.004165821741404638 -0.5310487113052801 -0.0026761725589425295 -0.004134267511603986 0.9999831011292624 40.66369447269517
0.9999873133716842 7.805348886082836e-06 3.472531491931544e-05 -0.080498912893186 -0.0021975622772482445 1.000005935285336 0.0043085188293279205 -0.5599170410995568 -0.002773850627333741 -0.004296409528185017 0.9999819774512623 42.08616310694981
0.9999893629738937 8.273693128293957e-06 3.692368990287215e-05 -0.08306047468341714 -0.0019005952428918869 1.0000029353845945 0.0045814565211095065 -0.5658377542511972 -0.002584651424255128 -0.004569173361969393 0.9999816208090445 43.47844286578053
0.999990784204268 8.184730179980337e-06 3.65650370598256e-05 -0.08578840947567203 -0.001677220306421266 1.000001738986593 0.004537160717043194 -0.5850000574762508 -0.0023756258250060584 -0.0045252379397705805 0.9999827157782076 44.90381425257708
0.9999892469034819 6.674887931965717e-06 2.9649304351971224e-05 -0.08859682872105618 -0.001616617726389635 1.0000048852869465 0.003679980765739341 -0.6176390426274772 -0.0012539536228711168 -0.003675002797486831 0.9999902503523415 46.31366074577202
0.9999907961747173 7.825411110698802e-06 3.4929038840715316e-05 -0.09139400807423385 -0.0011821032880717291 0.9999993569352215 0.004335692173882639 -0.6459765598146849 -0.00017425295191459225 -0.004336857224587357 0.9999903290153959 47.73646483040882
0.9999866462647145 8.373363945378062e-06 3.7291792838048746e-05 -0.09406885856945299 -0.0014265828949124532 0.9999996866483877 0.0046291939120992245 -0.6624117845603195 0.0010338432553875453 -0.0046388625096770025 0.9999906399974519 49.144597817769245
0.9999783826713009 8.867871231126381e-06 3.9310638453699497e-05 -0.096823565986976 -0.0022735024436494836 1.000003744405399 0.004879709802884239 -0.686658108398404 0.0018336276085780866 -0.004894642335745564 0.9999897217706791 50.5621243519615
0.9999776095413828 8.861124618786409e-06 3.925967365934688e-05 -0.09952250729641714 -0.002119406758465686 1.0000028737756657 0.004873233760744131 -0.6953390850285175 0.002949012782158976 -0.004894788446082114 0.9999890675976871 52.01818019521152
0.9999667219480448 1.0961665458709274e-05 4.8623821778779816e-05 -0.10235258217392768 -0.003315094295049602 1.0000029016091663 0.006034515413035436 -0.7323135695834848 0.0036467104008161507 -0.006058018129636638 0.9999816728221971 53.42068593697104
0.999975628523737 1.1838057046737252e-05 5.285015285217331e-05 -0.10509206464769578 -0.0019485298014784306 0.9999921908056799 0.006558001091815188 -0.7443976048999907 0.004808205936672767 -0.006591160225052363 0.9999754953852747 54.88401877692241
1.000007261380953 1.3152847515209704e-05 5.998884315832264e-05 -0.10763690642673714 0.002086596860300164 0.9999532127283105 0.00744279284563426 -0.7465537585583062 0.005283687901555105 -0.00749316264284632 0.9999676154129945 56.283826669590084
1.0000038485379787 1.3623300165528651e-05 6.201974934263088e-05 -0.11054772644331409 0.0017742456435510395 0.9999544246209511 0.00769416172388019 -0.7872290157000568 0.005780893011592494 -0.0077483114552377745 0.9999638215628878 57.714548119099184
1.0000008587863871 1.5356309906606677e-05 6.993469433613179e-05 -0.11350725216283741 0.0012371585553741082 0.9999515073112064 0.00867592863582348 -0.8352704485728153 0.005041552736817185 -0.008721123451463584 0.999958490528967 59.13939462947079
1.000010477541114 1.5009314394668141e-05 6.873107360357966e-05 -0.11596229878022836 0.0024476982004170734 0.9999408148681483 0.008526677659891724 -0.8229804753137462 0.005112816640286808 -0.008576628623045639 0.9999595050357617 60.55389411119247
1.00003538305257 1.7211338863730094e-05 8.030404171367853e-05 -0.1188150393102437 0.005424059006044495 0.9998918461350884 0.009961295143522172 -0.849224220048733 0.004592514005494865 -0.010014566507708947 0.9999477443297237 62.016807238090905
1.0000483258597173 1.5784164229178457e-05 7.446431038668293e-05 -0.12151131198175587 0.006985498014772985 0.9998765392325963 0.009237739283679386 -0.8672320974638641 0.004387655803693442 -0.00929240872219568 0.9999552555266811 63.429791250223836
1.0000524361519763 1.4046285021638433e-05 6.666465673707414e-05 -0.12419477099755066 0.00737703916512549 0.9998790502566287 0.008271290122304669 -0.8851612396968733 0.00385733062991038 -0.008318711697485518 0.9999650445174824 64.83602973065702
1.000060914313405 1.3456088821797371e-05 6.453671750091352e-05 -0.12687628193611825 0.008263128460307507 0.9998671327634082 0.008007801492037841 -0.8925130003210502 0.003113390635375795 -0.008044986907579864 0.9999685299794128 66.28835973249674
1.0000494814177898 1.3276242262001692e-05 6.289468212644297e-05 -0.12949785695961627 0.00672233413858825 0.9998926993037596 0.007804381153375785 -0.9103749222788355 0.0025740725853773804 -0.007831366079743293 0.9999707826636024 67.66062444194033
1.0000312414898809 1.5577997125024168e-05 7.243996394953227e-05 -0.13229759695402338 0.004261273852092327 0.9999160819769245 0.00898767570571483 -0.9308764196306178 0.0017007513069784645 -0.009001882968669356 0.9999612374177262 69.11979187682911
1.0000073137803462 1.7526448022654045e-05 8.032262747465022e-05 -0.13488622974571618 0.0011482921094105904 0.9999402989261944 0.009964506658540434 -0.9453306570967852 0.0010702438082296943 -0.00997300712419252 0.9999517728120216 70.4890087762011
0.9999829348837652 1.9302622612099585e-05 8.775399570376411e-05 -0.13764380027905831 -0.0021552213386247894 0.9999556278025552 0.010884902606810925 -0.9669729483872329 -0.00016006733403653764 -0.01088835543436455 0.9999405763868001 71.91973383659455
0.9999525845527265 1.9597476209673795e-05 8.850611951378333e-05 -0.14030668303264193 -0.00602288442562063 0.9999699376076863 0.010977850569577204 -0.9875985718611378 -0.000599044310235508 -0.010987840394355646 0.9999385303515078 73.30255134366894
0.9999274850441539 1.861982462049959e-05 8.37982483923483e-05 -0.14290920848329886 -0.009258330602004773 0.9999775129770659 0.010394239592565878 -0.9979967388377713 -0.0011267051719643583 -0.01041259957586739 0.9999432695075362 74.6975507661954
0.9999252863047519 1.8669384404930434e-05 8.403762582382432e-05 -0.14555082903104252 -0.009723908026940392 0.9999765403292555 0.010423246640926219 -1.0006698441012698 -0.0019852345592532832 -0.010444385115590395 0.9999400524033211 76.1486527887072
0.9999199217467791 1.940683825237509e-05 8.752758003379682e-05 -0.14814577333277418 -0.010473910831102846 0.9999704013367304 0.01085529255144109 -1.0164434360239987 -0.002358832825586953 -0.010880190325087071 0.9999339256649736 77.51548148925058
0.9999221145844382 2.0211441813170264e-05 9.12980855613209e-05 -0.15095277433416526 -0.010220370649226823 0.9999657973975771 0.011322314910125303 -1.0480963325647423 -0.0024426270014396125 -0.01134633976286961 0.9999283991463702 78.92894002706028
0.9999269585213343 1.727605862009672e-05 7.751286944317724e-05 -0.1533200205733011 -0.009473556201838483 0.9999850389089483 0.009614910518626577 -1.0399545465843454 -0.0017949090281628723 -0.009634812117118039 0.9999488722956916 80.27631347666592
0.9999314869128235 1.8258013638007553e-05 8.209753378378274e-05 -0.15617072954502642 -0.008932282515063818 0.9999800304548218 0.010182948672084741 -1.0804108031730153 -0.0018890515722753958 -0.010200989021931622 0.9999429215192136 81.67471994897598
0.9999289854618136 1.924261900117935e-05 8.671693988815052e-05 -0.15873248059722334 -0.00914994957547947 0.9999738107973923 0.01075561426244014 -1.088855540543684 -0.0014743581802722356 -0.010774035211774563 0.9999383658435164 83.05584849807508
0.9999314218036672 1.7323782981172597e-05 7.772871826252324e-05 -0.16126136158308202 -0.008808783633316589 0.9999855017104592 0.009642034848861154 -1.0920698115656893 -0.0013022415245337773 -0.009659179666500744 0.9999502900803607 84.4420980043563
0.9999298056577347 1.7711753047567128e-05 7.954282749539116e-05 -0.1637959552098133 -0.00881400190352776 0.9999832963040591 0.009867360977703441 -1.1004124190222084 -0.00043043392070865323 -0.009883886346312232 0.9999504269259637 85.80864126490103
0.9999291873961335 1.872906788998388e-05 8.430686589312513e-05 -0.16642065409244605 -0.008685528725718275 0.999977374117077 0.010458030681802693 -1.1141782415182553 0.00048491467123401707 -0.010473721616227125 0.9999460591411236 87.2009028667654
0.9999328860511493 2.0314256078308307e-05 9.175459375282673e-05 -0.16900044359056127 -0.007874265042830198 0.9999674677711742 0.011380899450266498 -1.124117431376466 0.0020543452908198825 -0.011395832813063013 0.9999368298563128 88.58535714924392
0.9999398490496817 2.114148031855806e-05 9.567377259328525e-05 -0.1715530479470634 -0.006819250621963645 0.9999610752184865 0.011866228170421407 -1.1416274205595651 0.002902887311424083 -0.011882486807056102 0.999930601059953 89.92099292821004
0.9999487750119266 2.223118722270538e-05 0.00010089184938404713 -0.174207923073434 -0.005496389734572821 0.9999506862423927 0.012512150054667921 -1.161112943610109 0.0038587471688470874 -0.012532335261450037 0.9999211709976935 91.30445987086775
0.999951626757999 2.1140175418323318e-05 9.576288221923809e-05 -0.17678034551019187 -0.005118917630552264 0.999957407437034 0.011876866352691745 -1.1713414637422765 0.0039627076720476365 -0.011898120787355478 0.9999286905769755 92.68354372938109
0.9999532765754293 2.081543298366323e-05 9.425006802752799e-05 -0.17947397385496708 -0.004924107962889723 0.9999590277584338 0.011689505100056943 -1.1942738546414804 0.003917745232535496 -0.01171104102608889 0.9999309924082963 94.07310207159938
0.9999589110015429 2.0402410552915543e-05 9.238240485407757e-05 -0.18193610503428012 -0.004135512946962115 0.9999589338554027 0.011457946513407652 -1.1964131930533317 0.0043139851433672384 -0.011482713362163534 0.9999327216286568 95.42717689739538
0.9999611638580366 1.9563985141980364e-05 8.847343656176215e-05 -0.18452542221839238 -0.003932544435765505 0.9999635550774805 0.010973889495695027 -1.2137048213171089 0.0039714231695976805 -0.010997755113384355 0.9999389666917723 96.78411933169494
0.9999529942621739 1.8343042640220006e-05 8.262472663558471e-05 -0.18707105210752656 -0.004943107588955487 0.9999749081270798 0.010249256480772807 -1.230137434411749 0.00398937038405804 -0.010270924402833868 0.9999466469201086 98.12069702396465
0.9999376321262377 1.8574110453138323e-05 8.358781660737198e-05 -0.1895291045855929 -0.006946402964588819 0.9999778950240239 0.010368786263799711 -1.234744899598507 0.0035636548114631253 -0.010385577693014104 0.999946303503826 99.46150616888798
0.9999379523210191 2.0507297719308745e-05 9.267449405470085e-05 -0.1921037700679711 -0.006964703090632051 0.9999655904993814 0.011494601671291297 -1.2447768349962969 0.003304709162957496 -0.011511117901741762 0.9999344180622293 100.84270898621229
0.9999371749574976 2.3298971704679983e-05 0.00010588179109462877 -0.19457121015660284 -0.0069778515877753754 0.9999454410238255 0.01313016625848213 -1.266375728461584 0.0036766041032311454 -0.013147103423564142 0.9999136432408622 102.11294308012474
0.9999379369616538 2.1776615793516266e-05 9.866746762679729e-05 -0.1972366124557637 -0.006845208929616837 0.9999566365202164 0.012236680931138194 -1.2863515236442817 0.003846106736768008 -0.012254041924064258 0.9999246420469847 103.50005394691111
0.9999346484870109 1.7248905859386723e-05 7.738116848041003e-05 -0.19959047668059957 -0.007368659384051069 0.9999859622968852 0.009599787576814506 -1.2848535851715173 0.0033330231975954726 -0.009615656056828603 0.9999543713268564 104.81038734749858
0.9999512559497545 1.525747523143349e-05 6.821432244625571e-05 -0.2021222140042811 -0.005242280483381695 0.9999925286287458 0.008463538061668921 -1.307196798897271 0.003617930727055753 -0.008483448411804406 0.999964125470107 106.11291218565559
0.9999579486951137 1.7487354873434516e-05 7.868909049764893e-05 -0.20472728048194616 -0.00460767099054026 0.9999786916449328 0.00976202554424393 -1.3214717864554213 0.0027413288023482255 -0.009780141440535928 0.9999535073076532 107.49203001671198
0.9999874322297102 2.075849964746669e-05 9.474896001474518e-05 -0.2071915176957618 -0.0008936688999022103 0.9999375687555047 0.011751640944697295 -1.3303705852029997 0.0029751083434414946 -0.011775206976158721 0.9999317867177491 108.81712704070576
0.9999940769169513 2.2169275826829093e-05 0.00010164903724213764 -0.20971301566657183 -0.0002642539302009986 0.9999224409015292 0.01260639030669404 -1.3431769582506348 0.002101957432519522 -0.012624008246384552 0.9999220833510017 110.15651104705303
0.9999959756241047 2.0706028882591307e-05 9.479999360127158e-05 -0.21209766722729723 -0.00021217820274678154 0.9999323815910669 0.011758117213660896 -1.3454318146503088 0.0012826209292791943 -0.011769279265921506 0.9999324038027345 111.46715976074906
0.9999905482555537 1.6104568847560494e-05 7.303661332033425e-05 -0.2147736284637625 -0.0012708973655096104 0.9999682391431424 0.00906109406285354 -1.371402734147676 -0.0004329287942911452 -0.009060919160136781 0.9999582052375073 112.83338294226625
0.9999657526191738 1.3510704578108962e-05 6.0343930635116524e-05 -0.21729796189756642 -0.004482602094522847 0.9999979059830416 0.007487352721680411 -1.3877357916161048 -0.0010230084874879553 -0.007492044426951856 0.9999696727137897 114.1586098783485
0.9999449681443683 1.2233780635181879e-05 5.4174670018626234e-05 -0.2197020032950845 -0.007394951366654096 1.0000095139303489 0.0067212151170612106 -1.3920682559381634 -0.0024996186237224273 -0.006733072483502954 0.999969793170905 115.47073215862409
0.9999459674984432 1.5766492648798883e-05 7.052868404669563e-05 -0.2224290589906904 -0.007654940493720947 0.999993955093637 0.008746735963131583 -1.4230490487850602 -0.004212532569157574 -0.00875899885896766 0.9999452873264741 116.84291144328803
0.99994158192677 1.9793746010604574e-05 8.933171618775992e-05 -0.22473514736145597 -0.00815790699380867 0.9999708955218886 0.011076958207589704 -1.4248279404714967 -0.004026655610497147 -0.01109226967881906 0.9999232618680252 118.11217167551419
0.999943626368704 2.0997781066404292e-05 9.50171510469386e-05 -0.227353508643125 -0.008123780554791784 0.9999628546824038 0.011779845561208188 -1.43760397812806 -0.005006751063260663 -0.011794965458241683 0.9999090331318669 119.50533729165986
0.9999491222337586 2.035372324113091e-05 9.2026696388087e-05 -0.22990207048207895 -0.007726290723603162 0.999967129211393 0.01140731271074923 -1.4580828405126334 -0.006277926975137027 -0.01141920095031924 0.9999039212321147 120.82549432236756
0.999936811003934 2.02483156447799e-05 9.145076619263611e-05 -0.23232416185088953 -0.009528819386495923 0.9999669307160027 0.011333555553839792 -1.462657338428417 -0.007498011670588723 -0.011361707696920412 0.9998939675033665 122.14653395254189
0.9999252031714674 1.9398140648248588e-05 8.745799000256928e-05 -0.23484873126976394 -0.011259750924994434 0.9999683983307168 0.010836000371013446 -1.4714163558086044 -0.00878837124830432 -0.010884305803659266 0.9998864325085569 123.50566844847982
0.9999151387123202 1.8742268630264278e-05 8.444830664729912e-05 -0.23736116265599042 -0.012833599467058365 0.9999661257811664 0.010459406410192775 -1.48145785768639 -0.010232984990301647 -0.010531195247456642 0.9998738593880935 124.85236116001074
0.9999148827458599 1.742698764908325e-05 7.829461360363233e-05 -0.23988572036598643 -0.013135683064841065 0.9999723651570191 0.00969347741779554 -1.4956625907331624 -0.011438380714131323 -0.009774921269663969 0.9998662882908692 126.1872036921081
0.9999232222154888 1.6536077966538762e-05 7.407577160410618e-05 -0.24240641001229596 -0.012266397998744412 0.9999813671934924 0.009168406794443988 -1.5091301346625292 -0.01218044770095487 -0.009241358883810296 0.99986124986326 127.52319149056959
0.9999224430516633 1.765289062618733e-05 7.929231513664238e-05 -0.24483054828533443 -0.012549698825156975 0.999974013500071 0.009812170603238881 -1.5174158488919405 -0.013012315381325539 -0.009892683448390338 0.9998430449132941 128.82881438826286
0.9999237893803186 1.8989776928783966e-05 8.554676146458424e-05 -0.24747924342387587 -0.012515758532742609 0.999966270629296 0.01058511574260148 -1.5397968883996103 -0.01360660114096534 -0.010667628138517729 0.9998261041851 130.1959459146007
0.9999338106452427 1.8793140811306647e-05 8.460622579297013e-05 -0.24986141123323088 -0.011351941741184266 0.999972030549786 0.010467370538975264 -1.5401295714385292 -0.013966624845726344 -0.010533037408726877 0.9998219146656877 131.51379108047811
0.9999435535347694 1.9639737292216977e-05 8.861977962937133e-05 -0.2525748837349428 -0.010197375668118135 0.9999698477726764 0.010963780777646714 -1.5706147141467053 -0.014213728515701924 -0.011011646700890249 0.9998128363214553 132.88065789196793
0.999958142973885 2.0720901532701036e-05 9.387186424632374e-05 -0.2549519874690382 -0.008383294941390748 0.9999647389468459 0.011614499672388631 -1.5667106636582615 -0.01420387961434419 -0.011633216795305294 0.9998059640636767 134.21459234823163
0.9999656460443197 2.0791549907623816e-05 9.433657656370085e-05 -0.25754369002713035 -0.007267502652296671 0.9999637814340276 0.011674969795768436 -1.5910170724504027 -0.013383406150822603 -0.01167661444694042 0.9998182599043522 135.5415730738762
0.9999558273976195 1.9889855381207203e-05 8.992327583002787e-05 -0.2600664041475803 -0.008264273200954443 0.999970272049669 0.011131500915676178 -1.6036825282514617 -0.012390647354124188 -0.011148278857293302 0.9998388715279077 136.88225905539034
0.9999672325230742 2.2498281292632552e-05 0.00010244025409699591 -0.26273641567288236 -0.006764266312190951 0.9999509664090822 0.0126830791711371 -1.6338246061584352 -0.012017843086466423 -0.012679011984599883 0.9998258778302106 138.226585558038
0.9999683116739371 2.2447912132430442e-05 0.00010222419355707417 -0.2652321479723194 -0.006254377352243025 0.9999504575319743 0.012661200724518134 -1.640198515973782 -0.01034163615572233 -0.012653385128668565 0.9998479716205259 139.5803855603003
0.9999778780988867 2.2566773086332703e-05 0.00010301916233547165 -0.26777861276439 -0.004841303016299748 0.9999456323604682 0.01276230074625653 -1.6520670997852165 -0.009338175186091103 -0.01274073265582665 0.9998585510975115 140.9377791997718
0.9999705019582875 2.189074273361083e-05 9.963327867288231e-05 -0.27025923235915195 -0.005412758209436767 0.9999525303472692 0.012346519287140026 -1.6612696892449035 -0.007801444612232423 -0.012335561171935804 0.9998795721329489 142.27059459376625
0.9999703584769674 2.1229219712913874e-05 9.650214413618654e-05 -0.27275343374982924 -0.005200418439172537 0.9999566414218772 0.011960801244017634 -1.669882565160654 -0.006775038288131274 -0.01195085275520165 0.9998935736077436 143.61356192781938
0.9999877779633614 1.750828697472291e-05 7.949458256893281e-05 -0.27527431642665484 -0.0030042718656103475 0.9999709793098821 0.00985408122827447 -1.683085852387444 -0.006628725266466685 -0.00982612797578706 0.999917924873934 144.95083510121748
1.0000089894670336 1.5688131022375054e-05 7.182016020494133e-05 -0.27794917203323005 -9.353671584702919e-06 0.9999602862304593 0.008905751218311561 -1.7186391689594602 -0.005020398011820908 -0.008865747630947461 0.9999391597368839 146.27371270050023
1.0000839123286385 1.9824236250484337e-05 9.619338725598255e-05 -0.28046773553840626 0.00940600679703712 0.9998087050865166 0.011926531045916521 -1.716602907295481 -0.004526992581031421 -0.01183245373237449 0.9999117441885523 147.67766307050852
1.0001328551272335 2.1172322430573418e-05 0.00010765131491360502 -0.2830149521067791 0.015841025952696756 0.9996576330543658 0.013347483948901208 -1.7381591182493141 -0.0029359111596095975 -0.013252785865917141 0.9999027589784828 148.99227054550914
1.0001350107260298 1.6583768534188248e-05 8.623152561198296e-05 -0.28556896329914844 0.016450971944488302 0.9996747977769201 0.010695710903613423 -1.7638615890574374 -0.0014096691359841006 -0.0106349353736428 0.999940062998593 150.2921506417155
1.0001351829188603 1.0999628863951616e-05 6.025154231199554e-05 -0.2882151453797426 0.016459731399149663 0.9997038968540006 0.0074757087100267225 -1.7775372866039676 -0.001465972328840493 -0.007412472334687544 0.9999689135018205 151.69671231576748
1.0000990696700354 7.2132714029147366e-06 3.9059350414747925e-05 -0.29075620035934524 0.01183259266691976 0.9998228798334944 0.004846910779957189 -1.7979797060446177 -0.0021001664917011933 -0.004784842286703006 0.9999826248641017 153.01287430164862
1.0001092872235526 7.968723841471695e-06 4.3508155852307884e-05 -0.29337790186527835 0.012831170185511312 0.9997996906873727 0.005397603322709657 -1.8150408716687207 -0.003305795706752751 -0.005306651883187618 0.9999745638147003 154.3887800799967
1.0001177559731924 1.0673481633376516e-05 5.68054264298329e-05 -0.29571728339761666 0.013828086749098795 0.9997680832607659 0.0070464671859138015 -1.8081527731261886 -0.003550282606643072 -0.00694559752807008 0.9999632673445802 155.71513017896092
1.000192794215586 1.398708124344776e-05 8.185046733376355e-05 -0.29819852362610844 0.02301973144933874 0.9994978796862996 0.010150347394354 -1.8223500632748633 -0.004118452343201169 -0.009985774410333355 0.999934368403338 157.0260151497855
1.0002093991187657 1.4822155607026669e-05 8.836396245104697e-05 -0.300741977347098 0.025096905290914025 0.9994226060208459 0.010957494847656814 -1.832134821464835 -0.0040515599990365555 -0.010783955324174758 0.99992648445984 158.3910340905923
1.0002170975125935 1.5158001265063933e-05 9.120539397577325e-05 -0.30333500300341876 0.026160195496811374 0.9993828371500154 0.011310084206950854 -1.8546119421813119 -0.003573399567821201 -0.011147310071296516 0.9999251915076204 159.72690540914908
1.000212949075914 1.535120328281271e-05 9.142943645327811e-05 -0.30583412745665206 0.025355339137277264 0.9994097707848497 0.011336195638235116 -1.8584488181230436 -0.004865151370974227 -0.01113420010392989 0.9999175542740746 161.09389815315407
1.0002052559164525 1.4480700903809693e-05 8.6096886194875e-05 -0.30825940829956905 0.024153951038006362 0.9994565122395361 0.010673835371968239 -1.8591845338345452 -0.005962066197069547 -0.010443638920443076 0.9999170758909003 162.433823494682
1.0002011700412015 1.3498502884724123e-05 8.08526648869753e-05 -0.31069733090881363 0.023274292594329657 0.9994912410767646 0.01002093117136289 -1.8626840289265099 -0.007622050884818256 -0.009744787692504957 0.9999098476741064 163.76842506201933
1.0001933106165999 1.2319594297550626e-05 7.414382838171764e-05 -0.3131586111997286 0.022156274804550312 0.9995336731832479 0.009188131086228112 -1.863517123025843 -0.00825508755425234 -0.008902638026937812 0.9999115192149521 165.127853906605
1.0001987215303032 1.393396246440401e-05 8.250937725702654e-05 -0.31564988024380386 0.022701596899343854 0.9995069716704394 0.010223609411635201 -1.8690932368460949 -0.008819948007306346 -0.009915809130909779 0.9998961569206533 166.48273981685256
1.0002029835346649 1.3857546808937471e-05 8.281696598703373e-05 -0.31808261975480745 0.023370964715844336 0.9994857449142236 0.010263137206740122 -1.8751021630562188 -0.008195312874468291 -0.009968149366082483 0.9999020798559014 167.80327985013142
1.000189450410133 1.1486438838583315e-05 6.969067927079355e-05 -0.32062502914548396 0.021890403835246666 0.9995465861267177 0.008638142560589592 -1.8828754245085493 -0.007302835410058327 -0.008383621060335049 0.9999251255486893 169.17669078809487
1.0001638064432983 9.3300349916451e-06 5.6112698999979515e-05 -0.32346837123605543 0.01890308786330184 0.9996447540683187 0.006956359897596618 -1.9176529492224168 -0.006422405256747052 -0.0067515428182143705 0.9999450857132486 170.59634184916783
1.0001157290653047 7.025836397594326e-06 3.9859518143967564e-05 -0.32591053868274894 0.012893556005586249 0.9998007577175544 0.004940087150134443 -1.9268288315460962 -0.006595302386410728 -0.004779688987081128 0.9999549890030018 171.90798018558803
1.0001097653185564 8.609361477642657e-06 4.648939437351023e-05 -0.32829443294814104 0.012060175633242748 0.9998134606602038 0.005761705549303795 -1.9182987689005349 -0.007008875729035008 -0.00560005168624688 0.9999471830903411 173.26630544283185
1.0000562320934607 1.3743933732600008e-05 6.552982964888577e-05 -0.3312231930928349 0.005175041526560932 0.9999118434531856 0.008120476586163975 -1.964013994470656 -0.008064929851126485 -0.008005015733097599 0.9999209903447381 174.68448674365385
1.0000470980264304 1.9591229596490484e-05 9.222031326726852e-05 -0.3338498499574811 0.0040268117644843855 0.9998939934561081 0.011427868152095625 -1.9834540990910485 -0.008126756472862378 -0.011323058066647657 0.999888357517566 176.05252796102613
1.0000603833106474 2.043838506772186e-05 9.716338475652714e-05 -0.3364773608803462 0.005915286647786157 0.9998621740137231 0.012042402726907344 -1.9937020839032682 -0.007062855486966546 -0.011934143343485786 0.9998912616242476 177.46203496765472
1.0000699399281086 1.973738121750432e-05 9.45985445213013e-05 -0.339005978293054 0.007388652657042345 0.9998442590249251 0.01172704525471874 -1.9953645940853368 -0.0057850886336603385 -0.011625795530756154 0.9999054062581451 178.85505866361328
1.0000978709514863 1.2708519346487854e-05 6.42045421396769e-05 -0.34139828699850067 0.011264586713459162 0.9998140044236652 0.007963316500854314 -1.9917712381780657 -0.00396932865019401 -0.007867885348050694 0.9999541170919793 180.19602861060437
1.0000744609604448 6.1191707409341545e-06 3.192513459895018e-05 -0.3441400189435758 0.00884690430516001 0.9998817134802953 0.003962016250733049 -2.0143018442084393 -0.0017858399947041235 -0.00391651864676096 0.9999875683726024 181.61402021048366
1.0000439930887766 6.882738387756909e-06 3.320763296909548e-05 -0.34689821579383273 0.005399806546152701 0.9999333818233773 0.004122074501300716 -2.0452247841365137 -0.00028418378935218184 -0.004108991497724316 0.9999910642968977 183.00370456637228
1.000015104526608 9.475837918561034e-06 4.3438294396083276e-05 -0.3494137331561074 0.0017497644272095533 0.9999697678123479 0.005391136686015739 -2.0596820084529046 -0.0005622469688156921 -0.0053828763407463565 0.9999844172255088 184.33241423497276
0.9999949407885389 1.3572915029048949e-05 6.144195393550846e-05 -0.3520896812956732 -0.0010181809608234785 0.9999785121049103 0.007623001188963589 -2.065953088289619 -0.0017386657213798778 -0.007612986878583744 0.999966480637939 185.7864827194782
0.9999706881792679 1.6985963732151985e-05 7.658660404607815e-05 -0.35469103555573606 -0.004028872851814893 0.99997905618967 0.009500213538144706 -2.083879716458885 -0.0017330648380382409 -0.009500827585387976 0.9999503731181978 187.14725989393375
0.9999934470039347 1.7516264772738863e-05 7.972471386125351e-05 -0.3572810413685208 -0.00125886958702568 0.9999603011032253 0.009888912031373554 -2.0786404918865817 -0.0019847196071262844 -0.009878166433001411 0.9999457999744131 188.6050613360923
0.9999951938171133 1.8379818574604592e-05 8.383073074459029e-05 -0.36001728079023054 -0.0009994598094516041 0.9999533349364284 0.01039784229232073 -2.10074122616314 -0.0017953138545844574 -0.010387499087891326 0.9999413460767005 190.02192801983298
1.0000281493450147 1.959931711150928e-05 9.108955711782034e-05 -0.3625138623941103 0.003018844350092224 0.999907152230187 0.011296903018999752 -2.106018889543237 -0.002127394601742014 -0.011268854916344516 0.9999305637983513 191.38108717032293
1.0000447957641694 1.9566498396251727e-05 9.195057899460371e-05 -0.36518140478615724 0.0049712082821020374 0.9998824215586124 0.011403118825556346 -2.112420974234556 -0.002640092170201118 -0.011360966588957895 0.9999273748669465 192.82991603095226
1.0000564440904747 2.0318827841170686e-05 9.630696225274103e-05 -0.3677715617738571 0.006447214503278183 0.9998557969026339 0.011942875269913215 -2.130371090276107 -0.002509013478504618 -0.011896367412909857 0.9999217303358704 194.18438701444674
1.0000789459016723 2.1158784989042806e-05 0.0001020714777072735 -0.3703739559980461 0.009111417470434502 0.9998048233260294 0.012656275120831144 -2.1278312735352625 -0.003090147549161819 -0.012588884955714951 0.9999105850493019 195.63701143408517
1.0001033804208033 2.1607140840399983e-05 0.00010648656427470534 -0.37304700275725994 0.012067214751096405 0.999742633887843 0.013202675051651399 -2.141459447785599 -0.003441302186804527 -0.013114537623702384 0.9999020555554413 197.05666365014596
1.0000784967919425 1.8331785973940348e-05 8.868994756879608e-05 -0.3759377348130865 0.008920507582270148 0.9998277230068559 0.01099810270611539 -2.1824533150095613 -0.0036927882119521223 -0.010921070486080032 0.9999270354289329 198.474838816724
1.0000419708819472 8.536466237019438e-06 4.0616654366779775e-05 -0.3784993764248295 0.0043459085638039695 0.9999427947452674 0.005038203355870991 -2.1760633606461064 -0.0038641321789473267 -0.004982907008280367 0.9999732149899903 199.92206290618336
0.999959516918396 9.120312309309972e-06 4.006724101520971e-05 -0.3812428850865304 -0.006264618716803902 1.0000184077762062 0.0049675798897501995 -2.1931212555026587 -0.00551646143435521 -0.004969060996200299 0.9999625501677374 201.3654443816196
0.9999120367486941 1.4879473334263038e-05 6.646590967163113e-05 -0.3839176800401295 -0.012240012365321972 0.9999895688199697 0.00824053613015053 -2.204625828836971 -0.005867872350358874 -0.008287297027803366 0.9999379684926769 202.79553512874617
0.9999027207680196 1.8409405517911398e-05 8.305381391319816e-05 -0.3865156018054836 -0.013614708686806913 0.9999637988131108 0.010294501890874252 -2.205518670126422 -0.006838889276782175 -0.0103572211297259 0.9999107776921488 204.23037440858724
0.999923585673125 1.9036850717130474e-05 8.576863955817959e-05 -0.3891444854100693 -0.011022082482842347 0.9999713369331636 0.010630930922411835 -2.205689535615606 -0.006832647510272133 -0.010671105796868016 0.999907535652235 205.68558114223126
0.9999397112674154 1.9912083411998197e-05 8.987884945267492e-05 -0.39203409232457387 -0.008756975327514504 0.9999699254910105 0.011142293886906119 -2.2386996208570715 -0.005662197639074472 -0.011162135024969896 0.9999116082966119 207.13873729603364
0.9999468834769163 1.947938260112199e-05 8.789190118707862e-05 -0.3947025588507899 -0.007613266819572742 0.9999727752371632 0.0108979038349284 -2.2491316292917003 -0.004533987721262854 -0.010909781407025716 0.9999221791697018 208.5701063004862
0.9999479900145458 1.8361787310362462e-05 8.265854706919983e-05 -0.3974590953485588 -0.007404987115804566 0.9999795237223689 0.010249946730522628 -2.250671601980464 -0.00421799219960541 -0.010260722354150301 0.9999309941758752 210.08990610967342
0.9999358915987767 1.8265565073533052e-05 8.213744822148719e-05 -0.4002577338434332 -0.00894462500641381 0.9999799972456821 0.01018513134655815 -2.27088242166082 -0.0043835644799670795 -0.01020531937205253 0.9999305492530053 211.54975978878792
0.9999282298872485 1.897001262978447e-05 8.543879533033194e-05 -0.4028207051156568 -0.009758859302778715 0.9999746739415254 0.010594970445709832 -2.2637273113854866 -0.003771361858337002 -0.010619206921409914 0.9999298472583305 213.00113254759933
0.9999270822944256 1.8934339995791902e-05 8.527426041614501e-05 -0.4056155580214561 -0.009723698520064637 0.9999749396838336 0.010575507065092069 -2.2882281945554466 -0.0029789828529275843 -0.010598265062089746 0.9999341744590927 214.43975785122316
0.9999221014978877 1.796393014302268e-05 8.074886019575627e-05 -0.4083488538620603 -0.010350563671084296 0.9999794766969301 0.010014743464942294 -2.3047940649278886 -0.003015982400066102 -0.010040584696170373 0.9999397439543859 215.87967731632983
0.999927285564999 1.7076837656381308e-05 7.658194327390109e-05 -0.41109895823131287 -0.009657286967997076 0.9999858738627232 0.009498622768196094 -2.312049122519619 -0.00279539518833535 -0.009520752977512025 0.9999458602895195 217.37042803875957
0.9999209549943264 1.6961538710833987e-05 7.607243959160568e-05 -0.41395369892641615 -0.010282627030233665 0.9999852664529982 0.009436159524239653 -2.3332074964726868 -0.002078040860835642 -0.009459605121848976 0.9999494830562236 218.85712742834647
0.999915191514325 1.6242664362597567e-05 7.27679206279704e-05 -0.41662863660914734 -0.011027849822381522 0.9999871140010563 0.009026494988499095 -2.3385875123255997 -0.002209385262969949 -0.00905322783704919 0.9999527202117332 220.31461003668497
0.9999279273312087 1.676937238894935e-05 7.514603828696464e-05 -0.41945457636985434 -0.009468353443134236 0.9999878321094834 0.009321150779632595 -2.35691606276487 -0.002308268202666751 -0.009341734925127772 0.9999496688192678 221.79797820924458
0.9999102250637717 1.579437988404042e-05 7.073688970369143e-05 -0.42227934407502726 -0.011510754996336003 0.9999878000686726 0.008775259818782542 -2.372152059323476 -0.0016123324101231541 -0.008801892480399873 0.9999571794280466 223.29448867609204
0.9999153051442657 1.6011871363257393e-05 7.169255459460867e-05 -0.4250517211750105 -0.010796590740176928 0.9999889649382981 0.008893985007210286 -2.380794477063418 -0.001241004499914564 -0.008917152151369484 0.9999573601487365 224.79138781297175
0.9998942758257466 1.6932021276821335e-05 7.630949421667962e-05 -0.4279769215280893 -0.013268277513695637 0.9999738595586712 0.009466559360806488 -2.4166437586939615 -0.0006168520276723167 -0.00949412701759268 0.9999537636226474 226.2515953139801
0.9998961288801641 1.6987796264272825e-05 7.653042867186407e-05 -0.43085387331845576 -0.013014862791449706 0.9999748890171929 0.009493996567023646 -2.4363964241978433 -0.0005130217212567488 -0.009520426249394738 0.9999537600905785 227.75686483053977
0.9999158731937827 1.642014949125234e-05 7.358809098601069e-05 -0.4335812602794254 -0.010573938136438822 0.999987426913072 0.009129333560019862 -2.437298896582054 -0.0005626784506854059 -0.009150129929607224 0.9999570953243218 229.26336356419506
0.9999198382234052 1.719632403653429e-05 7.71756389542251e-05 -0.4364373477046875 -0.010073075983251596 0.999984400110432 0.009573963035031245 -2.455630882474754 -0.0005250288028246588 -0.009593501043055843 0.9999530348332619 230.7634132590414
0.9999306064965257 1.860710660905006e-05 8.373344625507316e-05 -0.4392544114950611 -0.009011338019864501 0.999977868837331 0.010385755294585193 -2.4719229047531615 -0.0017539984125737559 -0.010403968912207419 0.999941323013196 232.25094761858364
0.9999246478270873 1.7725177704959807e-05 7.961958267507676e-05 -0.44208492520294485 -0.00968588789459164 0.9999821637072106 0.009876229009511553 -2.483202614296171 -0.001462070102364386 -0.009896372276503737 0.9999474646855142 233.76828371214037
0.9999323922978709 1.7903832519112345e-05 8.043989760077742e-05 -0.4447518913683548 -0.008677975290897672 0.9999822909212883 0.009978031348466827 -2.490037615428277 -0.0012563882886078516 -0.009994750312784443 0.9999471385932993 235.21486282256384
0.9999218420798001 1.755745137238876e-05 7.884963064613794e-05 -0.4477079064975046 -0.010138788070512987 0.9999822637381219 0.009780448361935066 -2.5117245690777703 -0.0019278821404873547 -0.009803033407871987 0.9999467520998081 236.75529434432937
0.9999165772987253 1.811040674294835e-05 8.147460373031943e-05 -0.45046224251701966 -0.010800466629861397 0.9999774247889285 0.01010568446284935 -2.52003111573111 -0.0019628533835924942 -0.010130859218314997 0.9999433580746033 238.2436995290052
0.9999024079614857 2.1738466691199887e-05 9.873129994794768e-05 -0.4533320027002435 -0.012700490013711811 0.9999464813714349 0.012242843873028118 -2.5399085578136265 -0.0025886357342518205 -0.012278201066093751 0.9999167734401492 239.7444296309218
0.9999131900797562 2.3019777881440676e-05 0.00010465069070493809 -0.45615252675804474 -0.011569484151190242 0.9999418581426872 0.012974898113554635 -2.5444035552168636 -0.0035163691380457225 -0.013008454072202856 0.9999030430459702 241.28648991300435
0.9998910142390285 2.0935555112015086e-05 9.517217365424542e-05 -0.4590956805077842 -0.01433801765160871 0.9999428468611717 0.011800903043755593 -2.577313739045929 -0.0035810369952864766 -0.011849728541771508 0.9999170831713945 242.76974771402917
0.9999034773906527 2.0153086466792244e-05 9.123109000632183e-05 -0.46190753529182255 -0.013042203267727955 0.9999558205976704 0.011311234831170976 -2.5798293870287874 -0.004704813140945637 -0.011358512615326943 0.9999160914113076 244.3158336671169
0.9998990319269799 1.9787690797221785e-05 8.959088468057279e-05 -0.4645804116401003 -0.0135507726302854 0.9999554307213849 0.01110832161500826 -2.5767857058078034 -0.004510752158849285 -0.011157882245773776 0.9999195920914477 245.80974059220762
0.9999010315572804 2.2045470897551905e-05 0.00010020852478901244 -0.4673819878878855 -0.013338957514860559 0.9999410815005902 0.012423221329902095 -2.5869908154773853 -0.004673616575469851 -0.012472311885087696 0.9999030376151369 247.31584233622226
0.9998934967431051 2.331804921847959e-05 0.00010639839152792809 -0.47031455805935307 -0.014308725569583647 0.9999256574267406 0.01318949371158581 -2.6014220625515203 -0.004825305846204248 -0.013245895302953043 0.9998921058046216 248.8756464477804
0.9998947993690752 2.305116020019822e-05 0.00010510155613144842 -0.47306213986739637 -0.014055479018315501 0.9999293100835763 0.01302951071212214 -2.6065772735977073 -0.004417378766296241 -0.013081793494242383 0.9998968858191616 250.37436447181298
0.9998813092642822 2.2995045168143144e-05 0.00010518299843146088 -0.47591336336561163 -0.015776537354224497 0.9999173669652759 0.013039270868753053 -2.609878039558232 -0.004621239248679148 -0.013103976020830325 0.9998953061671397 251.93875293287667
0.9998655014212998 2.2841265307028957e-05 0.00010499662710930632 -0.4787201496606265 -0.017640123340169393 0.9999015251799717 0.013016785942297784 -2.61416959320463 -0.004177064518255428 -0.013089454638357477 0.9998982523872555 253.47411202506981
0.9998640770811168 2.2250424141891448e-05 0.00010224964885336319 -0.4814887865438949 -0.017818692307473523 0.9999041725584027 0.012676608041560138 -2.6142955056259667 -0.0041845530250476486 -0.012750419769525023 0.9999025833846589 255.00691953797815
0.9998681036418766 2.2895820402223793e-05 0.00010515605210869856 -0.48439063607879146 -0.017586741672976195 0.9999018017419918 0.013034723448667896 -2.629918917807703 -0.005380207724492603 -0.013118435835494501 0.9998899505149547 256.54439294631277
0.9998799246173595 2.3354576035927027e-05 0.00010693310332600338 -0.4870760070224348 -0.01594451524048983 0.9999132020030663 0.013255998781486594 -2.6182885698277976 -0.004603479758097403 -0.0133216708173134 0.9998925466447504 258.0835125494892
0.9998921236177915 2.587601657812015e-05 0.00011863281790876483 -0.49003288930883665 -0.014455875922498097 0.9999035737362937 0.014704295701697373 -2.6413621286874682 -0.004721045859434322 -0.014761071571185084 0.9998715934856345 259.61824068873364
0.9998982718970534 2.508422332133005e-05 0.00011471223074000186 -0.4929322701481879 -0.013652307896004336 0.9999154206578138 0.014219250845739974 -2.654450565284615 -0.004542623003027521 -0.01426971644061111 0.9998798681725684 261.1656517141032
0.9998779071188555 2.3113414636221144e-05 0.00010584991228068945 -0.4960075547006461 -0.016147715204738518 0.9999133445149336 0.013122173553116307 -2.6929568518060454 -0.004392299541184751 -0.013187471565024391 0.999895654930887 262.6971320882951
0.9998925436020659 2.5406388349951542e-05 0.00011637571080225098 -0.4987379821360406 -0.014514774606052553 0.9999072797403025 0.014424137900729371 -2.685747190337039 -0.005216310037088074 -0.014484447712845697 0.9998722795668006 264.2414912669787
0.9999261113861215 3.044736300152756e-05 0.00014020782872506974 -0.5015845715232304 -0.010243261941748518 0.999878814234217 0.017374134938933247 -2.689022737879402 -0.004758282153908127 -0.017403261307998078 0.9998288895123848 265.8034256564298
0.99991633774701 2.825930304208371e-05 0.00012968586056487873 -0.5044800927008419 -0.011732029116602292 0.9998962686083044 0.016070273874547233 -2.701285381657191 -0.005984537116452884 -0.01611359754066287 0.9998416849704402 267.352381734712
0.9999054896538606 2.712167696277551e-05 0.0001243455519479356 -0.5073845604946507 -0.013114224459184632 0.9999006436014021 0.015409080233212982 -2.7273292638051596 -0.006140458278398919 -0.015464029451827522 0.999850706070927 268.8448345483636
0.9999156130070578 2.5940871859239656e-05 0.00011855293197877699 -0.5101065727000442 -0.012014612194523603 0.9999164284516745 0.014690833893147565 -2.7074014391769596 -0.006843345822420682 -0.014739664384573824 0.9998558034374173 270.4412504477211
0.9998973669984619 2.6737523057511134e-05 0.00012264765082612263 -0.5129133522795138 -0.014480950215294244 0.9998960572262771 0.015195748318694727 -2.7216739569443993 -0.007736835757740152 -0.015271724633398749 0.999839697945028 271.93209514287565
0.9998812182467036 2.5900512662357586e-05 0.00011904262273346872 -0.5157717930292801 -0.016777577391952417 0.9998853849349377 0.014746474192784064 -2.7285381093258922 -0.009035025533837057 -0.01485575236417661 0.999832726462122 273.4845896484921
0.9998809438467678 2.503917762624458e-05 0.00011493058130369752 -0.5185896983779777 -0.016905288012338364 0.9998916623997163 0.014236414669317734 -2.7255991393422634 -0.009452585926898856 -0.014350719846093075 0.9998354809562299 275.0583517976461
0.999875450532091 2.470005949893779e-05 0.00011348560841480072 -0.5213776194919613 -0.017697871387114143 0.9998868818125457 0.014056224867004486 -2.7291722014734656 -0.009944764655500002 -0.014184223533986915 0.9998321913656485 276.5864668391814
0.9998694378824308 2.3793564690567995e-05 0.00010937521021372435 -0.5243764432370385 -0.018648166786991455 0.9998843283778561 0.01354479908508101 -2.7429509911529366 -0.010852643057322912 -0.013693561835764038 0.9998279428742145 278.1858741939441
0.999877878701794 2.2728522356088576e-05 0.00010402325920516446 -0.5271340951659167 -0.01804593457831353 0.9998993758982366 0.012876013059482801 -2.7527376707288065 -0.01284177853303981 -0.01303659844891689 0.9998095532730706 279.6695151094669
0.9998866805998874 2.3626110045950333e-05 0.00010803104157161613 -0.5298877121472665 -0.01715112201937433 0.9999014385846491 0.013369297662915966 -2.7466953222666644 -0.013726113450942169 -0.013524515589766091 0.9997897324247271 281.2215117800522
0.9998873295957289 2.5881468602429597e-05 0.00011877881073422926 -0.5330280552878768 -0.017176491057962852 0.9998825359463671 0.014698159308554042 -2.7805078006126207 -0.014198684973419532 -0.014857910316970648 0.9997633719008701 282.8099562061266
0.9998908683632108 2.6119187608817165e-05 0.00011982776301501389 -0.5358016367445626 -0.016808875663806448 0.999883921445506 0.014826847919268093 -2.7896078300430402 -0.014519177784047065 -0.014983388798015198 0.9997563192146043 284.3054816129574
0.9999102015519739 2.3218756030665352e-05 0.00010563114538618044 -0.5386953005782691 -0.014445221804757973 0.999926380302882 0.013068814743983938 -2.7922750645986714 -0.014685732541616089 -0.013187679516453919 0.9997788591272277 285.8962003022051
0.9999008485510268 1.8740999798405253e-05 8.464093267332939e-05 -0.5416003758250726 -0.015606364789744087 0.9999489208354463 0.0104689102645923 -2.8162564282735802 -0.014683893069654487 -0.01060721895844547 0.9998095592618877 287.398187463363
0.9999028106499831 1.8988087057749195e-05 8.576581181076598e-05 -0.5444875276998652 -0.015097058346664444 0.9999511231481271 0.010612529726056164 -2.8259595074093102 -0.013499291788112872 -0.010734243282817982 0.9998270405760022 288.9539228499823
0.9999111680668747 1.9764470105591847e-05 8.929207606389058e-05 -0.547472948485565 -0.014043914070696098 0.9999532477667613 0.011049660658423145 -2.8492187858929174 -0.013431367989965698 -0.011154756815907548 0.9998234809960003 290.5036283922452
0.9998994343497998 1.8427161253135524e-05 8.31958351478299e-05 -0.5503932740439923 -0.0151850473541029 0.9999537828872856 0.010298953065313135 -2.8622405852980686 -0.012021769322402547 -0.010411721475316122 0.9998519715752562 292.062936516159
0.9998944024251811 1.8590391796165576e-05 8.406313439976573e-05 -0.5533381685272207 -0.01575055172608668 0.9999484660179406 0.010407209770669362 -2.869462946716967 -0.011756810442541007 -0.01052583520469282 0.9998544075158642 293.6617147034485
0.9998914706169496 1.9035014908219336e-05 8.621536377818547e-05 -0.5561419151065505 -0.016027152299523423 0.9999434706635764 0.010675025316655772 -2.876708661392383 -0.011366587356976083 -0.010794360276667015 0.9998567654410527 295.18221604429255
0.9998852139893135 2.001848909717434e-05 9.099752231557946e-05 -0.559214203083079 -0.01663062681067754 0.9999319408441332 0.011269662871998503 -2.906286260419581 -0.010592674628435073 -0.011390460952038951 0.9998600569405167 296.7518547989593
0.9998859008717127 2.1537123239927236e-05 9.814414239268042e-05 -0.5620789216304451 -0.016450891546270496 0.9999230707371705 0.012156023770387013 -2.9032586977913093 -0.010171554750326465 -0.012271090998019046 0.9998547828701666 298.3519388371578
0.9998849088330998 2.3296426361675907e-05 0.00010651148238145607 -0.5649209781065477 -0.016101925124201992 0.9999127229549801 0.013197406200741973 -2.911541961867436 -0.008065893053776741 -0.013291601813300467 0.9998647582860285 299.8890305431489
0.9998892864027509 2.3988363339170343e-05 0.0001096878059718069 -0.5678429726557163 -0.01589577211396858 0.9999091364391254 0.013587083257487987 -2.910554632201268 -0.009570994865688891 -0.01369081525535993 0.9998433849617311 301.5117375218225
0.9998818190295865 2.4086675654679326e-05 0.00011036024495634307 -0.5707647851634631 -0.016922173832196387 0.9998994373131143 0.013669144568382148 -2.9196616543632516 -0.010012596400133666 -0.013788517897413042 0.9998369215572469 303.0893273428508
0.999881609356032 2.4353324683814084e-05 0.00011163729995281187 -0.5737128718604836 -0.017098869712305384 0.9998957033128155 0.013825400817242883 -2.926620023477922 -0.010684457106931874 -0.013952849547450543 0.9998264769713374 304.6910507797501
0.9999116614652116 2.2826262145421786e-05 0.00010374973637077857 -0.5766230211700598 -0.01349555153619372 0.9999348764195457 0.012847265215337453 -2.934550600085567 -0.011259175497443328 -0.012932413605203832 0.9998328372450181 306.26742753505687
0.9999338107436057 2.0663019563355034e-05 9.339893493830187e-05 -0.5796844259412655 -0.010951074657355602 0.999961192059961 0.011562619229017732 -2.9517711882632063 -0.012178989740190157 -0.011616977257517798 0.9998365252500627 307.88614557909153
0.9999442413413326 1.949657529191212e-05 8.795168743848934e-05 -0.5827212892219445 -0.009602458648360873 0.9999717699796651 0.010888610026663777 -2.9680108447799247 -0.011941593797311821 -0.010923786330297362 0.9998476211620936 309.4956461982825
0.9999351279445002 1.9804879344716836e-05 8.935983217458207e-05 -0.5857815121679026 -0.010273756298733007 0.9999685213861876 0.01106888994481337 -2.98913355731599 -0.00988796240085869 -0.011109023306333525 0.9998717093629309 311.0963079599651
0.9999234822375698 2.0309142978699665e-05 9.175094220582208e-05 -0.5887010380601251 -0.011150002459758224 0.9999627955083038 0.011371016575869232 -2.9893635029994843 -0.007345827661256895 -0.011413837219931165 0.9998947789711666 312.7122192003875
0.9999119688853569 2.1106975747347406e-05 9.560867681797217e-05 -0.5912102495337258 -0.012363682806210695 0.9999527207523983 0.011850714439213792 -2.941483958563485 -0.006381802606004092 -0.011900634172324473 0.9998974690350697 314.31543081401185
0.9999059866285919 2.695376320565636e-05 0.000123531104331012 -0.594026525424338 -0.013305905928329677 0.9999012378354167 0.015306106794190068 -2.9228604249441825 -0.007270514885846212 -0.015368382853977054 0.9998425600526031 315.9582367161318
0.9999127097191299 2.8206189466018633e-05 0.00012946742220076705 -0.5970759075773966 -0.012406803656407471 0.9998940218043677 0.016041356885932143 -2.9307119875896745 -0.006984402437561093 -0.01609420111379883 0.9998337069051417 317.61207791177947
0.9999194099848623 2.735432718048783e-05 0.00012530273371318384 -0.6000681419980863 -0.011643969182855152 0.99990520647527 0.015525372460294756 -2.9402010170364994 -0.007293342809360503 -0.015572530974933285 0.9998391967633287 319.2269662956279
0.9999242185756946 2.769159039883208e-05 0.00012689633994707552 -0.6029697600700917 -0.01122036717162482 0.9999035797680768 0.015720955362448306 -2.9394512843061986 -0.008067433196005757 -0.015766573666847555 0.9998288143557139 320.83732848351525
0.9999283196779031 2.8199264163388665e-05 0.00012932793057882693 -0.605951918927931 -0.010729962739149588 0.999900235484766 0.016021692830687745 -2.9446559463928113 -0.008151782159702919 -0.016062655374776934 0.9998232693250096 322.4657430444663
0.999929865092821 2.8732656074585347e-05 0.00013189859193301007 -0.6090407896586308 -0.010668341324781824 0.9998952679593671 0.01633845510027938 -2.965145179136799 -0.00873288339361145 -0.016380219642417534 0.99981216552355 324.08509600174574
0.9999217041654977 2.7912398945987085e-05 0.00012797289344109266 -0.6119991185310467 -0.011778734364894879 0.999899589739066 0.015851590921164987 -2.9633681773046874 -0.009164934187073882 -0.015906659011304874 0.999815157666827 325.73144780167974
0.9999210194266114 2.749565978975646e-05 0.0001259712586072798 -0.6150184946528964 -0.011952853898042778 0.9999028413098207 0.015602878997639336 -2.979203529281006 -0.009562197545123597 -0.015661353562543556 0.9998145888486069 327.3330664329446
0.9999233766109012 2.876916298099816e-05 0.0001320953632755503 -0.6180154120783806 -0.01182877736553862 0.9998912255688299 0.016358733309909397 -2.9827503721782627 -0.010314363212647707 -0.01641846572909821 0.9997936184250042 328.977047949693
0.9999280740610335 3.0258813431004866e-05 0.00013928732825777045 -0.6209556012596135 -0.011186263510064633 0.9998784659654297 0.01724928535283861 -2.9818302427949352 -0.010050650116317904 -0.017300389011745878 0.9997819213901388 330.60953207562045
0.999925059360664 2.8541937113744226e-05 0.000130990785731833 -0.6238581851733613 -0.01159187406656399 0.9998943157425093 0.016222403338050386 -2.983337637719777 -0.010189845797291328 -0.016278839201884252 0.9997974012641622 332.21036339154386
0.9999240624572974 2.904923506614511e-05 0.00013344498285349903 -0.6268744064523921 -0.01174859596847117 0.9998887775707501 0.016525668928007626 -2.99113227039975 -0.010336635698620566 -0.01658449654218941 0.9997906102625326 333.8460928047506
0.9999061162073279 2.666220610441153e-05 0.00012212933863844618 -0.6297572430375608 -0.013928319314333354 0.9999005189510588 0.01512585746795069 -2.994726869557765 -0.010117968102834059 -0.015210114125299256 0.9998150753382132 335.4266793455814
0.9998919624435605 2.1349581419439004e-05 9.710509357512215e-05 -0.6329543034971379 -0.015551757682849877 0.9999317567458884 0.012029078550867834 -3.018031854962819 -0.009518928970758555 -0.012128487954505026 0.999864125420522 337.09339459184656
0.9998836887807853 2.20050514123174e-05 0.0001004193744063111 -0.6357501477794311 -0.016360058682166684 0.9999203088536817 0.012441912742157725 -3.011735216342404 -0.008541346229206463 -0.012542562946130455 0.999869617056882 338.66991225661855
0.9998804577109803 2.7699434439256224e-05 0.00012770517435445978 -0.6386902668858392 -0.016699718899169626 0.9998696293492482 0.015820406644140333 -3.02336985929784 -0.008266599570614866 -0.015922321799485727 0.9998243619068676 340.2463688506191
0.9998703427488638 3.295552793907211e-05 0.00015356414080440906 -0.6416296450956787 -0.017760408679192072 0.999804072849289 0.019021153384442935 -3.0251634083862675 -0.00739478226764139 -0.019125685219908952 0.9997766640251213 341.86630202826717
0.9998661429026955 3.110339298496856e-05 0.00014468640879827127 -0.6445401164920658 -0.01799171502593147 0.9998220574638943 0.017925708577590127 -3.026299620382024 -0.006100282742353248 -0.01801970396367899 0.9998082675140503 343.47315702244344
0.9998643621205741 2.8787208711956308e-05 0.0001335245994797845 -0.6475222060037324 -0.017804532069076978 0.999847677237707 0.016547795507337194 -3.0382302674105564 -0.004279269568431995 -0.016622666355069288 0.9998451904992582 345.07153826426054
0.9998639317877172 3.0630596469951796e-05 0.0001424759704278819 -0.6503616732010052 -0.01753689169109575 0.9998312620566735 0.0176569867249708 -3.0324619529363064 -0.002847378509480975 -0.017716804126361792 0.9998341060613107 346.669859750586
0.9998908791933823 3.445403974631535e-05 0.00016027456159773963 -0.6536460149852011 -0.013862863213745299 0.9998180112677079 0.019859517162024398 -3.082626552744378 -0.0013872656731231568 -0.019893454887331616 0.9997989266527251 348.2651325017756
0.999888721042287 3.296090366219917e-05 0.0001530078365442535 -0.6564913907528594 -0.014083003438103424 0.9998341627778682 0.018961122940211458 -3.0709230192312145 -0.001173733131053262 -0.018994474735931466 0.9998170558159547 349.89319481056054
0.9998888652522864 3.1757915951145105e-05 0.00014712943266335 -0.6593622300712277 -0.01393242534326458 0.9998485872763321 0.018234486158201862 -3.0702532923949035 -0.0005820901424505884 -0.018263890722420805 0.9998322456932235 351.486153845268
0.9998895452256357 3.1542082270838434e-05 0.00014606023017481274 -0.6623085310621 -0.013868391968764427 0.9998513679262203 0.018102189559090417 -3.0773194316791024 -0.0006731229532998585 -0.018131953930222974 0.9998344236310804 353.0864076877394
0.9998907904829027 3.1836461262157306e-05 0.00014746347454740356 -0.6652034059289651 -0.013770462929005276 0.9998487755656675 0.01827559877071981 -3.08230400667189 -0.000926070341742155 -0.0183065522066219 0.9998305855196513 354.6674627783721
0.9998934161756322 3.1326297326880054e-05 0.00014491522568858763 -0.66812895559264 -0.013371187750197387 0.9998566925061215 0.01796061068688592 -3.087528056329076 -0.0005996814489419714 -0.017988699329215103 0.9998371885708905 356.26443870547814
0.9998984614742601 2.961240192355004e-05 0.00013648565673885123 -0.6709797908560583 -0.012831058748119146 0.9998776284989004 0.01691759311374635 -3.0779547920396104 -0.0009852102348156444 -0.01694611818643828 0.99985438574217 357.88602461922204
0.9999016327150079 2.9932437778264903e-05 0.00013797542517278221 -0.6738261970437232 -0.01253058264965625 0.9998758862100733 0.017101622034563047 -3.078864966909603 -0.0014015652529365023 -0.01713113519795602 0.9998499867431259 359.4584060603942
0.9999001056791423 2.896353874154954e-05 0.00013331486463075267 -0.676729107167461 -0.012787777235381808 0.9998844099176484 0.01652476585572731 -3.072803561544808 -0.0017028126803286592 -0.016556512684404594 0.9998586470340358 361.09317153874474
0.9999016870344575 2.852506836558376e-05 0.00013116809861819572 -0.6797686607804417 -0.012564741845695834 0.9998897988397789 0.016259231528418298 -3.1033993944539136 -0.0015839841647597838 -0.01628964007742438 0.9998634365281713 362.6401399731703
0.9999074042046479 2.936547791829343e-05 0.00013513536470058526 -0.6825618480607394 -0.011878293766050447 0.9998845526528395 0.016750036736500648 -3.096384450444624 -0.0016891009279640884 -0.016778484280474668 0.9998549980261893 364.21838942004104
0.9999485567444871 3.252045928756227e-05 0.00015037468826778326 -0.6855292334482395 -0.006766756243890484 0.9998576628253266 0.018635209910551082 -3.1073190891940468 -0.0016856403761101645 -0.018645741264171973 0.9998219587495053 365.8130687534675
0.9999446904394336 3.164215624398489e-05 0.00014605621114589687 -0.6883891023804183 -0.007292758591456688 0.9998680239618885 0.01810092443571565 -3.108550629194408 -0.0018900813100604528 -0.018113099896626187 0.9998310076217226 367.3914731926042
0.9999417965480153 3.0640607503105294e-05 0.0001411652666988277 -0.6913072158902036 -0.0078514284197328 0.9998790852258257 0.0174951004928712 -3.108122689471789 -0.0027787617973380942 -0.017509078445096457 0.9998380792746285 369.0095360831032
0.9999418061465305 3.0958300817472695e-05 0.00014270885998865783 -0.6940748626845966 -0.007784238943630879 0.9998757020716985 0.01768633962026454 -3.093554077092245 -0.0024844425006722726 -0.017700115607142308 0.9998360244934402 370.6073263197107
0.9999374553985234 3.136436389163458e-05 0.00014466369204130616 -0.6970233127562288 -0.008488670922995142 0.9998713459294805 0.01792737155505694 -3.0974178446402707 -0.003216298894568071 -0.01794443416339083 0.9998282650001885 372.2230515581894
0.9999360144753251 3.168128791461618e-05 0.00014620268142382774 -0.6998672682241338 -0.008654217414495171 0.999867824517429 0.018117793517882324 -3.092638796303023 -0.0031565286687586583 -0.01813566183374399 0.9998251158337843 373.8194471188725
0.9999348399778974 3.095482996452216e-05 0.00014266511129645636 -0.7027328707749838 -0.008885495533628145 0.9998755062811373 0.01767977314099716 -3.092685645619316 -0.0035374483932945856 -0.017699066465176813 0.9998309704783416 375.406310234367
0.9999288298049763 3.016501268054625e-05 0.00013883084340378924 -0.7056848278237383 -0.009839991244160535 0.9998825576203166 0.017204219286215936 -3.0922657701439937 -0.004465430025366057 -0.017230191870703734 0.9998337641573367 377.04308091074836
0.9999263276014908 3.0637183501333945e-05 0.0001411286145350148 -0.7084848377765073 -0.010185787597187954 0.9998769475007834 0.017488242986680357 -3.087111702517425 -0.00462171976080342 -0.01751671541834646 0.9998277970999857 378.61681031076466
0.999928313129023 3.0470457111854768e-05 0.00014031370727212865 -0.7112993984791683 -0.01014614907017581 0.9998788158435811 0.017386007314223073 -3.071642000950644 -0.005544604863923469 -0.01741604446603453 0.9998231957618543 380.24460158754323
0.9999247145711032 3.054780157643773e-05 0.00014070081258704703 -0.7142076985694302 -0.010491909202522156 0.9998771847041726 0.017434607088469927 -3.072626083023993 -0.005093533209884401 -0.017466154725078977 0.9998255366075208 381.85093246764313
0.9999151930649371 2.956695980277889e-05 0.00013601426253345944 -0.7172622791864535 -0.011734320484340505 0.9998833386892071 0.016854356832229262 -3.0889417220999547 -0.0053607901845069295 -0.016895485814003533 0.9998334547277049 383.46990672577573
0.9999145363132638 2.897333162978251e-05 0.0001331500144314884 -0.7202011095025701 -0.011949158433264587 0.9998884572299084 0.01649896636117422 -3.086056245619142 -0.005955139944260681 -0.01654388711281653 0.9998348925900039 385.1104028414138
0.9999045599350633 2.9060932991528676e-05 0.00013370678268980266 -0.7231303429575938 -0.013162632683687503 0.9998818475040127 0.016568018442078145 -3.092907702621129 -0.005841426359513589 -0.01662188029415335 0.9998344763229386 386.702161466751
0.9999002278037226 3.0331795629199437e-05 0.00013993821939246127 -0.7260058936632945 -0.013813982666731799 0.9998652376584395 0.01733804390245436 -3.0828330353552413 -0.0063468711369563885 -0.017399801522459676 0.9998172586643636 388.33967170168063
0.9998901041255841 3.06484801869001e-05 0.00014169920873300713 -0.7288917824222745 -0.015038328567399235 0.9998536226915036 0.017556116729515077 -3.0877431120440733 -0.006200060380086857 -0.01762699023725892 0.9998144686728293 389.9160821973756
0.9998805539480027 3.0060219094577706e-05 0.00013911104328299712 -0.7320078305744524 -0.01624212456670977 0.9998500642998854 0.017235761362946512 -3.1026666226736968 -0.006279231060007543 -0.017317059288843927 0.9998192432411089 391.57530762651055
0.999884457725949 3.0424578441991604e-05 0.00014076327125617672 -0.7349656758368054 -0.01587130722104847 0.9998495024717008 0.017439204399945195 -3.0992310838356403 -0.006787600290443298 -0.017521359886801164 0.9998114467597891 393.22878792628916
