1.0 -3.469446951953614e-18 0.0 -1.5585406229479126e-19 0.0 0.9999999999999999 -3.5575383784680614e-19 0.0 2.168404344971009e-19 -2.388632911257127e-19 1.0 0.0
1.0000003208838404 1.1502688378444564e-06 5.1495299003671575e-06 -0.002540063151964366 0.0001358538421238082 0.9999986829831328 0.0006396321037680174 -0.018431410914704155 0.0004281311236514274 -0.000642932876564631 1.0000004839958605 1.3245808836681219
1.0000080349113272 2.7906680474150403e-06 1.2813681833289021e-05 -0.005036071892452332 0.0010506987616243444 0.9999896984919829 0.0015911501178997173 -0.03935306716081632 0.0002356328755623938 -0.001591510825904423 0.9999991543469692 2.6136574853238677
1.0000154414281694 2.6932889428676887e-06 1.2705991746300976e-05 -0.0077173021383804144 0.0021578075431300057 0.9999790286068299 0.001577994053249913 -0.07360700953779284 0.0010708565370774843 -0.0015851617940191957 1.000000126706599 3.9458602185356337
1.0000280359231293 1.9424823286331994e-06 9.966199792609248e-06 -0.010224638411779407 0.003536668683828067 0.9999644833987921 0.001237634627570897 -0.0901069984943513 0.0002446895469419338 -0.0012342037200150434 0.9999996681548413 5.260929085558625
1.000026240935639 2.45674940293171e-06 1.2179123076488637e-05 -0.012755938316722282 0.0033969733369634894 0.999965710652476 0.0015124883581761714 -0.10913560848070525 0.0006158377513086561 -0.0015135500065782943 0.9999997988335813 6.577993329829921
1.0000392287836275 4.366207052606402e-06 2.1510438796893327e-05 -0.015439830550555738 0.004946499402244016 0.9999443285211688 0.002670729722918006 -0.14296952312962485 0.0003329078892543981 -0.002666430018151504 0.9999970294664665 7.913543503658521
1.0000402814013005 4.863270514850887e-06 2.38202658592538e-05 -0.017881053530632036 0.005080274832404577 0.9999417695207636 0.0029574134600956533 -0.1508926102926422 0.0003465101400958301 -0.002953133351573715 0.9999962479932247 9.230245672405289
1.0000359130284744 3.90518711512744e-06 1.9233697000574238e-05 -0.020459928420383276 0.0046598326780692215 0.9999487326264098 0.002388284006421831 -0.17212703164412652 0.0008908837870417849 -0.0023914605134638025 0.9999983868437292 10.56382168452184
1.0000144741706904 -5.597889384673094e-08 3.5429994926978493e-07 -0.023029578594994906 0.001982302507708155 0.9999820716128967 4.4258087805110116e-05 -0.19332517798722637 0.0008238832413861859 -4.89495717221407e-05 1.0000011476195487 11.892450493601388
0.9999900465965483 -1.0578071238456777e-06 -5.057908301099199e-06 -0.025620936164589728 -0.001082396396773714 1.000007941659416 -0.0006279654743699455 -0.21706888746760306 0.000685538507222055 0.0006212672797828775 1.0000008007200145 13.221749542030976
0.9999656587053105 -1.182169603547098e-06 -6.229387125907242e-06 -0.02816311354989147 -0.004123407002457117 1.00002441211245 -0.0007734888466534734 -0.22981858239651043 0.0006308552941953404 0.0007635945424657827 1.000000637362201 14.572839298806178
0.9999648412384822 1.9634930288267571e-07 -1.0801993267656879e-07 -0.030817699614844193 -0.004368266023491626 1.000025632035878 -1.3418484147166853e-05 -0.2575123035982323 -8.36540884317804e-06 5.5623348981280556e-06 0.9999999847651496 15.919541222064378
0.9999705263549348 4.468261389353398e-06 1.9162676696069924e-05 -0.03351379685013448 -0.0036936876764761626 1.000020054755977 0.002379132896700241 -0.2920795627543487 -0.00014866342683736932 -0.0023852458639185246 0.9999969105054022 17.258580565783213
1.000010615114353 8.513140103591846e-06 3.8834096786607986e-05 -0.03603541415052545 0.001196126665937207 0.9999779659938035 0.00481999696480217 -0.3008881227610111 -0.0005448307974850986 -0.00481313998538446 0.9999873545991522 18.615859135931803
1.0000300657132373 5.5666686738873455e-06 2.6410880456223702e-05 -0.038728134585897134 0.0037440521681493463 0.9999574188369266 0.003278812751214772 -0.3342839491884941 4.5358450953277224e-05 -0.0032729111133135867 0.9999947724417034 19.958252359370903
1.0000387015305858 8.599812773742166e-07 5.718805733558041e-06 -0.041087976947359585 0.004744780460073454 0.9999502736518647 0.0007100503104704373 -0.3241788159950221 -0.0002746578353421648 -0.0006980455275684096 0.9999992329072377 21.310280938335882
1.0000203925652882 -1.2619516872956066e-06 -4.736828295786319e-06 -0.04402425955439632 0.002442720747929023 0.9999771824352939 -0.0005884920259227139 -0.38290727246220846 -0.0004006716526577046 0.000597157248012219 0.9999990093478279 22.67459520080389
1.0000054690125737 1.049999717251185e-06 4.904043480500253e-06 -0.04631313535651426 0.0004157521626241157 0.999996371968668 0.0006083679362582136 -0.3604371631740764 -0.0011748621514255499 -0.0005977063918586776 0.999997018722559 24.042462304128268
0.9999984583573367 9.035278745470401e-06 4.0717602582408894e-05 -0.049114577149318855 -0.0006735875279432289 0.9999923585898479 0.005052528089556618 -0.39487205088839195 -0.002150085697996805 -0.00503813423068944 0.9999811882632639 25.440435507583484
1.0000147432479172 1.0971235210110314e-05 5.027642995332829e-05 -0.05164655775161282 0.001308137628078099 0.9999690623069423 0.006238000596861064 -0.40484221172562784 -0.0023316179055881308 -0.006214226491224413 0.9999738537280864 26.79827341581705
1.0000415878142241 9.191407308211871e-06 4.358656022661984e-05 -0.05456200428540395 0.004673887766847117 0.9999367350430796 0.0054084014863551005 -0.4567587680226812 -0.0021893337972488467 -0.005372660124220425 0.9999792957247529 28.181425980618364
1.0000437146532095 4.9503213671101e-06 2.442615240614253e-05 -0.05695590638382073 0.004860424827176316 0.9999444120406445 0.003030760745409782 -0.4519172833439975 -0.002535379808397081 -0.002989560724498825 0.9999877829893427 29.528844506305468
1.000050672041534 1.1460840623252894e-06 7.750175568068274e-06 -0.059802083634824796 0.005629154220162703 0.9999383518151261 0.0009602285022655475 -0.4937833506823741 -0.0029604350368315057 -0.000909665478364347 0.9999898723372355 30.91845402010174
1.0000321826560352 -4.678266533365838e-07 -5.855602132468808e-07 -0.06242559932075066 0.0032149992409181566 0.9999689417981311 -7.549747399525899e-05 -0.5085224517373049 -0.0034864209911307396 0.0001205931271770688 0.999987618672576 32.30571993463894
1.0000227208899801 -4.743819173654018e-06 -2.0038029487308212e-05 -0.06511532128393059 0.001911037073896846 0.9999797148820525 -0.0024927596692120683 -0.5314321776532138 -0.004061253828825832 0.0025368321984092154 0.9999811657686835 33.69321586035304
1.0000208672101607 -4.692538733306814e-06 -1.9903252957737807e-05 -0.06771309501616313 0.0015885852168427833 0.9999829156094134 -0.0024765737656219783 -0.5407698123410783 -0.00447261279852193 0.0025227051027587872 0.9999787037184125 35.090313117278114
1.0000147140470093 -1.7886343068075627e-06 -7.345795503356295e-06 -0.07061213357212345 0.0009913305308557555 0.9999911205163775 -0.000915451655620906 -0.5869937060209429 -0.0037282646964077303 0.0009510103764101042 0.9999858525777372 36.48976511667782
1.0000044915848336 6.098210746409427e-07 2.8969439435145607e-06 -0.0733250355734309 -0.00026825590241025266 1.0000020552146334 0.00035674933015835444 -0.6117217581007022 -0.0036839010073198624 -0.00032857513249577266 0.999986513933808 37.88199003828534
0.9999895613658488 1.0943294457676361e-06 4.522708822805432e-06 -0.07597438709409293 -0.0020177209991201353 1.000014046595001 0.0005591843019153292 -0.62821257054049 -0.0032168568837629514 -0.000543436760975796 0.9999888781254884 39.27575289520691
0.999965788505601 1.1599123354837787e-06 4.211843265252389e-06 -0.07880461461201338 -0.005116921814529965 1.0000279666659255 0.00051979514847591 -0.6662765355566858 -0.0038716685645084807 -0.0005176815360385226 0.9999853882936296 40.67348457448103
0.9999424762402312 2.547304927278185e-06 1.0137001684985391e-05 -0.08164712250281828 -0.008025072114410147 1.000031608927756 0.0012554221665511125 -0.7018565008811253 -0.003929573328015701 -0.0012698257483896706 0.9999843965687173 42.08909509663222
0.999936972088499 2.6941312098720943e-06 1.0771841374622665e-05 -0.0842329074681623 -0.008640237528012679 1.0000313322994085 0.0013346211778394925 -0.710553697563505 -0.003624544613442699 -0.0013523769764754972 0.9999859923955039 43.48240862018502
0.9999434260958183 2.221078206366897e-06 8.679961507464511e-06 -0.08706351873775565 -0.007767019513749997 1.0000317813451918 0.001075278424264332 -0.7424462415073596 -0.003304836682364522 -0.001088380947060851 0.9999879956766795 44.90787463833038
0.9999445265121267 1.7379598622781212e-06 6.5232132720931604e-06 -0.08979474993274644 -0.007470033882834253 1.000031908097491 0.0008082489207745373 -0.7691455778504457 -0.002589861824264461 -0.0008202476621816809 0.9999916458555572 46.301459861261684
0.9999465389687979 1.7521144907856057e-06 6.601823253282995e-06 -0.09267150597888836 -0.006988149942690383 1.000031502908911 0.000818909354079811 -0.8050968757473358 -0.0015554426393207495 -0.0008298939576073614 0.9999956496769558 47.73438224437257
0.9999404857125054 3.6385897469719958e-06 1.5029057916222987e-05 -0.09540274753133991 -0.00749865250329913 1.000030494826357 0.0018658590494556098 -0.828208351758978 -0.00047955044709917954 -0.001879186276484764 0.9999972808392383 49.143973471043445
0.9999365106965021 4.0444256334693646e-06 1.6841253936110715e-05 -0.09817000716625549 -0.007861106274295626 1.0000301806794216 0.0020910780117115945 -0.8536332182269677 0.00010557077613161572 -0.002105353500088545 0.9999979993743632 50.56319608921725
0.9999306456757718 4.655800727304885e-06 1.9591511017873642e-05 -0.10096771740891708 -0.008395695671274453 1.0000293618935785 0.002432706375747735 -0.8793683811212973 0.0009697948384180727 -0.0024476060721223686 0.9999983208709132 51.99789954635248
0.9999197699830994 6.020794432685245e-06 2.5801233612459014e-05 -0.10380259002575853 -0.009326526823367196 1.0000264252979376 0.0032033679026071296 -0.9111344062726701 0.002842043572920031 -0.003216683778416999 0.9999959658280633 53.426289867076285
0.9999451017035449 7.877276326603844e-06 3.42351006633703e-05 -0.10644293029047623 -0.006105885671042133 1.0000214300903711 0.004249807663090728 -0.9158857318816094 0.0031750734390355254 -0.004267145523457845 0.9999916496556311 54.86741488162017
0.9999612830448936 9.298426129414339e-06 4.090921124052984e-05 -0.10911633375256231 -0.00402972986411966 1.000011361701782 0.0050776978581293436 -0.9357037286534611 0.003472009322145928 -0.005099129099307099 0.9999873146275325 56.25966078641488
0.9999748093501297 8.263073040720714e-06 3.646242360168619e-05 -0.11185138367511606 -0.002299432874318462 1.0000055628254236 0.004525949243972945 -0.956829035234273 0.0036970210218624337 -0.004551574359898955 0.99998954853809 57.68021865879501
0.9999804898062357 8.504194027168788e-06 3.77083436828283e-05 -0.11474102894938118 -0.001497803431256375 0.9999999172686225 0.004680314056941633 -0.9867466698646679 0.004125895664768903 -0.00471029237207698 0.999987912603418 59.147187017148376
0.9999895760361773 8.830179206137379e-06 3.94686404857987e-05 -0.11736612144710624 -0.0004161299326172563 0.9999911930061569 0.0048987936350533695 -0.9996688830098883 0.003917404712038614 -0.0049297408387176675 0.9999873200931556 60.54342874090041
1.0000012827218983 1.0632969128598554e-05 4.814027009713141e-05 -0.12026016704028973 0.000865539661154097 0.9999747190162909 0.005974716400714508 -1.0302703470224366 0.0031495066413682396 -0.006001656354172685 0.9999828037457361 62.009784575438964
1.0000193703125926 1.0742847189540092e-05 4.945199853776403e-05 -0.12299455424774043 0.0029427309307474593 0.999953048257765 0.006137570137096126 -1.058665058336702 0.002395311921805659 -0.006159152691868614 0.999982577651332 63.39755708848699
1.0000272837965474 8.787495337819057e-06 4.090831974242837e-05 -0.12570390840151136 0.0038410263777731487 0.9999487259200895 0.005077897603822147 -1.0798349277039596 0.002018544312730737 -0.005095485390854876 0.9999886991480006 64.80368500502948
1.000038115148356 7.555552995164652e-06 3.5907106222936866e-05 -0.12839129482635653 0.00516557503000877 0.9999350617417434 0.0044574616423720785 -1.0838876724602111 0.0019266587237958 -0.004474128331677362 0.9999916785843267 66.27398120805468
1.0000268220209092 6.732200909185734e-06 3.152115780471836e-05 -0.13101546631705777 0.003582087597446418 0.9999570255282707 0.003913236214885331 -1.1066436051475155 0.0011195397604128244 -0.003920178069862877 0.9999937676620151 67.62585881339348
0.9999919799900204 9.609269928361613e-06 4.310864546633775e-05 -0.13388057189453167 -0.0008739578304389761 0.9999922616415414 0.005350679306534622 -1.132569186820026 0.0005443004758406071 -0.005356463195066258 0.9999865664746476 69.09703900718955
0.9999584120164012 1.2136671616726907e-05 5.387942060325508e-05 -0.13658313530727342 -0.005115239680156946 1.0000056521309517 0.006686399452147243 -1.1661589669484564 0.00022119361847302622 -0.006696511988822233 0.9999780502996538 70.44401867204905
0.9999326112003641 1.3567371064702322e-05 6.027776312846284e-05 -0.1393717286244894 -0.008540369419165231 1.0000042162349354 0.0074792866769025435 -1.1883926032662755 -0.0007639630123572993 -0.007495287403820974 0.9999703476332713 71.8892881105432
0.9999185887503815 1.2036720595498193e-05 5.326949854921417e-05 -0.14182475153917698 -0.010413091196707792 1.0000076845617094 0.006609914371860788 -1.1831529399682785 -0.0013493436533382611 -0.006632091837545231 0.9999747571348041 73.27122553547551
0.9998988622401751 1.1654998620940979e-05 5.177447960744131e-05 -0.14453458229707994 -0.013113378053602291 0.9999988785795316 0.006423569127469721 -1.2084870814089232 -0.0024661875884887134 -0.006459951486236355 0.9999717342739373 74.65904660385189
0.9998768116380399 1.1552278831265111e-05 5.185632902792283e-05 -0.1474682769331652 -0.01599065704743482 0.9999801124700226 0.006433059363890682 -1.2416280410115903 -0.003085173726678162 -0.006486750167485302 0.9999687254196572 76.13603645548619
0.9998761403545797 1.19585374292637e-05 5.3746598809151485e-05 -0.15001779524707948 -0.016060526902614745 0.9999780158700506 0.0066675325575885685 -1.2475259326771062 -0.003024981801602598 -0.006721100454463524 0.9999674737164307 77.52174788489815
0.9998887919619269 1.3250327884507113e-05 5.9345322940277745e-05 -0.15280672618150296 -0.014650726980137082 0.9999834399710507 0.00736091088300483 -1.2851600182047012 -0.0037448063931075307 -0.007412350609136404 0.9999588623956004 78.89852512771604
0.9998923215692566 1.0450705409574892e-05 4.638145557883601e-05 -0.15542242178084795 -0.014102293684605038 0.9999974710682497 0.005753887787122633 -1.2919757626226922 -0.003253858261942459 -0.005799248189287027 0.9999720996568618 80.3167946617391
0.9998994338154835 1.0020277462578428e-05 4.4264421318145975e-05 -0.15804827284804854 -0.013096502994627727 1.0000045283929204 0.005491900170133726 -1.3109320323173186 -0.0027074909233947937 -0.005529389427800122 0.9999762394118602 81.68654728938373
0.9998999354495423 1.0169171414576086e-05 4.4936914651737356e-05 -0.160675203384842 -0.012989655125429695 1.0000045978293957 0.005575511845923692 -1.3283364538985996 -0.0025088194511141164 -0.005611542508551898 0.9999766598474648 83.06381832047833
0.9998948395879111 9.964709156970453e-06 4.4100777831271006e-05 -0.16345908417506783 -0.013504160413670918 1.000002496423483 0.0054722799942295295 -1.3561099059349535 -0.0019810166750780216 -0.005507675418215427 0.999979373671143 84.48177267126509
0.9998987431431334 9.442169834426167e-06 4.1633163517419995e-05 -0.16595319471030873 -0.012828142332700087 1.0000075835051818 0.005166841394522885 -1.3568389569286519 -0.0011282024982368197 -0.0051955885298779255 0.9999839049276499 85.85984805244456
0.9998932227412217 9.711432009467183e-06 4.297670636643422e-05 -0.16848672621739444 -0.013133382232919929 1.0000051970881836 0.005334301652515944 -1.369262229775093 0.0005679566119843689 -0.005355357808089562 0.9999866019340625 87.20760511393868
0.9999005505034587 1.1294006965808373e-05 5.008454110288574e-05 -0.17112448742878442 -0.01198197461089392 1.0000052802963009 0.0062160618860181765 -1.3843952435737181 0.0016443505605353082 -0.006231472719752937 0.9999822916301312 88.60100402800397
0.9999192419721634 1.2367620096294732e-05 5.478814509907366e-05 -0.17376899184950206 -0.009493798697116241 1.0000081602969604 0.006799321436119027 -1.4070668782214288 0.002388516259819589 -0.006813234115833741 0.999978348550669 89.96451866102346
0.9999353113122416 1.356964973397469e-05 6.029147109579743e-05 -0.17656660457338744 -0.007276327051633836 1.0000040189601915 0.00748144856140483 -1.4391217904515838 0.003377688435177112 -0.007497429169406542 0.999972396723159 91.37098482685344
0.9999560129400873 1.3456900770092428e-05 5.993361236552794e-05 -0.17915834330305128 -0.0045714256780429235 0.9999985969138514 0.007436819269213022 -1.458405262345878 0.003975056433891619 -0.007459164729867996 0.9999715646752982 92.72038565865462
0.9999625400026071 1.2162257668557955e-05 5.406454758929242e-05 -0.1817184470268743 -0.003781706113447216 1.0000006943511979 0.006709133966765178 -1.4726956457562648 0.0038819377211423284 -0.006732791950315336 0.99997690628951 94.07453286772052
0.9999616548454433 1.14047186856054e-05 5.056511554543002e-05 -0.1844405631988944 -0.003785718011240326 1.0000035368779738 0.006274922415606606 -1.4998268656719003 0.004354277777885484 -0.006300563659090593 0.9999786243897311 95.46114385917274
0.9999602998169803 9.087763224948156e-06 3.993104696214554e-05 -0.18683945175140385 -0.004001241822138895 1.0000118588011533 0.004956051401611504 -1.4932476133354486 0.004143599760178628 -0.004980239689184722 0.9999865673020146 96.81907373330031
0.9999480572913251 8.04188481656927e-06 3.500876130131127e-05 -0.18950064134471595 -0.005556188223620892 1.0000197968764648 0.00434546959762595 -1.520419271074366 0.003989571455829431 -0.0043655949374370165 0.9999897788749407 98.17176109585054
0.9999299402872156 8.089639657744493e-06 3.515359766415103e-05 -0.19200883978641506 -0.0079007456679703 1.0000228197900638 0.004363630906094286 -1.5353810889678732 0.0035677216870410875 -0.004378562402167932 0.9999905547637288 99.49416702359767
0.9999340831798973 1.0988567988277909e-05 4.8403696834860245e-05 -0.19472580681341106 -0.007392332528881142 1.00001406656209 0.006007267669532118 -1.5650335936844326 0.00354053853361476 -0.006023126958790135 0.9999820729380556 100.86668242331062
0.999940869771081 1.372510577314981e-05 6.102975146161146e-05 -0.19728916033862598 -0.006566488602293189 1.0000025265597003 0.0075729479359221445 -1.5867452057603206 0.003464782316751061 -0.007590181666993732 0.9999715576151125 102.1895340955878
0.9999431940021666 1.213720225646392e-05 5.371770536258193e-05 -0.19996662237413815 -0.006283686650200026 1.0000085349981562 0.006666317067447506 -1.6160664753023777 0.003438712344423094 -0.006683949565451506 0.999978055381554 103.5416473959313
0.9999339146871946 7.474885761476688e-06 3.23571792625087e-05 -0.20245433980447908 -0.007454956282981641 1.0000241117908113 0.004016746341488969 -1.6289556977105792 0.0033545815548873268 -0.004032328201039454 0.9999923587130687 104.86195307278355
0.9999436547694294 5.017691543799177e-06 2.126304014882078e-05 -0.2050316288662882 -0.006184672843739269 1.0000271498638296 0.0026398820808484374 -1.6494079239182857 0.0036250808449262524 -0.0026578986781746142 0.9999964807716908 106.19813904107399
0.9999524135207842 6.515697339067039e-06 2.8120280401509922e-05 -0.2075698445564064 -0.005169607768455836 1.0000221179437376 0.0034910213595251705 -1.6645729238092963 0.0033009150596799933 -0.0035099874028733063 0.999994402664489 107.53626348095395
0.9999853698356791 1.0342283977071015e-05 4.6251555651335464e-05 -0.21019250452796076 -0.0012230130592442772 0.9999925381317655 0.005740594867260997 -1.6847489321220819 0.002648606071419633 -0.005761199276431999 0.9999847622980719 108.89880927315807
1.0000039596692956 1.328735744705184e-05 6.047098417979449e-05 -0.21301115986837452 0.0009370943888872361 0.9999637488963026 0.007503976846309408 -1.733720574806297 0.0019860208771395878 -0.007520672359415635 0.9999734421973686 110.2414884616922
1.0000018697033821 1.0543176670749221e-05 4.775163864304726e-05 -0.2154330349706017 0.0005326701947420253 0.9999779184737347 0.005926715706353122 -1.742879401474851 0.001339965199037594 -0.005937657952633082 0.9999839797607719 111.54196424071664
0.9999965088166606 6.597173367749523e-06 2.954598567674201e-05 -0.21800875107734072 -0.00031343372113072643 0.999995693719203 0.0036680199291918496 -1.7609540314156842 0.0005357652850588818 -0.003672952042876092 0.9999941318573008 112.8878820767703
0.9999720479764604 3.022819848536376e-06 1.2689739428277478e-05 -0.22072178071470458 -0.0035478238904287224 1.0000210091863688 0.0015755213053873969 -1.7934585352669992 -0.00034090338591852526 -0.001580452879872334 0.9999981004552579 114.24549815833728
0.9999523311932648 1.330272559267598e-06 4.7706989203203515e-06 -0.22307258067975755 -0.006320688613679877 1.0000307340908485 0.000591356578828589 -1.8020314054676918 -0.0017867996107448273 -0.0005996915642361156 0.999995006539144 115.50922311885216
0.9999363424740132 4.172532128473433e-06 1.7417893529093854e-05 -0.22566532323562433 -0.008627124851032522 1.0000298853593867 0.00216015213147452 -1.809893067631382 -0.003217365113612267 -0.0021776204043730835 0.9999866759428996 116.91011611586565
0.9999376317673152 8.379618228969085e-06 3.6482461293680345e-05 -0.22813123749197567 -0.008728108805586533 1.0000218847844173 0.004524555073404198 -1.8272855544430577 -0.004381765038278098 -0.004543332501725445 0.9999722335725507 118.19826385984607
0.999944081225655 1.0241655500195165e-05 4.502060780677496e-05 -0.23090079973990238 -0.00812563766981566 1.0000167494639125 0.005582402039784364 -1.8658906128823036 -0.005266948840192272 -0.0055974958528264025 0.9999610348299561 119.55998393007565
0.9999431217201052 8.595497180907685e-06 3.74926481360898e-05 -0.2333474830375022 -0.008447855522942636 1.0000214716129603 0.004647041802939989 -1.8760192013845212 -0.006172489591604804 -0.004664736462105773 0.9999589929149061 120.86987465700095
0.9999281441367618 7.657035041514285e-06 3.3188137947871626e-05 -0.23590899542022595 -0.010619450464603367 1.0000206112783987 0.0041102681452905585 -1.8947151326822462 -0.007561725487182769 -0.004148819648936888 0.9999492102123624 122.20515523956779
0.9999198168517381 7.978117791964182e-06 3.4686134512368176e-05 -0.2385735125145962 -0.011905439464921574 1.0000157088417794 0.004293615365022085 -1.9178770997252392 -0.008684721684005112 -0.004348509327331391 0.9999372140988008 123.57756693382781
0.9999102186637256 6.65395170623348e-06 2.8761258862449466e-05 -0.24125938793293553 -0.013335019290960173 1.0000120837749997 0.003555822225074209 -1.9445914781956701 -0.009744198318835199 -0.00363130550791156 0.9999283892719766 124.94596544229273
0.9999019776121482 4.97361043050315e-06 2.127635766268612e-05 -0.2437345438081323 -0.01458911203558198 1.0000075636890842 0.002624130304231077 -1.960453739467334 -0.010772710479857572 -0.002720830659933341 0.9999188591168987 126.24605564955958
0.9999085011896184 3.5123751493202487e-06 1.4593719843564125e-05 -0.24642545739497926 -0.0139449036843309 1.0000134166454444 0.0017924887122993873 -1.9893217841777873 -0.011512814588991971 -0.0018854452884450885 0.9999111872651673 127.60764007672338
0.9999174314368727 5.219690687837536e-06 2.2195480189310217e-05 -0.24909600890295716 -0.013085350505033315 1.0000159722533395 0.002732604556962174 -2.018597095824027 -0.012625475022566916 -0.002819620138747807 0.9998935636600134 128.95613103436116
0.9999239890245012 8.05476566281653e-06 3.501145023522144e-05 -0.2517553051810806 -0.012443313115802422 1.000013375437545 0.004320399121262519 -2.0416049142714363 -0.013394096688975518 -0.004401365578102593 0.999876486431589 130.32633869037295
0.9999373955024583 8.184270282124428e-06 3.559189050895105e-05 -0.2544936036428763 -0.010843517946297437 1.0000188114228195 0.004391437354824904 -2.0768710645836577 -0.013684700701434026 -0.004448847730755492 0.9998718171260155 131.68563382099484
0.999941065741769 8.624300569784818e-06 3.761212133382105e-05 -0.25718808709386287 -0.010351246818126995 1.0000189262841668 0.004642644603876619 -2.1002375627466603 -0.013522097917959476 -0.004692039836242403 0.9998732148729361 133.07372982521872
0.9999540701008861 9.329326142738445e-06 4.094503461261369e-05 -0.2595610791329136 -0.00870405776488447 1.0000193439766505 0.005056627584888049 -2.109897404466271 -0.013378638572072199 -0.005080645210328513 0.9998735102939906 134.34489812982628
0.9999702849941573 8.668243549881521e-06 3.8205406705085114e-05 -0.262474864608663 -0.006487690651425119 1.0000199854518437 0.004719780867544449 -2.1568912479470668 -0.012475004626285296 -0.004711653594231057 0.9998886260104725 135.7490838599992
0.9999592216458294 8.050300888981163e-06 3.518412150729073e-05 -0.2653557574408273 -0.007610090628102207 1.000022800375192 0.004348376765343807 -2.204582472467123 -0.011353137632416998 -0.0043568617824272906 0.9999056228707145 137.13194247036688
0.999973666605429 1.0756745021480926e-05 4.783492937671086e-05 -0.2679349378827842 -0.005572044878383673 1.0000117266843238 0.005920792177009668 -2.2200462875529094 -0.010264486094404586 -0.00590517001882408 0.9999114340903156 138.49142205527463
0.9999977310121125 1.0523361189096123e-05 4.750090960495951e-05 -0.2703889608921972 -0.002305303837281245 0.9999985161033933 0.005882587596588482 -2.2243867836297424 -0.009023987966318295 -0.005834827135941191 0.9999260505520078 139.83119010188906
1.0000106955592127 9.524206905748081e-06 4.34569170983752e-05 -0.27329404890722675 -0.00035228774514805584 0.9999881991752724 0.005384446654442464 -2.2750844182930177 -0.007494626226221814 -0.0053274690842615565 0.9999442687376592 141.21404160306358
0.9999998943914307 8.775068351299375e-06 3.958419508113772e-05 -0.2759232228735914 -0.001403298925761758 0.9999982057045523 0.0049065272995453026 -2.3069620214834408 -0.006199601690951558 -0.0048679449704203195 0.9999578105884396 142.5280111474293
1.0000071195629394 8.081712601219412e-06 3.6714796972056466e-05 -0.2784257686728321 -0.00027520360509783806 0.999991749598354 0.004552276114145319 -2.3108789604208297 -0.005170351903784369 -0.00451273140671472 0.999967181416061 143.89654170837136
1.0000096703065027 4.701706887082907e-06 2.1492180782463777e-05 -0.2812003441896587 0.0002582748460126776 0.9999942977449525 0.0026646782018129077 -2.35065435843769 -0.004203966378742964 -0.002629401094069733 0.999980154297711 145.25581910825005
1.0000487871260395 1.961452452250989e-06 1.1282671749070694e-05 -0.28385835043616825 0.0053836864183102046 0.9999411565888864 0.0013987673060102403 -2.385205876017195 -0.0030111798079599196 -0.0013487372822187779 0.9999891397777267 146.5738325156451
1.0001151712011564 4.496365602256469e-06 2.8296159905244998e-05 -0.28653291374902523 0.013893154514801028 0.999785374245268 0.0035116826419187455 -2.4085569750213605 -0.0018285710298570964 -0.0034473820693035266 0.99998913453997 147.95096471626718
1.0001649536504242 6.505069090688431e-06 4.329711348778219e-05 -0.289317377073709 0.020444945746212417 0.9996117700898468 0.0053738476009839945 -2.454954249770682 -0.0001817661276667978 -0.005334070719299263 0.9999855065467845 149.28618769756318
1.0001793021226022 7.973062827459909e-07 1.9324829656758476e-05 -0.2920759780377485 0.02242467168883836 0.9995649762216731 0.002399563909908826 -2.49647034413275 0.0007002430569617221 -0.0023815897244906445 0.9999982177273594 150.62885509067124
1.0001705663072804 -4.323697706131238e-06 -4.7805624435247156e-06 -0.2948566464889878 0.02131447842837017 0.9996009581486164 -0.000593546531065657 -2.532113322648613 0.000587476498267375 0.0006150668548597904 1.0000006900121785 152.00993573315213
1.0001526895061306 -9.895724091201277e-06 -3.1611548583333456e-05 -0.29733384415965985 0.01896608403287687 0.9996597007853881 -0.003927627003693686 -2.5472126596888476 1.5482732840925353e-05 0.003963018270174686 0.9999921174061195 153.3145590630117
1.0001546394920011 -9.37605075577129e-06 -2.9099536744796924e-05 -0.30014802407810787 0.01904081455152417 0.9996588502997082 -0.003615770242714348 -2.5842078963401094 -0.0007312234064748271 0.0036714120080082544 0.9999916193857924 154.70816906911796
1.000154546468242 -2.569031665565144e-06 9.885259653604015e-07 -0.30297730335099204 0.018860267408288015 0.999670205129082 0.00012191724312336495 -2.6433691611396477 -0.0014848638227048206 -4.791840532073734e-05 0.9999962162450845 156.01129096726223
1.0002160445361024 1.2477708873828014e-06 2.683851515415778e-05 -0.30550943300396155 0.02638655146311044 0.9994336290612278 0.003330701652919333 -2.6552794723192683 -0.0019807766270137127 -0.003216823094313301 0.9999893347327747 157.36055921412336
1.000255550529145 -9.410861456071035e-07 2.368234672849175e-05 -0.30790045977629066 0.031373490931036856 0.9992505538201347 0.0029392925583874 -2.652030518150662 -0.0016210523409164966 -0.0028209911148698863 0.9999918212929116 158.69928330205383
1.000273289610706 1.1356616353395965e-07 3.177670644434515e-05 -0.3108974387802487 0.033562777111477864 0.9991582937096996 0.003943751374563632 -2.7162301940286393 -0.0016823367397453797 -0.0038165340794140495 0.9999883198790682 160.07281416138534
1.000273762722108 6.229512363609829e-07 3.418189501469093e-05 -0.3134896808589024 0.03334159067329599 0.9991662598333562 0.0042410851571088315 -2.7290770600528496 -0.0029307560807284886 -0.004063124166597348 0.9999822183136216 161.45119817598473
1.000259603807831 9.191688674133752e-07 3.285295860979928e-05 -0.3160208730301471 0.03133273895535328 0.9992481585097023 0.004074895694223861 -2.746309759705096 -0.00404763718847295 -0.0038619481574306315 0.9999770989249893 162.77621171790307
1.0002287517626198 -1.3583353547595017e-06 1.7142951017573658e-05 -0.31860119489639016 0.027302202048774676 0.9994049669781069 0.002123866757242131 -2.7657449408662265 -0.0049350921824867985 -0.0019012894766606324 0.9999771321377067 164.11861293084004
1.0002230227512747 -2.6315049921708106e-06 1.0482791303316518e-05 -0.32115674520686627 0.026428102843970028 0.99943693607032 0.0012958600665967782 -2.778796974158437 -0.005660258244989914 -0.0010535951154835503 0.999973221165728 165.4757607914038
1.0001946705659157 5.673906133350087e-07 2.0483466691525445e-05 -0.32389104667467467 0.02286279480834627 0.9995511795619711 0.0025370433465087493 -2.8164530315234044 -0.0058575094033954615 -0.0023157812845704707 0.9999696209335467 166.8221843188271
1.0001907665412246 9.25893848084669e-07 2.153060379758145e-05 -0.32651453403107406 0.02236427363874413 0.9995661345373864 0.0026669127791146344 -2.843096986674899 -0.005918505990321159 -0.0024476404911636216 0.9999688394976974 168.15634416886198
1.000159233381039 -2.365845217023807e-06 2.4798461371641333e-06 -0.3293272941712233 0.018559653739922424 0.999678212202329 0.00030248236230329736 -2.880722655609409 -0.005421245663959828 -0.00012474224777663995 0.9999755108181254 169.5463564028732
1.0001335222588896 -7.880134620488408e-06 -2.497890927089983e-05 -0.3320669150610824 0.01553048759007311 0.9997495255783428 -0.0031077057698149246 -2.8991743893328334 -0.004690255773315796 0.0032472923124207916 0.9999752125951932 170.98136878898092
1.000098503782642 -8.889362849014495e-06 -3.2918500284719954e-05 -0.3345613072799831 0.01117832230363554 0.9998391728126907 -0.004094554018451198 -2.921956118943413 -0.004704513972934104 0.004206025544904502 0.9999715329565699 172.26125500074266
1.0000698901721974 -7.046898152694714e-06 -2.7218512819399436e-05 -0.33722436882202633 0.007458061174785657 0.9999064417043725 -0.0033871924410610885 -2.947965337443861 -0.0054480008138202375 0.0034855928843745255 0.9999691975280721 173.62016307867057
1.0000360798314738 -2.3923647490264877e-06 -8.924009283445755e-06 -0.3402021061307202 0.0031441029234665664 0.9999691345907404 -0.001114838021684941 -2.9967356358455493 -0.005960980747363234 0.001187330160844762 0.9999707483361923 175.05184539390663
1.000025784650617 2.417134831360704e-06 1.197727320230782e-05 -0.34279021071076693 0.001817738729535407 0.999982593531717 0.0014804715811363007 -3.01775199233076 -0.006174142106353063 -0.0014163198946137011 0.9999688097929038 176.39150560762852
1.0000320096351263 3.6920784622553743e-06 1.8050018166567783e-05 -0.345575127989308 0.0025261943170402177 0.9999739398003887 0.0022338285301013714 -3.0485909408532423 -0.006462360665267261 -0.0021610205768717384 0.9999651470560234 177.7963632461984
1.00006217223827 3.5814643174394284e-06 1.949582033860934e-05 -0.34814844980313653 0.006692698686600461 0.9999207542029324 0.0024163785508616036 -3.0521587658327145 -0.00458671362818729 -0.002336942751104555 0.9999785028888051 179.20564896078136
1.0000638984873902 -2.86132828653321e-06 -9.193941108900667e-06 -0.350733870118627 0.007506719200362678 0.9999107370419639 -0.0011431479244655418 -3.0838020911753476 -0.0019126006197296966 0.0011866315606715526 0.9999939965048367 180.49643096122318
1.0000535875867862 -9.690110200528956e-06 -3.9929759371231006e-05 -0.3536286679385328 0.0064196633434877425 0.9999154565629176 -0.004962259953093825 -3.11467533049057 -0.0010498466733225434 0.0049896994759457535 0.999985032195798 181.96199140809023
1.0000143871623755 -1.1611358858435936e-05 -5.043967764957794e-05 -0.3562695076127061 0.0016463337848573439 0.999965828134263 -0.006268874947200616 -3.1354897183032215 -0.0006262001233548066 0.0062783898231727085 0.9999788726967346 183.33175887285682
0.99999780386941 -9.974234912961746e-06 -4.3998494395945794e-05 -0.3587878110774061 -0.00039384963977224293 0.9999882236396623 -0.005467828404405869 -3.150785797064148 -0.0005401000980953072 0.005471566712058796 0.9999838302630908 184.6582706643658
0.9999695067739891 -3.0017618126085277e-06 -1.4220561068416454e-05 -0.3617811478359191 -0.004076863284462435 1.000022980357649 -0.0017671268082668386 -3.1974398267784 -0.001292776877502804 0.001764964070750804 0.9999952470622876 186.10803012732435
0.9999524823702456 1.6798626257009952e-06 6.336540100881569e-06 -0.36457311109766344 -0.006273988195068368 1.0000305153722786 0.0007858882454673207 -3.237777936594665 -0.001662263593940765 -0.0007942822951697668 0.9999953133554251 187.47442802999893
0.9999761580511021 1.2385759078168551e-06 4.788507795424994e-06 -0.36724231504028054 -0.0034665190025941137 1.0000217192248728 0.0005931682663604734 -3.240290634997445 -0.002254624310585549 -0.0005891090236059385 0.9999932226779416 188.94152205568298
0.9999682599243171 1.994922514680919e-06 7.997216473189673e-06 -0.36991917058306534 -0.004357562348563644 1.0000250860373447 0.0009919363548220245 -3.2644634577212477 -0.001854020887926081 -0.0009929860328974588 0.9999944553203499 190.31625925060018
0.9999996178324753 3.028324621005829e-06 1.3543953555229327e-05 -0.3725141077190487 -0.0005163678544062005 1.0000025881419334 0.0016803901739565544 -3.2808733390545495 -0.0020911139528959925 -0.0016656513139610073 0.9999926751498462 191.68024641364715
1.0000193526304155 3.385202224670883e-06 1.6004203406452073e-05 -0.375376797761865 0.0018410009653812287 0.9999814811797084 0.0019854288115862297 -3.3058362799216403 -0.002508122567274362 -0.0019574304525434142 0.9999904389395547 193.15438175039438
1.000052655034086 4.82406479698598e-06 2.44387181531035e-05 -0.3780574831774641 0.0058850231218066425 0.9999306521765056 0.003031938540137625 -3.3329909841582537 -0.002917624512231997 -0.0029809982680497112 0.9999860760768958 194.51794219396004
1.0000971556011906 6.134992738198591e-06 3.3967541167095276e-05 -0.3806854441623406 0.011381937684054185 0.9998346173960635 0.004214270259836499 -3.3349678516752777 -0.003049809021682488 -0.00413530909733253 0.9999813524946348 195.96458397931593
1.0001151988102819 7.08480911898457e-06 4.0073569741690736e-05 -0.38358905364027585 0.013496843011079814 0.9997877816819017 0.004971195793536363 -3.3811803282585378 -0.0036112356536275557 -0.0048702175356643085 0.9999751704239735 197.36661843216103
1.0000915714549843 1.1946582120451327e-06 1.1138177946788544e-05 -0.38647362380055605 0.010547237336442786 0.9998584643560396 0.0013800669685703106 -3.4150466003927384 -0.003679505074967739 -0.0012928302323740102 0.9999857703363996 198.81316683914267
1.0000469424132152 -7.314799800092059e-06 -2.997643003825991e-05 -0.3893983402475145 0.00485665199055225 0.9999422014337722 -0.003728287507253188 -3.457927005220874 -0.00433985263812137 0.003793438840916746 0.999975496758466 200.24175064163256
0.9999688267532292 -9.594066148466834e-06 -4.315070694586474e-05 -0.39209835363479845 -0.005231265627339653 1.0000141040322041 -0.0053687522994570755 -3.472721662710765 -0.006064280300104557 0.0053764308885115115 0.9999561311194699 201.67113593165183
0.9999327574208492 -2.6066726490480557e-06 -1.2860754921304026e-05 -0.3949268660073844 -0.009969651437621277 1.0000293093648935 -0.001606234439198196 -3.506327375677993 -0.007218909621352164 0.0015743742866685731 0.9999596470044363 203.08779953160757
0.9998973442977879 2.8993135404997705e-06 1.2018782940924691e-05 -0.3978547061484667 -0.01450931278835805 1.0000104434322168 0.0014822642084708257 -3.5406632207261644 -0.007850747830917304 -0.0015591693005057288 0.9999538145552059 204.55621829717745
0.9999118573924639 3.000906968347178e-06 1.2254089386820599e-05 -0.4008144829667228 -0.012686556396209733 1.0000205091086665 0.0015116788561088082 -3.5890699070511043 -0.007759927054948338 -0.0015705468767979191 0.9999546698189711 205.97957500634354
0.999935782749579 2.3405321276284002e-06 9.182727007974595e-06 -0.40355740776881205 -0.00948478729270066 1.000030730820963 0.0011324549843046599 -3.6065334814176766 -0.006732164412651057 -0.0011592236260825558 0.999964528485458 207.420823968806
0.9999524346196517 1.3174156033787798e-06 4.714378155586986e-06 -0.4063939918874316 -0.006953390775074924 1.0000316352608603 0.0005811152693800443 -3.6355635711174417 -0.004665652111366274 -0.0005885521083702437 0.9999805272680521 208.86236323965477
0.999939494604581 -1.558809740506012e-07 -1.9621827117271423e-06 -0.40932730952538626 -0.008357460419244475 1.0000323419506552 -0.0002467995480946504 -3.6655586993706315 -0.003760542619929649 0.0002305631668259785 0.999986109548344 210.35317331039164
0.9999349701958676 -4.0345235797351053e-07 -3.077989236691895e-06 -0.4122264685573922 -0.008991802143068104 1.000031904769463 -0.0003857967694059981 -3.695396825671731 -0.0040836480877355025 0.0003657273208801872 0.999984216643677 211.8257652961835
0.9999272724759606 6.335921523860366e-07 1.5482282172828328e-06 -0.4149962346485401 -0.00983698189446892 1.000030801043922 0.0001893732319698909 -3.7224156612988284 -0.0035895057708847994 -0.00021354673381694474 0.9999870571651917 213.239267682254
0.9999307429819653 5.135302524241631e-07 1.0068099148916737e-06 -0.4179467806599801 -0.009291919408879518 1.0000316370468723 0.00012272305153177726 -3.7611198029507316 -0.003080857554531023 -0.00014332400454156532 0.9999896834956444 214.700781094485
0.9999249194328111 -5.402499482672074e-07 -3.6759651088165077e-06 -0.42091931961840967 -0.009995946435120294 1.0000304267042721 -0.0004587616955766001 -3.80070431049886 -0.0029952186719794504 0.0004348991487447005 0.9999900055884605 216.1705489367657
0.9999351805184334 -1.4816579552330567e-06 -7.870843918851567e-06 -0.42375864840446137 -0.008647042700811318 1.0000317728578614 -0.0009794652417742967 -3.8268740891445394 -0.0026626578027944036 0.0009622874470927427 0.9999911707281793 217.62636402149963
0.9999370450119147 -1.6007354963262083e-06 -8.395071245987425e-06 -0.42660770539062653 -0.008279284325784855 1.0000318598500804 -0.001044017186048157 -3.8500442597703333 -0.0020552408251628294 0.0010286247476124135 0.99999363329216 219.10094385025917
0.9999100683355807 -2.5974678222028674e-06 -1.2689047815927406e-05 -0.4297291472369726 -0.011642691026974142 1.0000247459997187 -0.001577492252633793 -3.8985391302665735 -0.002113907034837819 0.0015489257412098216 0.9999927269539068 220.61344310738366
0.9999373827851781 -2.4050362456180807e-06 -1.1959916019278196e-05 -0.4324932417327069 -0.008193285894897168 1.000031322002739 -0.0014866975573465412 -3.912111832120303 -0.0018587967061266723 0.00147167638807012 0.9999938120898834 222.08376816239752
0.9999252231890359 -3.1090738502673188e-06 -1.5071174065985331e-05 -0.4354867072223166 -0.00957109253567914 1.0000295346183592 -0.0018727846671793642 -3.9465390283509567 -0.0012687894601334188 0.0018536263713780168 0.9999951593875281 223.58812518120627
0.9999292616479177 -3.1764972113872136e-06 -1.5379569393161137e-05 -0.43843363116688405 -0.008978989425252598 1.0000301876091853 -0.001910841403070126 -3.977511856148116 -0.0008649132898481033 0.0018938798631457597 0.999996243446635 225.08211079899175
0.9999213073803903 -2.6947033590889874e-06 -1.321969326438543e-05 -0.44123503616271637 -0.00986454208141819 1.000029447481687 -0.001642247685865319 -4.00690921086152 -0.00040873109457698216 0.0016237447470446868 0.9999978366298787 226.5025287881958
0.9999206307090781 -2.4851309531163934e-06 -1.2287876506421845e-05 -0.44446302608253 -0.009968396418043495 1.000029435467166 -0.0015265283470487375 -4.063118667527919 -0.0004971109163114721 0.0015076225570637887 0.9999978205325847 228.03963450054525
0.999933611394542 -3.806103848296577e-06 -1.816141363703244e-05 -0.44736287382024964 -0.008411987522815755 1.0000298376728358 -0.002256412596889014 -4.081510067069424 -0.0007453795468594659 0.0022410177253884677 0.99999583276374 229.56365524558672
0.9999402880084861 -2.3945656854682668e-06 -1.1902467831545254e-05 -0.4503126870692782 -0.0075622107103124996 1.0000312239869567 -0.0014787334748028907 -4.115198235222624 -0.0006534964115432077 0.0014654403145769308 0.9999975115312145 231.04713184746407
0.9999612248004717 -6.852553781876158e-07 -4.097166804872213e-06 -0.45319634143283977 -0.005064274648094614 1.0000278310616588 -0.0005094470782766505 -4.144316084061293 -0.0011093442196645654 0.0005036328683479015 0.999997247634947 232.514348917856
0.9999551595448651 -9.684705941630928e-07 -5.444790235140844e-06 -0.4561858852174837 -0.005820811132680933 1.0000297081108787 -0.0006768412043683319 -4.170047377266954 -0.001124008674074334 0.0006688582795097687 0.9999971055177336 234.05531383236624
0.999955723763643 -8.949526965184446e-07 -5.110593323142797e-06 -0.4590061722297161 -0.005774652727750532 1.0000296306603529 -0.0006354022880840843 -4.200873211413716 -0.0012306469537653067 0.0006277960725998068 0.9999968146544256 235.4798189647088
0.9999529312107146 -1.6114586757799698e-06 -8.328097933727038e-06 -0.46211665225760434 -0.006188576333882109 1.0000301592728256 -0.0010352755204674872 -4.232955385957529 -0.0015299482626041463 0.0010269798025646446 0.9999955250584681 237.0594405310806
0.9999392012919546 -4.729889817936539e-07 -3.3754084214894595e-06 -0.46503094873108086 -0.007945066665170043 1.0000323277184535 -0.0004202731033411935 -4.264650711084516 -0.0017590022889775122 0.0004061253276102344 0.9999951887332926 238.53213388343895
0.9999286282002348 2.3795249445238836e-06 9.356379840719936e-06 -0.4679247327529943 -0.009432275720360754 1.0000307726415 0.0011600753102494342 -4.29049821808312 -0.0025355435987799947 -0.0011806327261032277 0.999991527820993 240.01954539251201
0.9999538495221343 4.18645071623841e-06 1.7609741160771238e-05 -0.4709001456091256 -0.006521969164267949 1.0000288297807547 0.002183614279760893 -4.308128769712627 -0.003525325913182102 -0.002190036423552986 0.9999850547252759 241.5888098172811
0.9999348220732932 1.5998123645815515e-06 5.862998122156031e-06 -0.47384665957535155 -0.008925209753537573 1.0000317605938076 0.0007250313437525531 -4.350815015887084 -0.0037046400149014693 -0.0007443944930596221 0.9999861828334852 243.0303317184413
0.9999484857832196 -5.594306802768345e-07 -3.6988619877267523e-06 -0.47683320393590295 -0.007399588338428208 1.0000321023889238 -0.000463436491531601 -4.373017034667434 -0.004468490270269749 0.00045299492761667387 0.9999818391711071 244.58537444603377
0.9999388028324672 -7.076898607145249e-07 -4.4213010255661316e-06 -0.4797705118466446 -0.008631145566306122 1.0000321025915122 -0.0005533500296709968 -4.398949539420284 -0.0045979292515771295 0.0005351070087957429 0.9999809769190603 246.0965119717595
0.9999462391616901 1.3404404413022014e-06 4.757379922852491e-06 -0.48281961720328753 -0.00774790274958514 1.0000321890882713 0.0005862905588926153 -4.4365196893710985 -0.0047775597559404775 -0.0005988342530797704 0.9999797908666831 247.61766813574127
0.9999351296782474 2.711367912513682e-06 1.0844944807283062e-05 -0.48599492208975276 -0.00906728801495836 1.0000309790129933 0.001342532492760633 -4.479119355793618 -0.004508608613438367 -0.0013634987729041178 0.9999807860882862 249.1862886476919
0.9999509752737344 2.9538613524407453e-06 1.2032071960455101e-05 -0.4887854025936964 -0.0070378870616401665 1.000030769588619 0.001490299698312407 -4.495171450230065 -0.0042342307290351355 -0.00149873415631266 0.9999822893506103 250.66017021488787
0.9999377502237805 3.338929051060341e-06 1.3670401942387925e-05 -0.49192477480500624 -0.008733796292694863 1.000030724487224 0.0016933594471044194 -4.529897064918425 -0.004472734090851775 -0.0017121993990405996 0.9999804807728051 252.24400472247072
0.999921515385398 2.6743768497903414e-06 1.070613095741405e-05 -0.4946951851129111 -0.010744351060429161 1.000027892367158 0.0013253812541268663 -4.538609806617792 -0.004447489855498751 -0.001356776886907952 0.9999811791827442 253.73950096663566
0.9999271036579765 3.2194614473703836e-06 1.3130341547231772e-05 -0.4977865008191044 -0.01014975589472552 1.0000288692330574 0.001625702417006458 -4.571329077559477 -0.0048908418615400415 -0.0016543076263903953 0.9999778649428254 255.30566748619574
0.9999305538909279 4.6783995573777826e-06 1.96935265628789e-05 -0.5007952112380127 -0.009691332357055537 1.0000280572838398 0.0024406149378091973 -4.608451075078516 -0.004757337031971172 -0.00246594008489015 0.9999770897367869 256.8064500662641
0.999948657352331 4.8589228080035685e-06 2.058620298860006e-05 -0.5035651759767976 -0.007449722343106458 1.0000289425003113 0.002551379317113528 -4.604717053809606 -0.004787086760277876 -0.002561972572543546 0.9999766540157559 258.35720658656544
0.9999604896907952 7.269171297083141e-06 3.165155961556065e-05 -0.5067572950702209 -0.005994533173087622 1.0000225415460333 0.00392451152298128 -4.66118566330795 -0.004850755335132718 -0.00392539885097653 0.9999718294055245 259.87329005978
0.999964518914438 5.449857155935892e-06 2.3475274126227592e-05 -0.5097733270239576 -0.005437785753740474 1.0000247222930243 0.00291023732559771 -4.679520562780595 -0.004599435080076069 -0.0029080731691303492 0.9999769319589528 261.4619096981043
0.9999655296805405 3.2958254280353316e-06 1.378256008369421e-05 -0.5127944700654502 -0.0053026390266529555 1.0000271550201603 0.0017071726920426947 -4.719992723229379 -0.00455653857259023 -0.0017042453297171174 0.9999799645795797 262.95463766195815
0.9999915847813958 5.311010434098928e-06 2.354836824113222e-05 -0.5155565484544189 -0.002188794501540939 1.00001092702941 0.0029185772171892548 -4.723222329254088 -0.005100408001024599 -0.002892695707353387 0.9999736420742991 264.46997175044066
1.0000116024946837 9.781521938371368e-06 4.467534723179463e-05 -0.5185042417373213 0.00026777027466600226 0.999982382171339 0.005539705617599387 -4.752883934057153 -0.005231735125870672 -0.005495920510205863 0.9999618452219646 265.97023092859837
1.0000383507834254 9.921300876722383e-06 4.6730312836788844e-05 -0.5216657419277015 0.00355373867126115 0.9999481959423394 0.005794369037092874 -4.78210308576465 -0.005391920318064657 -0.005725790464444546 0.9999594186080112 267.5908770787642
1.0000285289141964 6.654016082191169e-06 3.125816506714262e-05 -0.5244238740122824 0.0022935530212687717 0.9999713381381952 0.0038746176802306426 -4.797434026678415 -0.005572091412125516 -0.0038130486486474217 0.9999672007876401 269.05005897241597
1.0000215799172172 6.471702635311993e-06 3.0065704604339627e-05 -0.5277017214218093 0.0011965389336671649 0.9999826576062684 0.0037248030202652834 -4.841524322760656 -0.006615687893043234 -0.003661597201431504 0.9999595205612944 270.6688236125087
1.0000221335085777 6.694241538344678e-06 3.1104111815849446e-05 -0.5304842875240035 0.0010256520652441956 0.9999837416143599 0.0038515189113314165 -4.852453936465822 -0.007684366086351375 -0.0037800129208412706 0.9999495106517683 272.16116589855426
0.9999918302356039 5.92481934797405e-06 2.633420819645859e-05 -0.5337513041170576 -0.002987257148704653 1.0000142395125002 0.00325707369197051 -4.910031776686516 -0.008797138855586348 -0.003217872585994643 0.9999402896785458 273.71378357846646
1.0000110909382511 5.292989956688296e-06 2.422705140754178e-05 -0.5364908667864 -0.0007396755188878975 1.000001156511203 0.0029940065885705894 -4.89622425957286 -0.00944117895303705 -0.002926287511815889 0.9999341449092246 275.2926256856787
0.9999804011413844 5.03901895533912e-06 2.197982852446636e-05 -0.5398350279292786 -0.004766007273624473 1.0000232993426834 0.0027125517491096416 -4.971580864138691 -0.010399739704590488 -0.0026868821712571047 0.9999235725408654 276.8086833339413
0.9999948474432032 3.568240330828823e-06 1.579844347990799e-05 -0.5429786637395595 -0.0031655580478462094 1.0000185628599345 0.0019428389877699658 -5.0087680528492315 -0.011263318146736855 -0.0018934355652907417 0.9999144643201239 278.3839016439347
0.9999969452163568 3.424549858502615e-06 1.5226806365636935e-05 -0.5459027896972402 -0.0030743092398306977 1.0000182535069362 0.0018696029311835486 -5.0393458306232235 -0.012018209858490609 -0.001815234277009758 0.9999044568077391 279.86702267833704
1.0000148749868079 3.545970549372404e-06 1.6514749991100933e-05 -0.5487824982195149 -0.0010386770729786136 1.0000057405469818 0.002026779027744756 -5.0492970903410255 -0.012870333330250406 -0.0019382836072976853 0.9998920838271742 281.41752889764194
1.000021420137274 3.7723411215259683e-06 1.785006481280142e-05 -0.5521606013491754 -0.0004578323174075638 1.0000011538125269 0.0021890221224796207 -5.108952905897043 -0.013904958889855677 -0.002084110439815763 0.9998760715695477 283.02240338110124
1.000027628183458 5.752365620604466e-06 2.711921321022241e-05 -0.5554223700022074 0.00032126041143033107 0.9999917360967933 0.0033396173436764857 -5.178561717284864 -0.013868786052032837 -0.003222716875976064 0.9998736342521743 284.5184617653563
1.0000484896388886 4.884763743408932e-07 4.664389599161453e-06 -0.5585894375888316 0.002965304102876364 0.9999715649469636 0.0005529037832360999 -5.21104544043135 -0.013631334520843618 -0.0003973432303157892 0.9998824019699951 286.1276327942784
1.0000360058421058 -3.2669029168645725e-06 -1.280361460913185e-05 -0.5616701686927795 0.0014365905784476992 0.9999861173064667 -0.0016164577433211453 -5.256181660968515 -0.013534751332964525 0.001747415716313486 0.9998824092718612 287.63256309312044
1.0000499869907964 -3.634725393244359e-06 -1.3577336656827275e-05 -0.564648315360521 0.0033173195917340186 0.9999663473517094 -0.0017104250617022757 -5.28751071868466 -0.012890787851967051 0.0018629635740207806 0.9998918713006624 289.14225233167383
1.0000485850929623 -3.3809006507786593e-06 -1.254449683411288e-05 -0.5679830058729856 0.003189565423523338 0.9999680022261616 -0.0015814254643521095 -5.33802223896543 -0.012684094235906685 0.0017297664612568335 0.9998951291261465 290.7638628777031
1.000043013753291 -4.778661978982468e-06 -1.9069061273108145e-05 -0.5711330891013361 0.002900417556305353 0.9999696251272526 -0.0023866149640800896 -5.382948470832409 -0.010887960655491028 0.002511133540355531 0.9999178752569429 292.30813929230027
1.0000369800819842 -5.174959460093123e-06 -2.1173054404901356e-05 -0.5743997183755576 0.002207337510859825 0.9999763236961692 -0.0026473525343334177 -5.42462422747035 -0.010637130009151214 0.0027604897510056406 0.9999203670281069 293.93145870841624
1.000036610400687 -4.6646381513578555e-06 -1.89448699374217e-05 -0.577320756732939 0.002288160381440498 0.9999761855508293 -0.002368924329167812 -5.450255969110589 -0.010071953239295599 0.0024772396942824427 0.9999279860964182 295.43492685029673
1.0000365165826994 -4.2748356143471056e-06 -1.7230105453524408e-05 -0.5805380752417656 0.0025341387040130822 0.999974096955587 -0.0021529342464527237 -5.493072169891481 -0.00892303918603288 0.0022520390534419834 0.9999415089483831 297.0258503449411
1.0000430119964283 -2.553998668938101e-06 -9.229784736062294e-06 -0.5836792555601245 0.0035427017745482993 0.9999645449475519 -0.0011568988861770824 -5.522459134207041 -0.008022684605195715 0.0012563809672299518 0.9999525247766489 298.6344942614331
1.0000436590963262 -1.3394457395905779e-06 -3.7943942138084046e-06 -0.5866250075707152 0.0038025354823266345 0.9999620424983032 -0.0004800395138569653 -5.539515989601143 -0.007222328202519719 0.0005725587840118266 0.9999607061733745 300.18988989192655
1.0000301563657203 2.9326326483371246e-07 2.6990468430922263e-06 -0.5899861717537348 0.0020578315925565433 0.9999812546572103 0.0003257956523405278 -5.59345839652658 -0.0075246447567790435 -0.0002460154915160244 0.999958076658727 301.81086225870575
1.0000257093809921 1.302546587677797e-06 6.9753899586315685e-06 -0.5931193166544003 0.00126473897305889 0.9999886388033835 0.0008544429417058578 -5.633654456163044 -0.008598589023165683 -0.0007720622715752552 0.9999472192803154 303.3668521007192
1.0000246527505652 4.4722880706421497e-07 3.0952284819580136e-06 -0.5963053497104466 0.0009280335345326542 0.9999920227077872 0.00037038720216134514 -5.668675288381333 -0.009514946794430408 -0.0002832663196322008 0.9999375158101586 304.975212495026
1.0000467061741527 -1.3672213079254925e-06 -3.727206451978153e-06 -0.5994591410526133 0.0037674259483318 0.9999624600762357 -0.0004758124894894861 -5.698830110292137 -0.009066480636918521 0.0005898040886796791 0.9999423458704093 306.5874165378653
1.000066484646273 -4.91402835157452e-06 -1.8085563788314794e-05 -0.6026720051739524 0.005996135500253843 0.9999312120717453 -0.00226219734876 -5.738972631527129 -0.010081440886719953 0.0024147990171459305 0.9999280270045736 308.1877964613297
1.0000723883732912 -7.250626929477394e-06 -2.7922837768103474e-05 -0.6060042714022396 0.0067768894931042045 0.9999164441894749 -0.003484172871891026 -5.787833893003415 -0.009869316830223669 0.003643031738167441 0.9999267878425223 309.8154237761307
1.000053281169221 -8.101304772226495e-06 -3.301257441651155e-05 -0.6091413585006885 0.004896886435421834 0.9999401841600245 -0.0041115678463591295 -5.818710397321624 -0.007671052104369328 0.004220036964301976 0.9999477604037667 311.41515803422436
1.0000444870635143 -8.729029649429468e-06 -3.631538263198543e-05 -0.6123030358275959 0.004307690658547938 0.9999458930966899 -0.004517913361324315 -5.848158709102229 -0.00542811744690391 0.004593152530617599 0.9999648514485447 313.03488033647136
1.0000277024360982 -3.4185930537812548e-06 -1.3931114130168653e-05 -0.6155167685138391 0.0022680137890818824 0.9999776842230306 -0.0017356625211782577 -5.88242707777008 -0.005228252270471525 0.0017938192633886905 0.9999752578903783 314.6619374196982
1.0000295283020177 4.4235985654020316e-06 2.1212433888761996e-05 -0.618896325474045 0.002411191592587899 0.9999741860939325 0.0026278721150526296 -5.939357206369894 -0.0056009718275619805 -0.002565063922162437 0.9999709491821274 316.27977244209177
1.0000405948048607 4.96018413681e-06 2.4277653098717534e-05 -0.6221150728469785 0.003848405186167081 0.9999570353209721 0.003008771128314589 -5.979457156817593 -0.005320656655977399 -0.0029387288378959217 0.999971963208542 317.8836005652163
1.0000521339824346 3.903575596602912e-06 2.024485024728316e-05 -0.6254331007813301 0.005278155256568797 0.9999403853347755 0.0025082168042956862 -6.022896706532 -0.00533540947436642 -0.0024277932197794417 0.9999732215535576 319.52752064152884
1.0000601603368575 2.9025313930623048e-06 1.6291061998274228e-05 -0.6286352991048866 0.006235029969621147 0.9999282893327466 0.0020171472869627083 -6.055535501900786 -0.0055134511686921895 -0.0019273223448332698 0.9999730168525813 321.15545676165664
1.0000611995496995 2.2963285007809864e-06 1.3638930537776452e-05 -0.6317128742605527 0.006301381978483985 0.9999279546473344 0.0016874404013999971 -6.073689075627989 -0.005793103434230828 -0.0015930782916815653 0.9999715144284522 322.77896983434147
1.0000617073827673 3.3684361773721194e-06 1.8501456184602224e-05 -0.6351689992828223 0.006257604415632324 0.9999273743294325 0.002290232390999529 -6.137281838447789 -0.006269587881977225 -0.0021894374017777853 0.9999666609441208 324.40949856092914
1.0000540313505542 1.5173856170985073e-06 9.63949043704935e-06 -0.6383481751627659 0.005211793521775641 0.9999437256689457 0.0011892930603211898 -6.164369510561662 -0.006682182979038794 -0.0010913404044619159 0.9999650293796145 326.049439587722
1.0000493169841622 9.602894042656795e-07 6.82915896010384e-06 -0.6415885518615867 0.004539220710687471 0.9999527809727582 0.0008395905580266781 -6.205278605070805 -0.007070576876332955 -0.0007424181756463552 0.9999619721285766 327.6616383724963
1.0000538000170753 2.554583982366035e-06 1.4281221549194891e-05 -0.6448179854736201 0.004925993915855926 0.9999466201784493 0.0017632524365815499 -6.240646223327679 -0.00782860193047295 -0.001652869312639301 0.9999538790369247 329.2924890176083
1.000066298197274 5.187968217277433e-06 2.706400504432589e-05 -0.6481051881826208 0.006468398161947286 0.9999213315515736 0.0033498066416774636 -6.280949770109577 -0.007872096610167162 -0.0032241067101910752 0.9999496502415693 330.9333221775173
1.0000719852574331 3.4949984339949225e-06 1.984857262794619e-05 -0.6512899823976906 0.007162754506746225 0.9999136194788604 0.002454160157085766 -6.316595298664976 -0.007925270014465736 -0.0023208725949375566 0.9999516254188339 332.5382105889959
1.0000765319964133 4.032662391396241e-06 2.263875140773677e-05 -0.6546105809544349 0.007791193533328142 0.9999029423981856 0.002801093875010897 -6.35957974005927 -0.007640855252488595 -0.0026662649596672244 0.9999534963947853 334.1855839483704
1.0000644261373801 5.987510959988562e-07 6.260407966004198e-06 -0.6576137247136227 0.006249111647373568 0.9999298463994906 0.000767431918761859 -6.381342778475327 -0.007813204326434306 -0.0006444635089119378 0.9999551709846504 335.7517776679382
1.0000462626171627 -3.50742592874001e-06 -1.3252042538071211e-05 -0.6610660842988354 0.004101052420533784 0.9999572213571715 -0.001655127781191497 -6.4440283058248 -0.0073329968414833 0.0017517627360765413 0.999958313283374 337.38426683053905
1.0000386994591468 -3.6689531593709496e-06 -1.4426256241444838e-05 -0.6640720381364079 0.0033579334408818055 0.9999657300603886 -0.0017992996236556207 -6.464741279620808 -0.006458233836895417 0.0018791672756734979 0.9999656918222111 338.95669969385784
1.0000275837172619 1.776432709089254e-06 9.197420954643607e-06 -0.667390714710714 0.002245581030325145 0.9999787338228406 0.0011368712422565018 -6.512587835671028 -0.0052625417450213345 -0.0010786889905566842 0.9999760850118623 340.5813257142647
1.0000182643373 6.634001805653003e-06 3.063806729873401e-05 -0.6705957423244552 0.001319153256127293 0.9999812332671 0.003799668864953769 -6.54303714949234 -0.004232596918419055 -0.0037578361437414875 0.9999763943545725 342.2205929129746
1.0000050683943604 5.829471149597365e-06 2.6397512644853053e-05 -0.6739003994027807 -3.073189499280468e-05 0.999994836241222 0.0032749862042684144 -6.594983788831149 -0.0029441066901015507 -0.0032515953744074095 0.999985111304471 343.81916988581827
1.0000039237773188 3.4710392149747e-06 1.570317010074875e-05 -0.6770481307019837 0.00023820750400165014 0.9999961254260129 0.001949183656316317 -6.623091268660515 -0.0011108267288612377 -0.0019396631635192768 0.999995524497707 345.4371479011049
1.0000102115569174 4.1680539105189846e-06 1.910759607241341e-05 -0.6800470979146257 0.0013849111916314789 0.9999850402299673 0.0023725408006388987 -6.645790796135199 0.0005205689235896584 -0.002375129616646548 0.9999980182751774 346.99685217520755
1.0000223423221204 6.290399580340111e-06 2.928167404074762e-05 -0.683413306294753 0.003141777314819365 0.9999631043633599 0.003635392546633783 -6.69965006314053 0.0016369666137757088 -0.003648383957251771 0.9999950133193788 348.6209889639542
1.0000276188409025 5.100393673549558e-06 2.4167326449290195e-05 -0.6864765070467255 0.0038336849997494607 0.9999572347361437 0.003000712269977878 -6.7250755584381725 0.0018002456059130027 -0.003015492534932141 0.9999971270714466 350.2041114352354
1.0000258678691334 3.550137138905868e-06 1.70771979352783e-05 -0.6896273714749768 0.003726868522300879 0.9999607652786942 0.0021206603894575716 -6.753525869174128 0.002293641537148456 -0.002141160981396655 0.9999992495405433 351.82229581425497
1.0000292309179326 2.794026623283846e-06 1.3854497809466168e-05 -0.6927453810922646 0.0040269207780047455 0.9999579599423202 0.0017206328947287353 -6.7812467523162105 0.001769166285391142 -0.0017349107931606998 1.0000001494629611 353.4255369608435
1.0000308367314876 3.3076906246470167e-06 1.6253356317572163e-05 -0.6959882884927676 0.004334129660852639 0.9999536406502791 0.002018399229854039 -6.828313513605458 0.0022498254476080695 -0.0020386582130373187 0.99999948270272 355.0116768721417
1.0000366091688775 2.698841751859818e-06 1.38425781225672e-05 -0.6991514133014987 0.005123093057129307 0.9999441201335723 0.0017190834934627008 -6.863953534763331 0.0025712726455515266 -0.0017439134599241892 0.9999998413639826 356.6045885605436
1.0000396408201844 7.193606734613028e-07 5.145717926615095e-06 -0.7023022347439816 0.005448309666056065 0.9999410711993201 0.0006393364337408101 -6.889760589344411 0.002342558911707711 -0.0006612037247167212 1.0000012766444262 358.23453688383245
1.000041937085936 7.658188957721662e-07 5.492421158857525e-06 -0.7055410832296193 0.005670433490802328 0.9999380184045344 0.0006824128618710122 -6.933291519097376 0.0020613795670095325 -0.0007005480435049781 1.0000013619159496 359.8341970665607
1.0000410642001902 2.493083649766914e-08 2.1281417661696625e-06 -0.7085917262672691 0.0056089935572724275 0.9999390636323703 0.000264628338774056 -6.957099594966158 0.0022708196835265 -0.0002855567796644262 1.0000014849647612 361.41757760553725
1.0000441588037152 -9.578188619255301e-07 -2.064557897497269e-06 -0.7118718342556672 0.006076836729770477 0.9999325721336659 -0.00025611872503419886 -7.013767519947627 0.0026432920650320386 0.00022977555296087833 1.000001249146888 362.9815035820172
1.000058351738284 -1.7639033662517067e-07 2.3585837579328823e-06 -0.7149196384627675 0.007736851875052452 0.9999077191300344 0.0002932533477732744 -7.040740367868372 0.0021856749762306795 -0.00031384058637111065 1.0000015128968047 364.5491983950902
1.000086802567445 2.64086942407607e-06 1.722152155073228e-05 -0.7181249147301535 0.011318786390664087 0.9998424679262606 0.002138559304404108 -7.0726344233067255 0.0024024404423087942 -0.0021651301401953405 0.9999991392481196 366.18216039948993
1.0000835243553772 6.866650664235502e-07 8.16288557220512e-06 -0.7212325489170933 0.01089707146275823 0.9998523389249829 0.001013970389830037 -7.110260022410767 0.00233736849863611 -0.001038802370263991 1.0000009639475214 367.7354846210698
1.0000749721308793 -8.352688923695534e-07 6.595346330646751e-07 -0.7245205539043436 0.009655873845685002 0.9998756165719945 8.226489508928412e-05 -7.151078886419026 0.0015387014617868596 -9.209352435777702e-05 1.0000015913770677 369.37446402453935
1.0000629250373907 7.506132908580848e-07 6.830214127152845e-06 -0.7276022594918342 0.008243816063832175 0.9998992600092754 0.000848531974326666 -7.178969690128789 0.0019136558457173635 -0.0008649719119577468 1.000001262494787 370.95684094498745
1.0000513700177807 1.993385820938179e-06 1.1596156319626082e-05 -0.7308425873197408 0.006684365225957266 0.9999227738058984 0.00144024704962911 -7.220196741830944 0.0013587745873084311 -0.001448402178509346 1.0000005022134828 372.56759471511685
1.0000492758462327 2.0276125048020177e-06 1.16115788466771e-05 -0.7340186862722451 0.00641298472745731 0.9999267338068273 0.001442156632370849 -7.2535044842645915 0.0013083640735811726 -0.0014496982769636798 1.000000476565494 374.17809287295887
1.000047000469799 7.58076875636074e-07 5.774446530428575e-06 -0.7373117462188784 0.0060425231797274475 0.999932817721806 0.000717353563725913 -7.301128734758222 0.0009164536544007202 -0.0007194529796468801 1.0000009863397192 375.78952288324285
1.000043732980486 7.887777669739193e-07 5.705818467573176e-06 -0.7404502612966158 0.005545615996222648 0.9999397048849835 0.0007087332297613931 -7.327921388578847 0.0005101189250643272 -0.0007057425228032651 1.0000005521180653 377.4082601705659
1.0000440574750717 3.3378420182840485e-07 3.691492553348913e-06 -0.7436644943972959 0.005571118307247413 0.9999395074129607 0.00045858493837082196 -7.37253992291384 0.00044413135481696504 -0.00045463163203747183 1.000000606504764 378.98943724796004
1.0000386242505612 -1.597680657130368e-07 1.1577223917101469e-06 -0.746972406170559 0.004806094346240781 0.9999497370952671 0.00014379333756659276 -7.419099493424883 4.1575341639003404e-05 -0.00013566507978101004 1.000000066968684 380.6138407261045
1.0000309029030958 8.783679460860894e-08 1.8225955618316868e-06 -0.750165084858338 0.0038690674898985526 0.9999613308537549 0.00022639879145033262 -7.448672889983898 0.00013920604241992262 -0.00022109438263277176 1.0000002204164495 382.25017485576114
1.0000186392681862 2.4997660182796144e-07 1.9150031665496076e-06 -0.7533634026637942 0.002233821708142526 0.9999794859756699 0.00023765947401726024 -7.48652160456383 -0.0003612308682053296 -0.0002299293426144153 0.9999992594717024 383.8527278763874
1.000015915406481 -4.4422018186975054e-07 -1.3101048346271169e-06 -0.7566114306358429 0.00175921976804461 0.9999842759749356 -0.00016320453002327737 -7.526293225867279 -0.0009691742907487536 0.0001759026628322534 0.9999977624997587 385.4742368334032
1.000004239550039 -3.0129944110328377e-07 -1.1783820062405588e-06 -0.7597887684887484 0.00029819802159005045 0.9999975457587641 -0.00014687573603733813 -7.562656455895042 -0.001018181700866794 0.00015592545826129827 0.9999976289250613 387.0717950172241
0.9999995369781451 6.005268964257016e-07 2.662743955594675e-06 -0.7630081941096648 -0.0004173501803711732 1.0000032142859459 0.00032973920815834474 -7.5997400680890514 -0.0016047590106014681 -0.0003182587433791928 0.9999957689934594 388.68945031023765
0.9999921789281558 1.116898483961501e-06 4.709331418483679e-06 -0.7661146809839352 -0.0013375614454928311 1.0000096966038086 0.0005838594084941927 -7.62722249934901 -0.0016333452146610387 -0.0005753353259193653 0.9999955599741602 390.2873731439529
0.999984372343698 1.2254335884052947e-06 4.950337716643372e-06 -0.7694109419175236 -0.0023452533586174737 1.0000159366043528 0.0006136513954458874 -7.669043532638138 -0.0018036420965935826 -0.0006076182677254148 0.9999949412243024 391.9264557515356
0.9999801444403165 1.9241612902974603e-06 7.959815309190694e-06 -0.7726355422199707 -0.0030548332389556893 1.0000194302950662 0.0009865937269391161 -7.698681437889978 -0.002626491546347874 -0.0009790180688489254 0.9999913436545597 393.58018152020423
