1.0 -3.469446951953614e-18 0.0 -1.7787691892340307e-19 0.0 0.9999999999999999 -3.5405977195229754e-19 0.0 2.168404344971009e-19 -2.354751593366955e-19 1.0 0.0
0.9999999128437054 -0.00034045130147318525 -0.00024167263937489337 -0.004692813077351248 0.0003407066753448335 0.9999993829697975 0.0010573449173370195 -0.024588986425580453 0.00024131253707831914 -0.0010574271854414392 0.9999994118081001 1.310333636771755
0.9999988509275455 -0.001515540120484122 -3.583286184066434e-05 -0.012185261494487575 0.0015156017361424492 0.99999726008462 0.0017840325144917004 -0.039501543173304204 3.312899516318916e-05 -0.0017840848068870502 0.9999984079708458 2.606823280781863
0.9999961955856393 -0.0026408557758179577 -0.0007966791018770808 -0.013129095805473171 0.002641849024011168 0.9999957314874953 0.0012480530764086846 -0.072443258846807 0.0007933798413117961 -0.00125015305746938 0.9999989038330142 3.941861127236826
0.9999941117407227 -0.003429677586965753 -0.00011747413003308543 -0.014540875521202408 0.0034298087423930285 0.9999934762125257 0.0011331104920267066 -0.0915931108156735 0.00011358717075585657 -0.001133506753584544 0.9999993511301634 5.2524433665562045
0.999993093925881 -0.003667805733247889 -0.0005994212177912472 -0.01632068955680923 0.003668905652021489 0.9999915695740014 0.0018438836288729651 -0.10839106556497985 0.0005926532093074542 -0.0018460701488297896 0.9999981203924507 6.581947592165108
0.9999872548302173 -0.00503213181313979 -0.00040967358728451653 -0.01235340405473025 0.00503338797042871 0.9999824514080354 0.003124399842286351 -0.13614898878955936 0.0003939440424280422 -0.0031264221254752767 0.999995035134684 7.9126290203306935
0.9999865513893693 -0.00518426493884842 -0.00014298221884592537 -0.017072996165831432 0.005184774252099542 0.9999792451924813 0.003824564388132997 -0.15018288460132811 0.00012315171008872236 -0.0038252543551087776 0.9999926761050656 9.230474324153695
0.9999904788509635 -0.004235049649247338 -0.001051934368076899 -0.019195775423793842 0.004237566991056353 0.9999881361433988 0.002402205713892237 -0.16969847393427695 0.0010417485178977493 -0.002406640529528392 0.9999965614158468 10.574485504576526
0.9999985937367686 -0.0015697925680606736 -0.0005901501847195554 -0.019504324985803085 0.0015697439755869395 0.9999987645083229 -8.296562157318644e-05 -0.18705171986259977 0.000590279744333644 8.203912254292759e-05 0.9999998224201483 11.888816210016179
0.9999981038861275 0.001729685912252467 -0.0008946543179706368 -0.02629143731600765 -0.0017306501835663802 0.9999979213402562 -0.0010780390739392113 -0.20771607013285953 0.0008927878637427028 0.001079585382741357 0.9999990187127893 13.240002658415227
0.9999912364513267 0.004115390026539539 -0.0007684897233768151 -0.029697319796478883 -0.004116221988956853 0.9999909409896447 -0.0010838187623387519 -0.22208679166272027 0.0007640224881048673 0.001086972556188673 0.9999991173803074 14.584457000227607
0.9999879213672047 0.004914802797363793 -4.270281750707759e-05 -0.0293521273776319 -0.00491482279299622 0.9999878100440567 -0.00047359247444421043 -0.23760347723760827 4.037468604704006e-05 0.0004737966364172755 0.9999998869433108 15.922438190624868
0.9999957903019349 0.00288336650367463 -0.00032491579888745993 -0.026568292937811443 -0.002882662351052047 0.9999935386653028 0.002147764012740762 -0.25336580794752767 0.00033110651984471834 -0.002146818393552263 0.9999976407672949 17.28499708048179
0.9999988920982371 -0.0014009220947136004 0.0005032121667835857 -0.01720250085409254 0.0013986904599269118 0.9999893053440015 0.004408271713472532 -0.2741056727241475 -0.0005093824697179345 -0.004407563076867895 0.9999901569102766 18.625489697298054
0.9999932437739504 -0.0036750633891588155 -7.950171017191763e-05 -0.01765786306663699 0.0036752436014402413 0.9999903749943554 0.0023963508901232245 -0.29713289413194666 7.069421171933114e-05 -0.002396626932467442 0.9999971255869794 19.98111110295291
0.9999902316652538 -0.004412718361694797 0.00025396266564439024 -0.015575531936275273 0.004412709805995936 0.9999902633203944 3.536455478915281e-05 -0.30612912186217367 -0.00025411626785305417 -3.4243542881664804e-05 0.9999999671259611 21.325586653932877
0.9999962855977625 -0.0027175408648172153 0.00020920465366151483 -0.0182803696046609 0.002717781697093663 0.9999956354296466 -0.001158784054434255 -0.34107337459012343 -0.00020605471572248172 0.001159348347921161 0.9999993067259701 22.69862718586534
0.9999992935463051 5.865502090378685e-06 0.001188643839690748 -0.02585550258344426 -5.900305868541955e-06 0.9999999995540432 2.9276366059592065e-05 -0.34467610614475513 -0.0011886437678665822 -2.9283358353766715e-05 0.9999992931331411 24.061779888355417
0.9999974139347522 0.0004942233636923915 0.002219880455635413 -0.0231625199041848 -0.0005050654963825417 0.999987934949928 0.0048861910653136675 -0.3653644297370091 -0.002217438986340116 -0.0048872997092295825 0.9999855985283128 25.444790116280235
0.9999956865056681 -0.0017207611728373325 0.0023803270403294193 -0.017969289579690073 0.0017070285252157626 0.9999819579440269 0.005759326005543957 -0.37968492962305456 -0.0023901947161113395 -0.005755237986737677 0.9999805819130518 26.80838660503386
0.9999829837820159 -0.0053347319192477895 0.002360676121281835 -0.017184246224799464 0.005323347887283293 0.9999742972241292 0.004802796111423292 -0.416174126889696 -0.0023862372724664247 -0.004790147774141552 0.9999856800744146 28.18354656430149
0.9999832906094487 -0.00543048747228176 0.0019819983207577567 -0.021900964483975507 0.005426437179316075 0.9999831889915934 0.0020434056075811775 -0.42499241257511255 -0.0019930618563195517 -0.0020326163084251753 0.9999959480782974 29.562798871561004
0.9999790565502341 -0.005866615727633934 0.0027330004905352675 -0.012870798922226707 0.005866668282851744 0.999982790888574 -1.1074336628160445e-05 -0.4661543990183066 -0.00273288871971152 2.710771923700126e-05 0.9999962652834561 30.940873482034103
0.9999915474727171 -0.0025719732584684775 0.0032077943323778795 -0.019059309325798655 0.0025753964908404904 0.9999961182097965 -0.001063435286648998 -0.4841738895550923 -0.0032050470248221182 0.0010716876659000864 0.9999942895611752 32.32135020306612
0.9999921473312666 -0.0017317675695229587 0.003564584673796143 -0.01475054864174545 0.0017427922196157648 0.9999937010268976 -0.0030920186591021255 -0.5160138039937987 -0.0035592078661225556 0.003098206774226497 0.9999888665128023 33.71137955363548
0.9999919510624543 -0.0013621395467566452 0.0037739094893163997 -0.01389146287848917 0.0013738891482671378 0.9999942123298408 -0.003112512415830115 -0.5360350218532766 -0.003769648291934426 0.003117672362264956 0.9999880348614252 35.112866583767186
0.9999932591037378 -0.0013140392963332855 0.0034285644366200472 -0.005800048761981216 0.001318556615209297 0.9999982652976336 -0.001315601871155419 -0.5791743036083845 -0.0034268300271039953 0.001320113788952165 0.9999932570428455 36.49659359545116
0.9999951705356667 -8.417505537777585e-05 0.0031067384796245826 -0.006940419671593423 8.368058841447777e-05 0.9999999838119106 0.00015929086570393478 -0.5978757931460351 -0.0031067521000602847 -0.00015903012325188426 0.9999951613867382 37.90765580822628
0.9999927754741598 0.0022964761435495615 0.0030290586972816285 -0.006746624824845865 -0.002297205093921845 0.9999973333037238 0.00023714603991736776 -0.6256133423112418 -0.0030285062753664708 -0.00024410269982365598 0.999995384269239 39.29424628145361
0.9999810784518854 0.005173437904354642 0.003328403890393449 -0.007050656328430868 -0.00517405471499738 0.9999865988946702 0.00017663240179142806 -0.6552400270876045 -0.003327445770717118 -0.000193850408549824 0.9999944452458367 40.692934807471154
0.9999701813871332 0.007003044621732597 0.00325479525005545 -0.0056647438528701355 -0.0070045261271103635 0.9999753695047439 0.0004438604461057406 -0.6756113624727259 -0.0032516069831881288 -0.00046664552108465607 0.999994604630427 42.11588405620493
0.9999607687412201 0.00835243266407635 0.00294920883013377 -0.0038960830385918327 -0.008354319676450542 0.9999649049264168 0.0006279142171185962 -0.699354637256838 -0.0029438609650021532 -0.0006525282334752956 0.9999954539325875 43.50758555404924
0.9999697804801064 0.007343352113672839 0.002552115634489752 -0.0015504879638453262 -0.007344616332006524 0.9999729097726427 0.0004861554712221452 -0.7265670246999142 -0.0025484767017211933 -0.0005048851035084769 0.9999966251714306 44.93448150983242
0.9999733027550985 0.007086289694614445 0.0017827683799606752 0.005371446740037367 -0.007086047323307316 0.9999748835070185 -0.0001424895172981832 -0.7549429718252045 -0.001783733476374043 0.00012985293069767826 0.9999984007140322 46.330963344237546
0.9999784151986367 0.0065117583885138134 0.0008752870625331991 0.00794294715323536 -0.006512053152438665 0.9999787406338191 0.0003338524167395694 -0.778915182633586 -0.0008730945621406318 -0.00033954513744503736 0.999999561206784 47.76583805700943
0.9999788201060078 0.006507172845709246 -0.00012659946114964345 0.009434163588377079 -0.0065070382671285395 0.9999782891964314 0.0010390389453354524 -0.7979173793360422 0.00013335793027527388 -0.0010381931766167442 0.9999994521853289 49.16215630405698
0.9999750660736778 0.006961008828192342 -0.0011880953797778334 0.00802419431205921 -0.006959663980639468 0.9999751397122009 0.00113271757978698 -0.8220826221894711 0.0011959508019879278 -0.001124420620536222 0.9999986526901317 50.591906109368246
0.9999717609786947 0.0071212708746723 -0.002400984644076602 0.005448396998717367 -0.007118553318146028 0.999974014456709 0.0011386942816911311 -0.8413893682099285 0.0024090314076428286 -0.001121570618393864 0.9999964693194597 52.04086063727954
0.9999658145419896 0.007498229715271159 -0.003485150829859056 0.001086676728809674 -0.0074901032963707445 0.9999692130221114 0.0023390972453214455 -0.8648324353755198 0.003502582918461318 -0.00231291319667079 0.9999911911373396 53.44168687897254
0.9999743965526744 0.005782234190193463 -0.004215683497840611 -0.00618207243409323 -0.005767841940532706 0.9999775234774682 0.0034182671105386425 -0.8838553800537863 0.004235354325195189 -0.0033938642697956306 0.9999852716254215 54.89723192422169
0.9999798197491996 0.004254285164028019 -0.004718170715663825 -0.009212110852251598 -0.00423744363516332 0.9999846357841915 0.0035738318788926518 -0.902297854347669 0.004733302727221601 -0.0035537668527524124 0.9999824831447531 56.29972228566384
0.9999834420150554 0.002050952174685295 -0.005376734753954382 -0.010796871443366746 -0.0020349358646857283 0.9999934814830579 0.002982621399399005 -0.9252690351797217 0.0053828173766333354 -0.0029716307673324296 0.999981097170824 57.72774948830635
0.9999842867542662 0.0009514330152474776 -0.005524582077756653 -0.014754019913429131 -0.0009332947573813333 0.9999941693386505 0.003284851672806379 -0.9444373877736163 0.005527675651856091 -0.003279644063501061 0.9999793441608859 59.185189489126486
0.9999871771942372 -0.00012254823790205406 -0.005062649435911563 -0.018675715853730165 0.00014298557436369375 0.9999918421964478 0.004036718293773626 -0.9651184530585788 0.005062113874176292 -0.004037390501156454 0.999979037026218 60.58653813091242
0.9999871746925694 -0.0019492652189684982 -0.00467448493419232 -0.026358397176990775 0.0019714297452609556 0.9999868149809484 0.004741658464291137 -0.9805198075377242 0.0046651809493319365 -0.004750813165646659 0.9999778326898453 62.0407138353037
0.9999835440720006 -0.003786591897291589 -0.004309675633641572 -0.02723749428707234 0.00380542444708455 0.9999832108101135 0.00436999273192776 -1.0006557350683603 0.0042930562652313455 -0.004386321051704262 0.9999811647549509 63.43981957341882
0.9999819707990063 -0.0045373576419956 -0.0039332507270886715 -0.027884308443816633 0.004550023418862886 0.9999844734617331 0.0032171595652412586 -1.0239381793332558 0.003918592587878111 -0.003234998008820995 0.9999870896306488 64.86346643551043
0.9999840970143963 -0.004618817239392085 -0.003236084965548637 -0.032346516165006944 0.004628651913082283 0.9999846726383248 0.0030381019031838386 -1.0483032402607408 0.003222003202545294 -0.0030530323584198535 0.9999901487990791 66.30940481530376
0.9999919271397673 -0.003098515211684267 -0.0025582921503966337 -0.03691636559740527 0.003105894156804803 0.999991014110389 0.0028853275364648895 -1.068100289873668 0.002549329148606768 -0.002893250084987494 0.9999925649872895 67.69169250038625
0.9999976966053756 -0.0005777211071388479 -0.002067128360179913 -0.04150506230348176 0.000585818186272442 0.9999921507131434 0.003918587423368722 -1.0880498557707163 0.002064848461751607 -0.00391978943719765 0.9999901857798233 69.1387445702944
0.9999948596725424 0.002904169194527491 -0.0013588312155532255 -0.052328938381860216 -0.0028970922272571285 0.9999823789820547 0.00518156212194637 -1.1073484476674857 0.0013738555247704445 -0.0051775989330577425 0.999985652393967 70.51804213437217
0.9999800949588478 0.006288474489932072 -0.0005145493915920578 -0.0570779241702334 -0.006285413298178375 0.9999637162564519 0.005749761870053467 -1.1269183529062912 0.0005506880034485625 -0.005746413383741932 0.9999833376003057 71.95229798058787
0.9999385053858003 0.011087641876226108 0.0002227526940370918 -0.06705332102163324 -0.011088702715236586 0.9999233076845041 0.0055153826656386355 -1.1457787923786698 -0.00016158303268897422 -0.005517513654822211 0.9999847653514982 73.32931369293736
0.9998961554329174 0.014372651912340401 0.0010512812263798895 -0.07590953724559273 -0.01437784059129454 0.9998835971211534 0.005105873428791814 -1.1666584570600231 -0.000977773992083146 -0.005120458476602961 0.9999864123390846 74.73117559042767
0.9998637459671856 0.016410274085712422 0.0017867185583813016 -0.0795594081999402 -0.01641918278632957 0.9998522377590446 0.005090493858221501 -1.1863534644114984 -0.0017029182901584744 -0.005119136828585459 0.9999854471472365 76.14862472152163
0.9998592036066519 0.016659254353683525 0.0020105136383514618 -0.07657487239119828 -0.016669664691454124 0.9998471274355497 0.005276749159244157 -1.2067284811143302 -0.0019222997387307091 -0.005309520916050962 0.999984056747897 77.53076619616255
0.9998800067156616 0.015352833563907743 0.002064614827614069 -0.07496101562128782 -0.015363375734169293 0.9998685037349964 0.005190564875904179 -1.229944247238721 -0.001984653624260919 -0.0052216616093841905 0.9999843975775566 78.94473996438776
0.9998947900842353 0.014365244550255257 0.00201208285116254 -0.07483964178882548 -0.014373678757198513 0.9998876971591588 0.0042415167683609095 -1.2485786844779045 -0.0019509266251937914 -0.004269991644851842 0.9999889804667413 80.32010218806639
0.9999024433470701 0.013868603025215573 0.0016630111141059457 -0.06881122433137216 -0.013875565648212067 0.9998946957756051 0.004250420189500879 -1.2723323784774871 -0.0016038887346465761 -0.004273080846161122 0.9999895841056027 81.70892828993864
0.9999055646857314 0.013674726121193345 0.001365116690254453 -0.06878920498917175 -0.013680602067612239 0.9998967731957292 0.004391368028431166 -1.2914793017979564 -0.0013049251260830155 -0.00440962904275256 0.9999894261147146 83.10581039742357
0.9999102326297918 0.01336403461354464 0.0009639653304940445 -0.07164601204350904 -0.013367689606082433 0.9999030836627993 0.0038894972232970224 -1.3121577617564129 -0.0009118926057108563 -0.0039020341490921323 0.9999919712582048 84.4778812438758
0.9999090415220389 0.013485448343218924 0.0002265658236186073 -0.0749377748560644 -0.01348626366239989 0.9999006836047422 0.004091900776217575 -1.330054478358084 -0.00017136221737164975 -0.004094584200479208 0.9999916024726598 85.86691675771635
0.9999178648504232 0.012793536242666948 -0.0007674312536772089 -0.08055431860539482 -0.012789597965161232 0.9999060308907199 0.004935139554767729 -1.3544671178125594 0.0008304970989832303 -0.004924919176686259 0.9999875276462961 87.23652356408135
0.9999360280096561 0.011136244551184631 -0.0019808876918039693 -0.08524719394504418 -0.011124221059850599 0.9999202368236775 0.005980946480223945 -1.3746589197038603 0.002047335149708485 -0.0059585281622315175 0.9999801519859973 88.62060447792008
0.9999580418939372 0.008619496758654444 -0.003101403371065648 -0.09462670345275305 -0.008598919992986419 0.9999413260106632 0.006588105034349011 -1.3938966218712212 0.0031580078209937543 -0.006561160028974601 0.9999734887351381 89.99695522190217
0.9999691433410249 0.006877067424718436 -0.0037971421051668985 -0.10487516721691947 -0.0068516400000235836 0.9999542856046874 0.0066694634322421184 -1.413530543120112 0.0038428352005165194 -0.00664324112347902 0.9999705495533046 91.37094917749921
0.9999757036401044 0.005455084195266555 -0.0043398348886791735 -0.11896908172339882 -0.005428311365620117 0.9999663105228758 0.006157212364263374 -1.4304752887914423 0.004373277167964551 -0.006133504919989315 0.9999716268845507 92.73473906002413
0.9999787860487417 0.004612958628232942 -0.00459870062813393 -0.13837241397845373 -0.004585534817068354 0.9999717475282984 0.005956259138236241 -1.4517639129164266 0.004626047075910878 -0.005935045404875276 0.999971687066652 94.09881928461787
0.9999783478752494 0.004615924032579512 -0.0046900968094332135 -0.15748589808151023 -0.004590901000775964 0.9999752454152689 0.005332184561028746 -1.4653008797576306 0.004714594069325421 -0.005310537449806415 0.9999747850846875 95.46444740102709
0.999978835931163 0.004528918963775819 -0.0046708206006077085 -0.1749688993291847 -0.0045073144007141824 0.9999791433233702 0.004625693756070055 -1.4870604312977211 0.004691672974911516 -0.00460454309865169 0.9999783929654023 96.80715487666572
0.9999740376458711 0.005678192607175552 -0.0044364561472478295 -0.19645036419830267 -0.005659923446166856 0.9999754959454986 0.004119804060599485 -1.5104041337579779 0.00445974085688393 -0.004094587187301398 0.9999816723703878 98.16958253801218
0.9999671863230432 0.007000223217151161 -0.004077147271642095 -0.22018489559451987 -0.0069830152866633055 0.9999667150841192 0.004219743468527686 -1.5281154701251394 0.004106551060324277 -0.004191134312812717 0.9999827851719321 99.51426103066989
0.9999650551944042 0.007451123894012929 -0.0037906622151887815 -0.24042308000715434 -0.007430070782397534 0.9999570605170899 0.005538157134188263 -1.5497051804814779 0.003831765268870903 -0.0055097988332130105 0.9999774795965289 100.86688131644031
0.9999596841781608 0.008173002469576487 -0.003719142973365076 -0.25963247501306036 -0.008147479136819116 0.9999435037506395 0.006826998333415098 -1.5662515836490276 0.003774730253958058 -0.006796421600869935 0.9999697795802568 102.20086803212011
0.9999624366993929 0.007945762575420248 -0.0034626614004050257 -0.2764570534184226 -0.007925727855805061 0.9999519905877309 0.005761889712260455 -1.587611031111382 0.0035082780683257 -0.00573422928670813 0.999977405048409 103.5467074463437
0.9999615526446105 0.00811194226114408 -0.003330105378759902 -0.29537024222088143 -0.00810144627555898 0.9999622103429043 0.0031534855562886832 -1.6058235966031031 0.0033555607135636054 -0.00312638571385371 0.9999894829103892 104.88419826220027
0.9999648384626791 0.007636122892118723 -0.003465752870696691 -0.3111576671721703 -0.0076292617877014674 0.9999689191438679 0.001988750018851579 -1.6262063750745517 0.0034808317869364767 -0.0019622390027569203 0.9999920166855699 106.2090814743803
0.9999794579500374 0.005485687908248554 -0.003315251007472309 -0.32881977771341697 -0.005475470467915133 0.9999802560087555 0.0030833141330208614 -1.6492151557642447 0.0033320999339637473 -0.003065098303766711 0.9999897510920173 107.55256768580152
0.9999919912599351 0.0029116299763744724 -0.002745872674012337 -0.3394468837997551 -0.002897580323649152 0.9999827617403362 0.00510688304850225 -1.6656693823770397 0.002760694930963683 -0.005098885867144724 0.9999831898249625 108.89098493241472
0.9999973456660096 0.001358038904778808 -0.0018612860597491663 -0.3549812998867582 -0.0013471691570962696 0.9999821048296109 0.005828821205340219 -1.6893386915045963 0.0018691686802814527 -0.005826298383924564 0.9999812800548904 110.23387425185254
0.9999991781113828 0.0006457179274982393 -0.001107619988708629 -0.3700055781865451 -0.0006406848375675863 0.9999894959676129 0.004538444383726961 -1.7121566804789763 0.001110539006624963 -0.004537731109133617 0.9999890877916257 111.5662048705222
0.9999973233840832 0.0022517146442862044 -0.0005319783814019736 -0.38617725667377845 -0.0022505526004739764 0.9999951016558546 0.002175242718847193 -1.7337861672909136 0.0005368738484610857 -0.002174039696238721 0.9999974926564092 112.88386346295863
0.9999883632156545 0.0047966361965643325 0.0005154667235027746 -0.40420815162433155 -0.004796698998675264 0.9999884885699707 0.00012006473923999059 -1.7616932864842403 -0.0005148849265968558 -0.00012253588645826368 0.9999998599388501 114.23340511493744
0.9999680355612861 0.007732011080133744 0.002035644042112584 -0.4237498380136913 -0.007731655193938707 0.9999700935915695 -0.00018288496939545772 -1.7835175612638936 -0.0020369974046981704 0.00016714022477913427 0.9999979113492831 115.55012585504777
0.999953458233016 0.008938657356267005 0.0036306689762927655 -0.4383907880183198 -0.008944984482947404 0.9999584962469341 0.0017300449691464018 -1.806616725516849 -0.003615054315355604 -0.0017624407660933074 0.9999919125576471 116.90226661492873
0.9999557554972045 0.00819792465239627 0.004613140684190596 -0.4408406475697681 -0.008216688176080662 0.9999579875648494 0.004063146255677626 -1.8230900226415188 -0.0045796378922756675 -0.0041008713056840465 0.9999811047049463 118.21784894052485
0.9999508467363214 0.008228653854661134 0.005531126029349876 -0.44007967083698873 -0.008254767734926553 0.9999548126336146 0.004715030989282058 -1.8451883885162068 -0.005492078195197636 -0.004760457486464306 0.9999735872095844 119.57453322545078
0.9999424650182482 0.008547797022333097 0.00648088011116361 -0.43967664419816 -0.008574643066565494 0.9999547254080445 0.004125851206118681 -1.8605240916917078 -0.006445320295143338 -0.004181185142765285 0.9999704873303022 120.90263604460736
0.9999167564017748 0.010299562880972477 0.007771695732842172 -0.44062560240496357 -0.010328466146815924 0.9999398588135044 0.003688030094705994 -1.878698828508705 -0.007733243887089516 -0.0037679928619503518 0.9999629988968238 122.22635119811792
0.9998845120658546 0.012359489835785404 0.008843388419132335 -0.44565742097402283 -0.012389377579793212 0.9999176944627316 0.0033328145607808626 -1.8978515217731668 -0.00880146941338512 -0.0034419938092650334 0.9999553424071002 123.59135699040934
0.9998633426229434 0.013117496078841759 0.010061180339901622 -0.44747517628101163 -0.013142111304425367 0.9999107961281166 0.0023842669721728907 -1.9245401453636068 -0.01002900807730925 -0.002516166347860033 0.9999465425198802 124.9335171381191
0.9998396871658792 0.014167575768519937 0.010948960472583093 -0.4508428728706716 -0.014185731586047511 0.9998981255714748 0.0015822559358618757 -1.9531346580745421 -0.010925429245390413 -0.0017373213305397661 0.9999388064796868 126.29822085461547
0.999835599027411 0.013649947896088819 0.011935401621209932 -0.45084803098309484 -0.01366608763423354 0.9999058060344627 0.0012716687681603386 -1.9880220350772686 -0.011916920172734775 -0.0014345699781127415 0.9999279619135253 127.66142339664424
0.999831005903161 0.013134059939298549 0.012862973113622776 -0.4534879916233132 -0.013163538443438722 0.9999109153191909 0.002209686266583853 -2.019298475158478 -0.012832806151260708 -0.0023786351302221547 0.9999148269607034 128.99696000365827
0.9998407317422959 0.011595424545779786 0.013566770295370885 -0.4521405416239186 -0.011641819294003965 0.9999266344443843 0.003345713563325073 -2.048501291479678 -0.01352698113358181 -0.0035031226524505944 0.9999023696884031 130.3654197329198
0.9998474448203092 0.010623211055024773 0.013864863992884037 -0.44871891437849465 -0.010675524058415419 0.9999361530195245 0.00370446953268312 -2.079090337253457 -0.013824626567331235 -0.003851919158591246 0.9998970159045281 131.71132978445965
0.9998632288531364 0.008916692930168542 0.013928968368839598 -0.4445501469591816 -0.008973787715574277 0.9999515661513774 0.00404184417587324 -2.1123252571690148 -0.013892255023104906 -0.004166287051082749 0.9998948181176015 133.0852481250527
0.9998853779627451 0.006658831911411353 0.013597458782656729 -0.44338740759353135 -0.006723642625791528 0.999966227205097 0.004726213261093978 -2.136624812810629 -0.013565529641708826 -0.004817096075372519 0.9998963806248744 134.4371013291279
0.9999015423079567 0.005387998259163479 0.012956664691228525 -0.4397387344108874 -0.005445434124529955 0.9999754858124101 0.004401707759495475 -2.1717009109903156 -0.012932631765010518 -0.004471829123292673 0.9999063705043387 135.77096081343456
0.9999201616760909 0.004699546149089433 0.011729643511153503 -0.4418956965126361 -0.00475018390775885 0.9999795030488268 0.0042929294522719924 -2.2058296656961196 -0.01170922925545225 -0.004348304755599457 0.9999219900524897 137.13724430086504
0.9999408589874584 0.002291486415568045 0.010631444872868713 -0.44049835557196293 -0.002348711350292106 0.9999828057896246 0.0053732376616374465 -2.231305407265096 -0.010618950265621343 -0.005397890177664346 0.9999290478185773 138.47881280804413
0.9999522222239129 0.001708674737924614 0.009624640462614837 -0.44236936342239797 -0.0017625029510553317 0.99998283915812 0.005587036271366657 -2.264430111604317 -0.009614929676053478 -0.005603732896345323 0.9999380737322336 139.8401562671374
0.999965487635298 0.0003833832513722296 0.008299190432577376 -0.4456768716052714 -0.0004293128431072978 0.9999845998593843 0.005533148643017933 -2.291491460470298 -0.008296942004054106 -0.005536520732676373 0.999950252605573 141.18394789928163
0.9999749979845364 0.0005178547165943107 0.007052321465569108 -0.45238541395896215 -0.0005530538008896111 0.9999873964646944 0.004990094488691794 -2.322911170845411 -0.007049649029154224 -0.004993870132549263 0.9999626811557416 142.53391172547938
0.9999816531758249 0.0002833534139381781 0.0060508700441811916 -0.4579298675005006 -0.0003103068805000867 0.9999900327433128 0.0044540008065325504 -2.348401041272088 -0.006049548184910032 -0.004455796799485525 0.9999717740198568 143.89342177120355
0.9999866881097161 -0.001188087245408002 0.005021161166476047 -0.4617205510592114 0.0011769709225556563 0.9999968514027336 0.002216285597154869 -2.3842223866209955 -0.005023778920184681 -0.0022103463720803116 0.9999849378911134 145.24308516666042
0.9999727565706923 -0.00620008874992419 0.004005624581037574 -0.47058050224335674 0.006194729124338718 0.9999799023575522 0.0013491494564951605 -2.4168782982834887 -0.004013909261491606 -0.0013242989598729932 0.9999910673401667 146.58197641732983
0.999888555522359 -0.014658265541354746 0.002830512378152812 -0.4671196643593747 0.014646478858308732 0.9998841586212864 0.00414125397879607 -2.4402899347133054 -0.0028908883280943124 -0.004099335486433133 0.9999874190260544 147.93411771543947
0.9997492921932485 -0.022356084850559944 0.0012482928446117731 -0.46106889998246037 0.02234899996380952 0.9997354930665564 0.005428268458787453 -2.4662955400992264 -0.001369317602390977 -0.005399009540967507 0.9999844877120014 149.28477002540603
0.9996966631268539 -0.024628852369906938 3.694316014494657e-05 -0.4650621048902163 0.024628667728903143 0.9996931064872345 0.0026686263573853807 -2.5082990105013137 -0.00010265703172739906 -0.002666907037439005 0.9999964385280234 150.63058439761173
0.9997144060426258 -0.023893944323243106 0.0004310197729497352 -0.47606093345759043 0.02389438696193667 0.9997139379993809 -0.0010490184381793013 -2.5383236734061394 -0.00040583131974100293 0.0010590178375725723 0.9999993568905092 151.98679949438772
0.9997859548651767 -0.02065331895716411 0.0012185557393005857 -0.49756067353612216 0.020657149161363207 0.9997814394620379 -0.003217994702837841 -2.5701407832544083 -0.0011518272385251313 0.0032424778750393328 0.9999940797971587 153.32228880268713
0.9997817647547603 -0.020785414283810907 0.0020950956005001357 -0.5103167113109013 0.02079208622878019 0.9997786549552448 -0.003214069141342247 -2.607215972569683 -0.0020278262752831907 0.003256929208300178 0.999992640137792 154.67763384674225
0.9997223783104302 -0.023413803741898852 0.0026382012251080656 -0.516707595140272 0.02341433967673613 0.999725831995271 -0.00017186131017866033 -2.6385596455750626 -0.00263345420870151 0.00023358536202607017 0.9999965051705597 156.03196171272137
0.9995507259393943 -0.02981348080959949 0.0030826337565786634 -0.5106514416228523 0.02980397492687912 0.999551000327986 0.0030855843030729063 -2.6672095954003634 -0.003173241926818762 -0.002992323324493357 0.9999904882214395 157.37076121009707
0.9994271536696611 -0.03371057548730432 0.0029935920074839785 -0.5019763760900963 0.033697703888455034 0.9994230281919694 0.004251527995714717 -2.689451082618712 -0.0031351865035953905 -0.004148215399910325 0.9999864813643693 158.71696707383828
0.9993833305351322 -0.03498484474130899 0.0030032096787898886 -0.4965359817539742 0.03497150450589446 0.9993786858603512 0.004385902673714202 -2.7170427566129676 -0.003154784126542342 -0.004278171315655611 0.9999858721923205 160.07584889782984
0.999425270232851 -0.03366884904047524 0.003941802928774783 -0.49767338699520863 0.033649675738255384 0.9994219992644695 0.004833914220869421 -2.734822498396262 -0.004102277232113722 -0.0046984956996252505 0.9999805475387262 161.42868086762215
0.9995374263798362 -0.029977804253721027 0.005124891635734329 -0.5008369222710825 0.029955641709634752 0.9995417710001114 0.004348282923163287 -2.758196365441653 -0.005252895674215774 -0.004192752159990323 0.9999774137006926 162.78157146879315
0.9996336292040474 -0.026386438037186287 0.006030195357215388 -0.49945692962450694 0.026374421060881954 0.9996500036527247 0.0020640040445438334 -2.7815762488437574 -0.006082547036125003 -0.0019042049547105847 0.9999796881032967 164.12193005203596
0.99970178696593 -0.02344402217511487 0.0068348350707463585 -0.4960996880157251 0.023437942058954157 0.9997248245242715 0.0009685552652678107 -2.8087360943236614 -0.006855661699778723 -0.0008080719535087787 0.9999761731741229 165.48572147862822
0.9997298479016132 -0.02210014696580758 0.0071982449026423865 -0.48658773135676225 0.02208370619950836 0.9997533497976155 0.0023557343359036434 -2.8301982102537613 -0.007248532138211763 -0.0021961340242285486 0.9999713174741044 166.8350836729317
0.9997513184187156 -0.021186279677575144 0.006960092343593016 -0.4751415372160935 0.021169661499356993 0.9997728885642578 0.0024528999380043254 -2.8548633054785864 -0.00701048004010239 -0.0023049471715687574 0.9999727698202348 168.1735383318454
0.9998091068374924 -0.018399390254323536 0.006573609169684951 -0.472322785560765 0.018399406790093397 0.9998307148916292 5.814685304087777e-05 -2.886929796690609 -0.006573566776383333 6.281477665202597e-05 0.9999783919004044 169.54954758519847
0.9998765016120806 -0.01447891225310593 0.0061108624713158005 -0.4646553729644368 0.014496389540307034 0.9998909301106358 -0.0028253429829327354 -2.9151830155265275 -0.006069288581305509 0.0029135795738842755 0.9999773371351002 170.91373468411325
0.9999423121968868 -0.008998150008317446 0.005865627864903361 -0.4551231055258387 0.009023926568795157 0.9999496783849257 -0.004382857276728229 -2.9463580409640753 -0.005825895585105927 0.004435535533504376 0.9999731921201394 172.28466384161214
0.9999691354016343 -0.004960025423387747 0.006093144063760691 -0.4501255522836957 0.004980531700984846 0.9999819694313422 -0.003354863618201325 -2.9716108670208086 -0.006076394507987244 0.0033851072443131128 0.9999758089435695 173.65727130492658
0.999975352364887 -0.002010649248431369 0.006726957842001762 -0.44060903532034174 0.0020183941346722818 0.9999973078561435 -0.0011447107435971686 -2.9950679153971795 -0.00672463868935833 0.0011582602112787503 0.9999767185595811 175.0444380087028
0.999972474267255 -0.0021310365722550864 0.007106996604855761 -0.41516242147614635 0.002124372548505374 0.9999972969012016 0.0009451075376970215 -3.0179200458449675 -0.0071089920525345286 -0.0009299836253414162 0.9999742983476982 176.40016139351454
0.9999717551900535 -0.003941908403561577 0.00639923370497769 -0.3909942077838137 0.003928258758041123 0.999989985494538 0.002144222004079812 -3.0368507540340928 -0.006407622486055418 -0.002119023628622593 0.999977225794142 177.79505538079925
0.9999644884848431 -0.007126309483522062 0.004498610438820887 -0.3767792927168182 0.007115838361757798 0.9999719454700982 0.0023394675586522165 -3.051356838807211 -0.004515156381460774 -0.002307373132227653 0.9999871446110138 179.1744246496139
0.9999652051774851 -0.008033384308384519 0.0022479285605351705 -0.36074808097569055 0.008036954516549837 0.99996644939591 -0.0015834885180023594 -3.070224094981336 -0.0022351325589842624 0.0016014999599301292 0.9999962196814355 180.49827442928904
0.9999812563484486 -0.006068722359204977 0.0008109065189233695 -0.35776398884930055 0.00607352847436088 0.9999631845620977 -0.006061498564172014 -3.0927168819115556 -0.000774091183121226 0.006066310138227401 0.9999813001566208 181.94578485738015
0.9999984950565107 -0.0016803315807093523 0.0004317101919040355 -0.35461504120078313 0.0016834158755500445 0.9999723307617272 -0.007245951926267742 -3.1135538982432607 -0.0004195226862131955 0.007246667913767081 0.9999736545551073 183.32282098077746
0.9999970209644702 0.002440415520265622 4.929493950890716e-05 -0.35629857754821864 -0.0024400718171172075 0.9999786296335985 -0.006065173543371983 -3.136822229889069 -6.409544023495625e-05 0.0060650353095349505 0.9999816054499586 184.6673774164804
0.9999912400448852 0.004180977377357816 0.00019812628666215936 -0.3559125332809265 -0.004180408012758376 0.9999873609262406 -0.0027932391227118714 -3.1561003259689917 -0.00020980227239194996 0.002792386457352231 0.9999960792724836 186.11021755417147
0.9999915066372597 0.004048352952266978 0.0007729716678503509 -0.35191816924026115 -0.004047982803421825 0.9999916916057106 -0.00048016922577792377 -3.178374879389023 -0.0007749092063411833 0.000477036178440306 0.9999995859754199 187.48058593538167
0.9999924954808046 0.0037214367312832395 0.0010769797233699452 -0.3457459070790685 -0.0037217894242712107 0.9999930211650079 0.00032544072860961874 -3.198541283225042 -0.001075761191113343 -0.0003294465865454867 0.9999993671004512 188.92281442141453
0.9999950476127204 0.0030162248746048136 0.0008984060035885357 -0.3397581422079104 -0.003016861635441022 0.9999951986038884 0.0007080398527920765 -3.224087499350258 -0.0008962661579330255 -0.000710746728498539 0.9999993457722174 190.3180721719102
0.9999996716659587 -6.597158383558205e-05 0.0008076614473910319 -0.3315044951259591 6.482016174707943e-05 0.9999989817674261 0.001425574312168211 -3.251085405354524 -0.0008077547394972201 -0.0014255215187466202 0.9999986577089638 191.7028912122423
0.9999977458985909 -0.0017891341385056648 0.0011433289625828935 -0.32494105204536444 0.0017876664238413026 0.9999975783602179 0.0012835573817711985 -3.2803718756406064 -0.0011456227458325945 -0.001281510620660996 0.9999985226377154 193.14036990260334
0.9999849970557443 -0.005270113470772738 0.0014938461450424107 -0.31629061211033105 0.005266653332097448 0.9999834605970443 0.00231103610228037 -3.3052650053778394 -0.0015060009852438118 -0.0023031339002915047 0.999996213759615 194.5287752940399
0.9999490676397945 -0.009909565721805246 0.0019138040385707836 -0.31181581882626824 0.009902008088621881 0.9999432932554951 0.003919247202428657 -3.3284348846433183 -0.0019525337118371413 -0.0039000971505452984 0.9999904883809981 195.9716420273865
0.9999150831968283 -0.012859368847887279 0.0021125911546069835 -0.3034994509279426 0.012850179290628176 0.9999081538846757 0.004307746053748867 -3.3658576019017943 -0.002167792195513007 -0.004280233151378473 0.9999884900733453 197.3780940969463
0.9999392799003274 -0.010801725801829167 0.002181569406746126 -0.31065797432157144 0.010801813195552032 0.9999416583180699 -2.7960357224017534e-05 -3.395513168092395 -0.0021811402937971696 5.152357572970488e-05 0.9999976199818655 198.80799474499557
0.9999893832678912 -0.0037346263710919 0.002699245461921589 -0.3217712373901447 0.0037495482706170636 0.9999776003944033 -0.005544329728379979 -3.4355860841898513 -0.0026784792305002483 0.0055543919313838465 0.9999809870570897 200.22742522864434
0.9999761824185377 0.005704942897277603 0.0038843552183364 -0.3360952013791427 -0.0056806322034710435 0.9999643880294562 -0.006241242032566328 -3.479899648864477 -0.0039198231549000435 0.0062190279093288555 0.9999729789717099 201.65302089345764
0.9999016495390797 0.012968813606896158 0.005338641813241576 -0.35327517725948515 -0.012957550873905488 0.9999137595090649 -0.002139030622749885 -3.5236471419029307 -0.005365922551556788 0.002069644560434223 0.9999834615835427 203.10182478453692
0.999869201430605 0.014958268932538838 0.006150625044116949 -0.3581297604549786 -0.014960261826426995 0.9998880504012151 0.00027797435789170255 -3.566480804650887 -0.006145778988900688 -0.0003699529740485305 0.9999810460849982 204.530742381178
0.9999008327604882 0.012889581986086408 0.005673032286245916 -0.35423553171623534 -0.012892104629551742 0.9999168100692886 0.00040817981621910716 -3.597924956627345 -0.005667299559224738 -0.0004812766787015639 0.9999838249104663 205.97768898795897
0.9999461367357682 0.009411566957897017 0.004375616371374742 -0.351587165077328 -0.009413360064759116 0.9999556175973465 0.00038924131428826866 -3.63106260598184 -0.004371759170015312 -0.0004304096130231462 0.9999903511856022 207.4196739411026
0.9999666440984212 0.007487194146204303 0.0032638325072148833 -0.3440155039431204 -0.00748748285353013 0.9999719655197714 7.609763349364181e-05 -3.663333408701441 -0.0032631715257775843 -0.00010053299018290779 0.9999946707861135 208.86423941348434
0.9999646530908968 0.007933230091228052 0.00278503424375918 -0.3495638611506081 -0.007931474615558078 0.9999683399290431 -0.0006409891159868356 -3.6842250827266434 -0.002790031420315926 0.0006188770389875661 0.9999959163477602 210.33021624252035
0.9999588299050678 0.00869003453284981 0.002611853573427887 -0.3541610166985122 -0.008688914043473668 0.9999621537659166 -0.0004402586383543946 -3.7110716839068725 -0.0026155808093122177 0.0004175463453734054 0.9999964921881483 211.77763576135743
0.9999477252751359 0.009890636672600936 0.0025926828296119987 -0.3613854963106917 -0.009891846648879453 0.9999509714208229 0.000454033912406647 -3.7376036664563004 -0.0025880652485446545 -0.00047965661379177393 0.9999965359162364 213.24585186471666
0.9999536176593323 0.009343465045442137 0.002337129266816197 -0.3645805996718836 -0.009344136161591039 0.9999563044887428 0.0002761402395143167 -3.77069203931026 -0.002334447235717251 -0.00029796589670939106 0.9999972307808431 214.71339912450398
0.9999516580388136 0.009648625730994205 0.0018935648364077186 -0.36864614278792013 -0.009647238523035673 0.999953189997646 -0.0007406917321867688 -3.8016629654088576 -0.0019006230177610855 0.0007223882624546512 0.9999979328901898 216.1663178642981
0.9999585033423175 0.00894686204431615 0.0017161688675523092 -0.3704647088323727 -0.008944794289009725 0.9999592635242307 -0.001209118314326866 -3.8346675344657397 -0.001726916919118149 0.0011937173805531907 0.999997796394696 217.64467334717887
0.9999585266742543 0.009035657307674813 0.0011409689359322926 -0.37139444095705126 -0.00903441272228725 0.9999585928251282 -0.0010918067975938563 -3.864680572923723 -0.001150786982411461 0.001081453547795338 0.9999987530721096 219.11229175649635
0.9999553468413038 0.00940170484878449 0.0009551176787324558 -0.38026279574496713 -0.009400312849964648 0.9999547615701306 -0.0014522233801115049 -3.898691783736349 -0.0009687279299442012 0.001443180150793659 0.9999984893967062 220.59890553632673
0.9999597802996598 0.008938647869956465 0.0007337156573775634 -0.38216765872070474 -0.008937485310203906 0.9999588218371348 -0.0015735330709494757 -3.9307914669752853 -0.0007477507673877097 0.0015669122356567198 0.9999984928256523 222.0878294092617
0.999947333293019 0.010256738047870355 0.0003604744497632767 -0.38978483124684726 -0.010256061195161155 0.9999457240417117 -0.0018336311446692692 -3.962232508431181 -0.00037926199318781334 0.0018298375538567942 0.9999982539255348 223.58244653225978
0.9999475193134323 0.010244925330354513 -1.0019935318767749e-05 -0.3935829200524124 -0.010244927231285436 0.999945856230742 -0.0018237589415801773 -3.9969991385948376 -8.664884244757084e-06 0.0018237659110725917 0.9999983368999307 225.073148549604
0.9999453889305144 0.010443123328459297 -0.0004003836417430704 -0.39798297241263936 -0.010443835131318743 0.999943810513336 -0.0018171813594035089 -4.023682870504201 0.00038138412542839187 0.0018212636895166684 0.9999982687710698 226.54971932052285
0.9999538671786702 0.009599997668593792 -0.0003217717970635937 -0.4014408451519281 -0.009600543535385149 0.9999524031566033 -0.0017381044146959775 -4.058167693073549 0.00030507070716267624 0.0017411134418971797 0.9999984377268519 228.05422928351194
0.9999632288803861 0.008568721723266271 -0.0003433306038938986 -0.40465332168828094 -0.00856939602443658 0.9999612589789337 -0.0020114701005180457 -4.086847486358506 0.0003260816007348334 0.002014338305296155 0.9999979180539812 229.54179030509889
0.999974562953147 0.007131412485638117 -0.00012801376214259964 -0.40517108751430797 -0.007131617592708079 0.9999731643713771 -0.0016764792565381644 -4.115055547838484 0.00011605466969014317 0.0016773495845588441 0.999998586513847 231.0535442070068
0.9999868534308973 0.005127350133394554 5.688603781386892e-05 -0.40420766011971876 -0.00512729296625461 0.9999863861882732 -0.0009686666731771042 -4.1420675881490014 -6.185196292558706e-05 0.0009683622823621213 0.9999995292241983 232.54000166048627
0.9999884347078011 0.00480938404701417 -1.632113237426164e-05 -0.40073915612897165 -0.004809392450100398 0.9999882898609246 -0.0005384186859832491 -4.167059835644187 1.3731479418678917e-05 0.0005384909606640141 0.9999998549194324 234.0337271041356
0.9999863535343101 0.005224151506053683 -3.1239024269671956e-05 -0.4034652190693732 -0.005224175609411023 0.9999860206643136 -0.0008163795238038824 -4.195130423348281 2.697369852245387e-05 0.0008165315933283544 0.9999996662742048 235.5493682337766
0.9999778566072239 0.00664700716424502 0.0003218350258001241 -0.4014252198378563 -0.006646469814153498 0.9999765602941919 -0.0016441761069873478 -4.226089032332747 -0.0003327563623340263 0.0016420006601093723 0.9999985965521988 237.04553294932919
0.9999700945602094 0.007683027490917314 0.0008837752981442314 -0.4036524112577624 -0.0076820641094952555 0.9999698996360165 -0.0010889120329502966 -4.254196171010708 -0.000892114914038566 0.0010820902662276874 0.9999990166046244 238.54688287868277
0.9999698410782201 0.0076373112382563755 0.001410105254913178 -0.4044684711155652 -0.007638829147300746 0.9999702471129055 0.001073868821338334 -4.281472903523214 -0.0014018619478731538 -0.0010846080138201019 0.9999984292021273 240.06084326459725
0.9999726402872517 0.0070968352981135956 0.0020865267085284564 -0.4014061197591875 -0.007100186764757887 0.9999735084857185 0.001603025017054696 -4.312346770190801 -0.002075095203258541 -0.0016177959237034115 0.9999965383508572 241.57771427026788
0.9999622068512398 0.008310812726284603 0.0025524980667536324 -0.4021082656872283 -0.008311127914279341 0.9999654556393693 0.00011268862307327169 -4.344909831069452 -0.0025514735743431037 -0.00013389850907690942 0.9999967360198982 243.08109477086347
0.999961287891068 0.008206036576580634 0.0031754793698807885 -0.40031503183898826 -0.008202151475692658 0.9999655994919993 -0.0012347314024182183 -4.376252708097976 -0.0031855026535406736 0.0012086378606913923 0.9999941958647647 244.60640329539405
0.9999582606332259 0.00850830797067995 0.0033295153505487913 -0.39982973335125527 -0.008504679681034029 0.9999632267412799 -0.0011025458528432252 -4.403004061482042 -0.0033387739966616622 0.0010741833891005335 0.9999938493380641 246.1183755178446
0.9999629713899952 0.0079287193401403 0.0033453319285995176 -0.3962265345833931 -0.007928633146156997 0.9999685671351396 -3.918050518123081e-05 -4.434650120050453 -0.0033455377097088073 1.2655141667391936e-05 0.9999944035908911 247.63675652721858
0.9999614799086219 0.008229466206517239 0.003051978213447472 -0.39209321740159775 -0.008231467391813636 0.9999659138248804 0.0006435453617990891 -4.466947995403541 -0.0030465784058227533 -0.0006686428485195525 0.9999951356246557 249.155345720805
0.9999600597162162 0.008481215909911794 0.002819208081837986 -0.39084304070103654 -0.008483643950554542 0.9999636518096153 0.0008502136370503068 -4.4934734268827246 -0.002811895000762652 -0.0008740968583006149 0.9999956645894414 250.68906154214187
0.9999461065015853 0.009960325568596592 0.002928478786780786 -0.3849254386456178 -0.009963220844259522 0.9999498900514123 0.0009755198911777785 -4.5214492834384545 -0.002918615791608809 -0.0010046444229434284 0.999995236172576 252.21264209105794
0.9999333352459442 0.011097518656769273 0.0031890628032110284 -0.38569922587914995 -0.011101105519095093 0.9999377658412674 0.0011090205077934803 -4.548384661360505 -0.00317655722701082 -0.0011443487263695083 0.9999942999569243 253.75660414588683
0.999932525671597 0.011204573975533027 0.0030662034463202377 -0.38363513497351487 -0.011208529106575509 0.9999363689202436 0.001275543813540935 -4.56549950423559 -0.0030517166730046237 -0.0013098254095686257 0.9999944856743274 255.27360204222776
0.9999455801623994 0.009963019373314239 0.003094339982598396 -0.3794559455749056 -0.009967900086213049 0.9999490934957271 0.0015656970719358711 -4.597686600795633 -0.003078583649808504 -0.0015964559753259742 0.9999939868056082 256.8254594335622
0.9999621635039384 0.008181223303805822 0.002956202278144475 -0.37116557295139124 -0.008188161698110711 0.9999637328127103 0.0023424526658676953 -4.616192769362029 -0.0029369311834627006 -0.0023665699484522666 0.9999928868639785 258.36373451502686
0.9999799748713721 0.005507240126477733 0.00311771638565996 -0.36203755923161673 -0.005517669058275313 0.9999791786569076 0.003346280184225413 -4.648052729090999 -0.003099222961649998 -0.003363415769754681 0.9999895410693654 259.8958058332208
0.9999885531849676 0.0040332761867992615 0.0025741363596376034 -0.35374909682311406 -0.004039854658886488 0.999988574589328 0.002555439743255519 -4.66957695564306 -0.0025638003696521992 -0.002565809679947625 0.9999934217510865 261.4453099914271
0.9999899052618177 0.0037769847026018124 0.0024338769835184713 -0.35061604205273567 -0.003780805209318755 0.9999916250807842 0.001566935567180018 -4.699904459346161 -0.0024279385124767053 -0.001576121796134851 0.9999958104670739 262.970094087528
0.9999943755880318 0.0013874344926732346 0.0030534929728141627 -0.3444868086510353 -0.0013971151082387816 0.9999939980894745 0.003170466238475746 -4.725400050859502 -0.00304907608699087 -0.003174714548785917 0.9999903121127116 264.5106928923379
0.9999935969755273 -0.0009901620759848826 0.003438835969415556 -0.3412133858816959 0.0009720307053555123 0.9999856398335506 0.00527022582245942 -4.742023619802744 -0.003444005251604691 -0.0052668495231681265 0.9999801993644096 266.04713070539935
0.999991206937176 -0.0023787672540727146 0.0034536245405374357 -0.3340096134418396 0.0023624431404978673 0.9999860554157586 0.004723116756477794 -4.76977759376558 -0.0034648118654710012 -0.004714916322498053 0.999982882173273 267.59862811985005
0.9999907187307927 -0.002405705992041131 0.0035742186400516233 -0.33443432171177834 0.0023937821327734195 0.9999915682186729 0.0033366591790792363 -4.8038345855802325 -0.003582215823860263 -0.0033280723707658872 0.9999880457587151 269.11361033362107
0.9999884054402275 -0.0014423751746936355 0.004594403816700971 -0.3270799814373542 0.0014283516112434669 0.9999943159575918 0.0030541547767115426 -4.839674342190672 -0.0045987833250048715 -0.003047556996256117 0.9999847816760022 270.68997595232213
0.999984408385914 -9.973141788621222e-05 0.0055832826181567916 -0.3325608122766069 8.297663056690448e-05 0.9999954934349166 0.003001037157233808 -4.873986671505715 -0.005583557223832648 -0.003000527138759643 0.9999799101583283 272.2049734699202
0.9999774769159837 0.001349804291443618 0.006574472847016323 -0.32920868657351976 -0.0013671611084231736 0.9999955905455612 0.0026362400849364066 -4.916451505536239 -0.006570886002232298 -0.0026451691200845453 0.9999749129510832 273.7613685962434
0.9999673652852388 0.0026579261493917105 0.0076291411744085075 -0.31966095189821636 -0.002676194292972494 0.9999935741695467 0.0023852899397715926 -4.95654703438223 -0.007622752868742434 -0.002405629203830241 0.9999680527799295 275.31891542298786
0.999960775155118 0.0029488206444018015 0.008351802770067841 -0.31980989024510853 -0.0029669362400172646 0.9999932712591586 0.002157482505280511 -4.9964206483939915 -0.008345385247675039 -0.002182177183146299 0.9999627956285552 276.8414356819636
0.9999504428015495 0.0035109699161495938 0.009315848412561275 -0.30987778570592467 -0.0035257163439672704 0.9999925569480845 0.0015669648906023188 -5.041498726478557 -0.009310278293353114 -0.0015997323018577478 0.9999553787884611 278.4025591756201
0.999944351223368 0.0032111862801279204 0.010049016872604871 -0.3061950141020136 -0.003221402052129671 0.9999943107187987 0.0010005521515215538 -5.0888375524388865 -0.010045747589900353 -0.0010328684102318235 0.9999490067655937 279.93580063044874
0.9999380281019106 0.0026176966673726425 0.010820703386819371 -0.2969272975383364 -0.0026298066864099473 0.9999959314737837 0.0011050598270273498 -5.1336860715600805 -0.010817767564518776 -0.0011334477180279523 0.9999408438476122 281.4886397943198
0.9999312375132745 0.0014443651671861698 0.011637613944465188 -0.27838816614018813 -0.0014720374110537187 0.9999961090325119 0.0023696049875012097 -5.1780452803819665 -0.011634147069321216 -0.002386573089343829 0.9999294729554047 283.0562889869506
0.9999319948073021 -0.00020103708317436263 0.011660418151540551 -0.27344487567487197 0.00016774387328963303 0.9999959071495867 0.0028561416720418293 -5.215805469494364 -0.011660945600696974 -0.0028539915224755964 0.9999279359404937 284.5825391135983
0.9999265037932881 -0.0010428649293684963 0.012078884562050834 -0.25004941700828925 0.001036034913875954 0.9999992998943649 0.0005716998670468961 -5.258683363480905 -0.012079473331584285 -0.0005591437035358317 0.999926884165166 286.15248358727547
0.9999315368707419 -0.000824642792491493 0.011672255276429552 -0.2432175872713554 0.0008441071573156329 0.9999982613831021 -0.0016627425296623765 -5.2978582620077805 -0.011670864801792913 0.0016724813704235763 0.9999304944416617 287.682706348132
0.9999407487981758 -0.0013720750564277552 0.010798903267261264 -0.2273242567179773 0.0013896551845567692 0.9999977212347256 -0.0016206115670400199 -5.336286384673898 -0.010796655972029579 0.0016355223378455212 0.9999403768623829 289.2384633294677
0.9999445036655636 -0.002872929296423991 0.010135870819480551 -0.21474029595054966 0.0028886135762960004 0.9999946527650843 -0.001533084746044662 -5.376579810959216 -0.010131413033777013 0.0015622783207566997 0.9999474554942436 290.8066176909856
0.9999556661677433 -0.002622503347786822 0.009043682102810051 -0.20422609917221096 0.002642026245637306 0.9999942040730488 -0.002147443589391135 -5.414168851175505 -0.00903799877365779 0.002171242082619466 0.9999567992062867 292.36058050205605
0.9999600086583833 -0.0022688766049477355 0.00865062385960246 -0.1933466549914612 0.002289275125555306 0.9999946210429397 -0.002348851081056672 -5.453840082563937 -0.008645248807367674 0.0023685608608309434 0.999959823985649 293.94071934117693
0.9999654237286876 -0.002379668878367715 0.007967969219236615 -0.18711783341410787 0.002396507012932451 0.9999949142641933 -0.002104328051101514 -5.488014241213906 -0.007962921766773481 0.002123350635550735 0.9999660410494001 295.49312108703066
0.999971396101145 -0.002607853963497584 0.0070997244769955125 -0.18090628954594723 0.002619401031343319 0.9999952610825169 -0.0016175744456426967 -5.53041202157053 -0.007095473034835015 0.0016361252423435825 0.9999734883234875 297.0701710464364
0.9999772499537717 -0.0031876090074312823 0.005944639127420645 -0.17042934437421003 0.003191049780243477 0.9999947464918725 -0.0005693728911814093 -5.563802702232386 -0.005942793461527338 0.000588329596176021 0.9999821683750056 298.65537729902195
0.9999840708113411 -0.0020934044236235183 0.0052417354307719025 -0.16724212422860085 0.002087844744859917 0.999997252343954 0.0010659294466425356 -5.600032124884432 -0.005243952891860073 -0.0010549685524004386 0.9999856938946032 300.22550331015117
0.999980393346262 -0.0017396569171157974 0.006015523722445095 -0.15899440073514381 0.0017334275235840798 0.9999979561551421 0.00104063046897873 -5.630630251268552 -0.006017322275197259 -0.001030182605383076 0.9999813651015864 301.8208720798792
0.999975073184991 -0.0006434619038174268 0.007031285306321162 -0.15896402879407573 0.0006373272320983336 0.9999994143614911 0.0008746939638989641 -5.6625742606136305 -0.007031844614269241 -0.0008701909418966258 0.9999748976462256 303.40163611827865
0.9999715448618387 -0.001518703161407304 0.007389385384366467 -0.14643890638820184 0.0015134474070061243 0.9999985978277026 0.000716810403505144 -5.6942428296464715 -0.007390464269277345 -0.0007056065671454723 0.9999724411955827 305.0007557243926
0.9999642071184799 -0.00371444728215317 0.007601800787223062 -0.13014310584615624 0.0037174242145195206 0.9999930191042588 -0.00037748490063915286 -5.727170572911695 -0.0076003462144451665 0.00040573052471409746 0.9999710346371837 306.60852018793577
0.9999533905542398 -0.005467991835470332 0.007957248152924215 -0.11599766679709322 0.005484855243605277 0.9999827552769973 -0.002098929437463673 -5.765515146256089 -0.007945634676189771 0.002142476014662768 0.9999661377662331 308.1927055300928
0.9999512112763094 -0.005944987311986305 0.007888739260030772 -0.10802586994884034 0.00597088759867203 0.9999768482140469 -0.0032636681784262637 -5.80325731813439 -0.007869154823004694 0.0033106117998450376 0.9999635574584094 309.81452786462836
0.999969946942657 -0.005028044525686785 0.0059011856765619 -0.10231139229345665 0.005051905937686363 0.9999790961805122 -0.004035522522196069 -5.848030756369983 -0.005880772032251566 0.004065213566124244 0.9999744449498197 311.41753566185804
0.9999848475985992 -0.004158668445633413 0.003606946082071497 -0.09889970998343789 0.004171940214188041 0.9999845270825574 -0.0036797425002020666 -5.888319844605726 -0.003591587749310256 0.0036947347856050947 0.9999867246257249 313.03439460217066
0.9999910782517001 -0.0025727006439392984 0.003350318841460838 -0.10347850403978143 0.0025743189255764756 0.9999965718321768 -0.0004787507297429124 -5.92722706091994 -0.003349075956938957 0.00048737126195074875 0.9999942730612256 314.6527739764235
0.9999858172226198 -0.0038365235689169375 0.003694110218945016 -0.10746395266130171 0.003826077805845457 0.9999886741369693 0.0028306749385012607 -5.966618312032327 -0.0037049286416194326 -0.0028165008881077306 0.9999891703526166 316.29295617038287
0.9999811830827775 -0.004688191469087673 0.003956558107911278 -0.10772302822220547 0.004674447060951806 0.9999830332206425 0.003476033463961014 -6.004861959901342 -0.003972787620894242 -0.0034574733956315414 0.9999861313199143 317.909242054516
0.9999756808013398 -0.005662232124831197 0.004071479489726377 -0.10973113248690813 0.00565222026101846 0.999980984380609 0.002466429757457914 -6.0433830685414405 -0.004085367908694732 -0.0024433569174971154 0.9999886698216189 319.5472256200825
0.9999689151436674 -0.006470163499054004 0.004506189487512168 -0.1092501685846553 0.006460969586163668 0.9999770224063709 0.0020519559314564977 -6.078685802429169 -0.004519362816316258 -0.0020227778247104934 0.9999877417872437 321.1733237403836
0.9999649870347529 -0.006959686776990916 0.0046462326711901765 -0.10724939787849541 0.006948378072142146 0.9999728687541289 0.002445769654321077 -6.116313992626755 -0.004663128795454267 -0.002413400277907652 0.9999862152670183 322.80349899925653
0.999963454422591 -0.006857003286597954 0.0051060100762482475 -0.1054911266765366 0.00684436024713639 0.9999734780384515 0.002489567021387595 -6.162427774243733 -0.005122946054547953 -0.0024545287052958665 0.9999838652235148 324.435856851077
0.9999675287768391 -0.005665043581385455 0.005731377348114702 -0.10612692568814663 0.005655181049357335 0.9999825031438162 0.0017356054033098888 -6.198078554368955 -0.005741109830670159 -0.0017031370940728415 0.999982069327354 326.06222307132526
0.9999683019445156 -0.004945474483994383 0.006239984059476831 -0.10416385573361053 0.004938714975082796 0.9999872013820711 0.0010982530795286443 -6.240006997679694 -0.0062453361054566805 -0.0010674007764918847 0.9999799280117583 327.68316074036784
0.9999583324399456 -0.005627135993592139 0.007188096979305079 -0.09398631042293293 0.0056081195954262655 0.9999807284885655 0.0026630130520725495 -6.281346772570558 -0.007202944196592912 -0.0026225904248127763 0.9999706193724788 329.3149478554129
0.9999496658594038 -0.006958514938044252 0.007228058686060305 -0.08735834821006172 0.006931410284106369 0.9999688772809152 0.0037682903421621156 -6.32103566554137 -0.007254056043376255 -0.003718000090245244 0.999966777018276 330.94112782248914
0.999948242348064 -0.007409657371557358 0.006972059790942016 -0.07722030637680488 0.007390145304534522 0.9999687153624883 0.002820290708119058 -6.357169778641056 -0.006992739648586606 -0.0027686202447726417 0.9999717177640906 332.5627594506749
0.9999501690173668 -0.006959671897689038 0.0071569870783976365 -0.06881197738127731 0.006939957347226442 0.999972065550424 0.0027758065793826356 -6.404886553304609 -0.0071761064586828745 -0.00272599911571478 0.9999705357753104 334.1871708302111
0.9999632334368024 -0.005267332005106755 0.006766609301110475 -0.0671365984911797 0.005262243873719385 0.9999858581634267 0.0007695815027444745 -6.42451069489285 -0.006770567821311755 -0.0007339456644597838 0.9999768100954877 335.8002934470306
0.9999749724585839 -0.0031408163241459126 0.006339537842615468 -0.06309211243656399 0.0031539134638572837 0.999992910815446 -0.002056974576900271 -6.478276924845684 -0.0063330328577992315 0.002076917498134743 0.9999777893043656 337.40748790711393
0.9999837302842627 -0.002246474144055958 0.005243331929879802 -0.06070525855904707 0.002254082566276329 0.9999964146963621 -0.0014455805115626155 -6.518297080995003 -0.0052400661155605705 0.0014573759301800744 0.9999852087689383 339.0191889548274
0.9999896496123577 -0.0014500131328540541 0.004312555776443556 -0.062013946770705375 0.0014443511943567425 0.9999980913320701 0.0013157429153677676 -6.560917454719007 -0.0043144557531562145 -0.001309500473020274 0.999989835285956 340.63525208635656
0.9999933911788068 -0.00031143234047583193 0.003622238747714163 -0.0658008440067579 0.0002964416312560437 0.9999913931467475 0.004138327369211251 -6.591068226124206 -0.003623496683449427 -0.004137226315738105 0.9999848766989583 342.2421496845099
0.9999979173928177 0.00015167127674207623 0.0020352415996170736 -0.05830603597110606 -0.00015876062732652838 0.9999939197014627 0.003483583602668728 -6.625986378978279 -0.002034701034296792 -0.0034838995310921806 0.9999918611837253 343.847016837471
0.9999998657842636 -8.940970414652617e-05 0.0005103315233683015 -0.0657248376673123 8.8477311420386e-05 0.9999983275262322 0.0018267775036061597 -6.656753208537368 -0.0005104940431379897 -0.0018267321411830656 0.9999982012209161 345.45451414803125
0.9999979171859243 -0.0013563031087243868 -0.0015251443363080031 -0.061059181966295784 0.001360977801738274 0.9999943670077482 0.003068173643585508 -6.683914976061672 0.0015209745028528592 -0.0030702430014490105 0.9999941301065752 347.045316224117
0.9999925756235409 -0.0029449864708086144 -0.002485106111631582 -0.06200870900415445 0.002954554570321462 0.9999882037498821 0.0038552513972959423 -6.720642101998433 0.002473723345881541 -0.0038625652319661265 0.9999894805885575 348.6499019440127
0.9999910062689545 -0.003167580108586844 -0.002820251225112587 -0.06781720191639651 0.0031763956395050672 0.9999900669229488 0.003126749280292767 -6.743323948669159 0.0028103192227758936 -0.0031356794545093288 0.9999911347736172 350.2508097716858
0.9999884325937327 -0.0035932935221963357 -0.003197330080407452 -0.07004065923177705 0.003600930274129114 0.9999906704367286 0.002385861525934134 -6.772883063177508 0.003188727421618043 -0.0023973473374821436 0.9999920423430206 351.84683328583986
0.999987067780691 -0.003986537526738963 -0.003157814070153634 -0.0782038836164054 0.003992916143137187 0.9999899958438359 0.0020161416402029258 -6.79756348060908 0.0031497453226844926 -0.0020287244932913765 0.9999929816690514 353.4489108461464
0.999984470303361 -0.004528672852019789 -0.003248118606213435 -0.08736418522406264 0.004535023909523202 0.999987814438494 0.001950519492544121 -6.832589045155046 0.0032392460370453385 -0.0019652195350110587 0.999992822575987 355.0374839955552
0.999981693478622 -0.005113845066390213 -0.00323439284153982 -0.09690268068923213 0.005118571993997786 0.9999858418305284 0.0014547688378687576 -6.870103619069363 0.0032269078602653522 -0.0014712977064381496 0.9999937111576205 356.62616909454954
0.99998022255814 -0.005355052067211815 -0.0032981677967591338 -0.10620257058919091 0.005357954160607662 0.9999852662094096 0.0008715987168923209 -6.906672453169318 0.003293452025154136 -0.0008892529268759977 0.9999941811876157 358.2258344305198
0.9999785288039414 -0.005724704863886617 -0.003188994633851202 -0.1188917263087681 0.00572750551191944 0.9999832195356868 0.0008696667940418702 -6.944878416882275 0.0031839628055067883 -0.0008879131213077408 0.9999945369835849 359.80832655324997
0.9999789999721543 -0.005717254821328045 -0.003051657536959785 -0.1297593448235237 0.005717425225298162 0.9999836542828344 4.699732813426585e-05 -6.975130113879715 0.0030513392180417 -6.444396434664236e-05 0.9999953425798641 361.40996813228355
0.9999741027900245 -0.0064998146439401855 -0.0030896862591876907 -0.13957369064687575 0.006497472628032715 0.9999785966014051 -0.0007675811212743572 -7.01911410214671 0.0030946095257794884 0.0007474861083562558 0.9999949323180868 362.9870294747421
0.9999605913535683 -0.008292327674412297 -0.00317065370132683 -0.14925097686402788 0.00829243743380363 0.9999656169181792 2.1302797624255788e-05 -7.050189110838668 0.00317036830324961 -4.759440272358611e-05 0.9999949732400183 364.576989828799
0.9999413967227573 -0.01040742495520223 -0.0029813806434694353 -0.15867264999601371 0.010411497720473886 0.9999448827292257 0.0013535910513174407 -7.099815694912172 0.0029671291732354882 -0.0013845523859579534 0.9999946395679722 366.18134268406544
0.9999434146612917 -0.010212605541070013 -0.00297828274800195 -0.16852762329680882 0.01021473787328219 0.9999475822006544 0.000701406650488095 -7.132061169155646 0.0029709636959245793 -0.0007317893477638137 0.9999953189212819 367.7675374640979
0.9999542911606012 -0.009209963493269024 -0.0025675215583613417 -0.1829777985618194 0.009209892456489897 0.9999575872473822 -3.972211776559842e-05 -7.174325736908983 0.0025677787195984925 1.6073709957356237e-05 0.9999967031238501 369.38422709156634
0.9999671031505406 -0.0077726083604679475 -0.002319306085320401 -0.20041986362580544 0.007774270990803366 0.9999695289040743 0.0007084949484545053 -7.20392433227696 0.0023137287564303478 -0.0007265025654736928 0.9999970594243619 370.9660291540595
0.9999754842269895 -0.006787315030626543 -0.0017214252368991571 -0.21629542897532117 0.006789689946957384 0.9999760012947505 0.0013772932561442327 -7.244002021593204 0.00171203594798981 -0.0013889474579346127 0.9999975698775326 372.5960783599165
0.9999793622016511 -0.006231375044596152 -0.0015636946170643096 -0.2327110353949432 0.006233192138409768 0.9999799010914249 0.0011596211237187013 -7.283815823531547 0.0015564372872959814 -0.0011693440202300408 0.9999981050683591 374.1903293901638
0.9999828870109733 -0.0057341937734279175 -0.0011596172984716917 -0.24563272531014202 0.005734989120974383 0.9999833212959012 0.0006833904465148829 -7.325037971651799 0.0011556793629401286 -0.0006900291544044493 0.9999990941330711 375.7884929585072
0.9999837572059768 -0.005657957283196759 -0.0006876406328755321 -0.26138650133388064 0.005658046195084811 0.9999839850743445 0.00012688946683822185 -7.363281580377696 0.0006869117437292404 -0.00013077810707100754 0.9999997555251967 377.41103558119255
0.9999853651680202 -0.005365130214069352 -0.0006962997387677584 -0.2742567451636019 0.005365215717459376 0.9999855998644609 0.0001204870827287154 -7.40240808715701 0.0006956433423311124 -0.00012422111663078477 0.9999997503252577 379.0023103508224
0.9999902522086143 -0.004414238850600848 -9.994443023604214e-05 -0.28689737146047134 0.004414249163793358 0.9999902521187123 0.00010032915401111912 -7.440315634566445 9.950058793632005e-05 -0.00010076935432921206 0.9999999899726685 380.62312741402644
0.9999946223754418 -0.003277659840704132 -0.00011032059832921117 -0.29806222639986224 0.0032777237782049776 0.9999944585959589 0.000582494195363583 -7.4750993388900495 0.00010841077902786129 -0.0005828526724438344 0.9999998242650434 382.22220909277155
0.999997383741209 -0.002279608594995609 0.0001894704497872764 -0.3079705924661778 0.002279561537676082 0.9999973707972959 0.00024898651342204303 -7.511265667422918 -0.0001900375591285977 -0.00024855395545816917 0.999999951053201 383.8366220676256
0.9999989888097781 -0.00113260761711881 0.0008599897798353764 -0.3151270267114845 0.0011328956682363622 0.9999993023445765 -0.0003344488698376915 -7.549221513766268 -0.0008596104533612908 0.0003354228185202503 0.9999995742799618 385.4541725451199
0.9999996280292398 9.092112053264712e-06 0.0008624731638766008 -0.3211883971507801 -8.899739810639545e-06 0.9999999750843823 -0.0002230517263582573 -7.58934739240777 -0.0008624752434670388 0.00022304397269379655 0.9999996031931985 387.06492858492084
0.9999984089281712 0.0011394671384497082 0.001372499825290816 -0.3282489623677045 -0.0011402388565112422 0.9999991922494911 0.0005615670682337945 -7.621905025712575 -0.0013718589449845705 -0.0005631311632267213 0.9999989004416293 388.6926420867213
0.9999965988447229 0.002083745823560406 0.001568534618600191 -0.3343302053626929 -0.002085391981360184 0.9999972758931323 0.001048498978136503 -7.656250312635399 -0.001566345672030076 -0.0010517664425954893 0.9999982201716942 390.3076970069587
0.9999931936241567 0.003174008315068715 0.0018810564418752015 -0.3363957554181718 -0.003175416597610875 0.9999946800630748 0.00074604335382892 -7.6910206421001135 -0.0018786786453274212 -0.00075201142954739 0.9999979525193485 391.93587887069106
0.999991905649713 0.0032910529424264147 0.0023146495669912033 -0.33863640318226507 -0.0032932943274161823 0.9999941113717751 0.0009651114730982038 -7.725050695083611 -0.002311459898691118 -0.0009727265032477714 0.9999968554717285 393.56543411088126
