1.0 -3.469446951953614e-18 0.0 -1.7787691892340307e-19 0.0 0.9999999999999999 -3.5405977195229754e-19 0.0 2.168404344971009e-19 -2.354751593366955e-19 1.0 0.0
0.9999998184232816 -0.0001920851292522164 -0.0005711883356860027 0.002362340360531358 0.00019247475088568847 0.9999997488291841 0.0006821250811968831 -0.02260592772998818 0.0005710572149626968 -0.0006822349104356856 0.9999996042250158 1.3271691263019685
0.9999992746989893 -0.0011795637812661661 -0.00024337673095672962 -0.01274034434467022 0.0011799454332765379 0.9999980656067294 0.001573692944851332 -0.037110104543365455 0.00024152001074032557 -0.0015739790050285252 0.9999987321286025 2.614260804311039
0.9999973736910596 -0.002126364100844347 -0.0008550956028429738 -0.011589578631701198 0.002127685694605745 0.9999965391538946 0.0015474593362722635 -0.07245820092561868 0.0008518022548978931 -0.0015492746764485886 0.9999984370900385 3.9387557491090464
0.9999939651196509 -0.0034643129767320657 -0.0002612744384558373 -0.016455133635142765 0.0034646339926807258 0.9999932324286506 0.001237498744911597 -0.09130225785011678 0.0002569856102648566 -0.0012383965190211617 0.9999992001662076 5.25967604298684
0.9999937062779893 -0.0034838385757752915 -0.0006710268293785156 -0.010331927372236907 0.0034848852772930376 0.9999927036026837 0.001564707916232378 -0.10767779028404198 0.0006655708012621032 -0.001567036548674526 0.9999985507055908 6.578227923547913
0.9999879750587011 -0.004888930414841591 -0.0003848417897625771 -0.017300275854419876 0.004889973074262829 0.999984246675523 0.0027558224197844856 -0.13982618542094555 0.000371362737142715 -0.002757671198084072 0.9999961286626989 7.915104997736434
0.9999875680853143 -0.004969081517136011 -0.00041461974418421444 -0.01801411249907564 0.0049703244240668736 0.9999829912454898 0.0030517352082667423 -0.15134402784648482 0.00039944840758336826 -0.003053758120706107 0.9999952574905209 9.230225656684338
0.9999891585778817 -0.0045680463516207005 -0.000903152179400594 -0.01719725574752334 0.004570256672123544 0.9999865297954309 0.002460279480788727 -0.17341392796668512 0.0008919014207423711 -0.0024643804909353076 0.999996565665373 10.564367641977583
0.9999975916903326 -0.002037997857219899 -0.0008143586515530659 -0.03939273408238507 0.0020380564606218843 0.9999979206403784 7.0976936886046e-05 -0.1902286578981769 0.0008142123763691116 -7.263647539667076e-05 0.9999996658916748 11.893135225635804
0.9999994280678691 0.000858225518482479 -0.0006382087730650021 -0.02599044897347159 -0.0008586272505759097 0.999999433325136 -0.0006293728421893919 -0.21530225835674813 0.0006376683208919529 0.0006299204769144602 0.9999995982900383 13.219881861539983
0.999991226482973 0.004141264457688594 -0.0006299816838156369 -0.040471583294201974 -0.004141734554359197 0.9999911444910203 -0.0007463125128914594 -0.2317315102048399 0.0006268854796172441 0.0007489151930939261 0.9999995230706521 14.572754984863005
0.99998991710709 0.004490609416047909 1.0130572008394982e-05 -0.0635488649075315 -0.0044906098632606865 0.9999899170456051 1.545291441427283e-05 -0.255410986024558 -1.0061077992541472e-05 -1.5498254786794073e-05 0.9999999998292828 15.919700835033765
0.9999933843784992 0.003634872581212603 0.00013745541248374972 -0.05166011733754271 -0.003635199074472059 0.9999903842979644 0.002452885159824055 -0.28814852349156245 -0.0001285381748500024 -0.002453368661286199 0.9999969822256484 17.25868684411367
0.9999992476168067 -0.0011326119186493445 0.0004711247448259616 -0.05810317744815609 0.0011303169844769992 0.9999876317749318 0.0048434159239930125 -0.30055617672182017 -0.0004766046647197359 -0.004842879853783756 0.9999881596114613 18.619677138699544
0.9999931833627898 -0.0036917595340948805 -6.437796433019015e-05 -0.04592569634477014 0.003691961394876318 0.9999871340267056 0.0034786773779539224 -0.32884427777778524 5.1534703104915217e-05 -0.0034788914118148158 0.999993947311436 19.95794105501392
0.9999890112482189 -0.004685651954615478 0.0001485092527101484 -0.04265729365139505 0.0046855559006159925 0.9999888162018158 0.0006426748007673564 -0.3202321431047464 -0.00015151895420647686 -0.0006419718991112355 0.9999997824569523 21.312924255453964
0.9999969499839967 -0.002436972253908964 0.00040148863029826364 -0.04966652540218851 0.002437210905212688 0.9999968532145861 -0.0005946094668986245 -0.3801783108661704 -0.00040003835425131006 0.0005955861797282006 0.9999997426228397 22.674991788850548
0.9999992181093077 -0.00041980814855034285 0.0011779406820025815 -0.05255045528111057 0.0004190426191950543 0.9999997008973813 0.0006500828136260049 -0.35770301757159156 -0.0011782133387514973 -0.000649588709506584 0.999999094922713 24.041757952920676
0.9999976785562048 0.0006501584962037834 0.002054307142198379 -0.05936868397600606 -0.0006602484692773856 0.9999877046030806 0.004914744609670207 -0.3963050415892819 -0.0020510866900985076 -0.004916089649235698 0.9999858124515012 25.44260386411433
0.9999962191596213 -0.0013924663617677809 0.0023712252508533874 -0.048932172475668424 0.0013779008436735404 0.9999802421409028 0.006133246563602004 -0.40259905008619445 -0.0023797189360849104 -0.00612995617931843 0.9999783800529913 26.79650046375965
0.9999865957832363 -0.004712630136107919 0.0021446165582313112 -0.04925913739132435 0.004700763870628911 0.9999737985699444 0.005504996376821617 -0.4561495765506455 -0.0021705035566742673 -0.005494841353551129 0.9999825476633092 28.183402950783133
0.9999855837185581 -0.004764925011511432 0.0024754503119510745 -0.05124832393692322 0.004757656176657554 0.9999843776683038 0.002934130232057012 -0.4504827442857046 -0.0024893927578438506 -0.0029223106432674896 0.9999926314835847 29.531623998176862
0.999979937823346 -0.005621337823707641 0.002919678534019432 -0.04849312866842037 0.005618484422278821 0.9999837313546014 0.000984708932974274 -0.4926967419735064 -0.0029251666623958516 -0.0009682850216094427 0.9999952528989838 30.920801692804634
0.9999896033478435 -0.0029603393214532193 0.003468370780365689 -0.05532594919637933 0.0029616403990673553 0.999995545882807 -0.00036999525318168663 -0.4983815642960366 -0.0034672603134564333 0.00038026348607473167 0.9999939167321271 32.307684383884364
0.9999901481595015 -0.001847937929720515 0.004035928262078664 -0.045394283307371934 0.0018587399731559411 0.9999946965006765 -0.0026743323733630212 -0.5294451334695401 -0.004030965200013548 0.002681807825009397 0.9999882795419874 33.69270994135234
0.9999888731995187 -0.001562793700366447 0.004450972987346027 -0.05599223646167095 0.001573991466279576 0.9999956027036988 -0.002513388536965858 -0.5399491747898734 -0.004447025885082318 0.002520366418983107 0.999986935768941 35.09261242776918
0.9999926179853496 -0.0010288200945298507 0.003702095371084845 -0.041587254165695295 0.0010324923277376784 0.9999989767884839 -0.0009901414440784341 -0.5851197054485759 -0.00370107321915358 0.0009939565432973427 0.9999926570244395 36.489514059501374
0.9999930364374531 0.00027602110243290113 0.003721678791579569 -0.05310784365678827 -0.00027687851142957007 0.9999999352505756 0.00022986421653511369 -0.6094918809169546 -0.003721615417565713 -0.00023089307047830047 0.9999930481071239 37.883740452038445
0.9999927995925163 0.002063031161191121 0.0031850692197894588 -0.04247379976438864 -0.002064679267702119 0.9999977363459404 0.0005142043139909386 -0.6283358065017746 -0.0031840014591594155 -0.0005207767671472519 0.999994795447617 39.27428535802608
0.9999797561796222 0.005096316296101281 0.003809827526379394 -0.05488469996776016 -0.00509835186922571 0.9999868656742376 0.0005246876530204422 -0.665543124990697 -0.0038071038342496833 -0.0005441008841565559 0.9999926049277037 40.67304261633723
0.9999611337882651 0.007894076286382968 0.003926125353477394 -0.056827083863242873 -0.007898778969194897 0.9999681036887795 0.0011836015197296298 -0.700249788455263 -0.00391665701438257 -0.001214567140791677 0.9999915922746434 42.08945677351589
0.9999552173203647 0.00872272693880611 0.003671154298729748 -0.05262189452278805 -0.008727184079383733 0.9999611977696414 0.001199679990719756 -0.7119705782844425 -0.003660547677686223 -0.0012316651331611135 0.9999925416658942 43.48130136231292
0.9999640643489961 0.007812718631078906 0.0032911131367420405 -0.06250281250464951 -0.00781636053805401 0.9999688522330222 0.0010950288610152789 -0.7406564661489973 -0.003282455750519826 -0.0011207140626895394 0.9999939847220534 44.911455463541884
0.9999679204069956 0.007578520791947688 0.0025930998552042804 -0.05527194684639999 -0.007580663686267577 0.9999709323117582 0.0008173650082574867 -0.7718836779336254 -0.002586830280493508 -0.0008369962256236545 0.9999963038647424 46.30273375592425
0.9999747482552241 0.006935204742007916 0.001551056044826399 -0.048988028209325955 -0.006936460917960963 0.9999756178998825 0.0008056860168993001 -0.8037463027350862 -0.0015454307597249286 -0.0008164245317031747 0.9999984725451875 47.73572456531668
0.9999704396257207 0.007671182207409081 0.0005223243840498768 -0.046115306064833494 -0.007672182108572352 0.9999686883822617 0.001939044273155997 -0.8298755263116552 -0.0005074333090989949 -0.0019429943658335921 0.9999979836399228 49.14286152839121
0.9999723538769976 0.007434987384027467 -0.00011148292434529018 -0.06614127956260452 -0.007434750510723254 0.9999703686117092 0.001996596783533876 -0.8475598181187258 0.00012632430466494185 -0.0019957127827766085 0.9999980005846022 50.56545234299616
0.9999689054193399 0.007823661230105802 -0.000989192149543017 -0.0788687456204531 -0.007821458657114274 0.9999669659581405 0.002211739862084432 -0.8664098007610391 0.0010064634622791828 -0.0022039342137089276 0.9999970648493447 51.99875192842844
0.99995250306349 0.009330967763538738 -0.0028150722642611955 -0.055633039276155795 -0.009321794211059728 0.9999512545333455 0.0032546474434646637 -0.9112532911895241 0.002845304295104354 -0.0032282514064345086 0.9999907412781494 53.42704010819258
0.9999758642331739 0.006136904691790413 -0.003257197201874981 -0.07631199515697792 -0.006123003616072494 0.9999721765148261 0.0042608724857352166 -0.9166996298270872 0.0032832554241520617 -0.004240825907021285 0.9999856177147421 54.871563980294866
0.9999851316409246 0.004191018100127038 -0.003488817857077488 -0.08169752585308122 -0.004172968468643706 0.9999779546027309 0.005164944274765996 -0.9351358350006451 0.0035103876202051687 -0.005150308861185554 0.999980575563873 56.26152913485935
0.9999897374828566 0.002609151480137681 -0.003703680062401296 -0.10827176961669388 -0.0025917602906992913 0.9999856303189969 0.004692753741725571 -0.9597100106731935 0.0037158712647223455 -0.004683106628668054 0.999982130250835 57.68501408509064
0.9999904359976058 0.0014460532494607733 -0.004127569874644703 -0.09895302665507844 -0.0014266040872653466 0.9999878851175558 0.004711095442189475 -0.9873573962663639 0.004134332717602651 -0.0047051620744156175 0.9999803841834659 59.147765949726235
0.9999923320927679 0.0006239653800611412 -0.0038660593177549953 -0.09236129963268543 -0.0006051116328383253 0.9999879291779847 0.004875996115042459 -1.0028533989818145 0.003869055434892484 -0.004873619428573016 0.9999806389386015 60.54196622327925
0.9999947036688348 -0.0006766935964618061 -0.0031835067764765636 -0.11111234475577206 0.0006960181998834792 0.9999813167999848 0.006073022887442767 -1.0315269713799322 0.003179337996339952 -0.00607520662316704 0.9999764915645233 62.00898723942976
0.9999921574798081 -0.003065631166290555 -0.0025073660362080856 -0.1259093023320178 0.003080331266731051 0.9999779684120647 0.005879986727937039 -1.051600101629974 0.0024892851397363084 -0.005887664247743158 0.9999795692288099 63.39556778326686
0.9999904091672468 -0.003881051786585781 -0.0020295350294541126 -0.13701139150380542 0.003891259195967561 0.9999796787142604 0.005049777607744474 -1.0793408318661064 0.002009895512513237 -0.0050576267213673365 0.9999851902586354 64.804154878024
0.9999849618484672 -0.005105601587105008 -0.002002226902051312 -0.10994399181109259 0.005114488506500595 0.9999769810251536 0.004458634269386151 -1.0856950851287477 0.0019794169738994445 -0.004468807672027407 0.9999880557640713 66.27357150783531
0.99999249327388 -0.0036910281733968445 -0.0011788596665031127 -0.11158026914502209 0.0036955713010416343 0.9999856635288661 0.003874981750274044 -1.106755350979343 0.00116454020082273 -0.003879309296380676 0.9999917973704731 67.62558056288773
0.9999993499315603 0.0008703077420912321 -0.00073668056287406 -0.12337632534148968 -0.0008664548165501981 0.9999860293000061 0.005214447340744058 -1.12994448836716 0.0007412085116344671 -0.005213805754606051 0.9999861333248193 69.10002723768768
0.9999914540167877 0.004109424731039309 -0.00045223144391279193 -0.11962064491211616 -0.0041065892164586035 0.9999729478900247 0.0061024109432524735 -1.152325032465883 0.0004772966535617322 -0.006100501787153822 0.9999812778588216 70.46741845174084
0.9999620750418401 0.008671011989271263 0.0008136407711423694 -0.14165530715021604 -0.00867705295553192 0.9999323990394167 0.0077399043892106495 -1.1873354206591786 -0.0007464730218493258 -0.007746671016436131 0.9999697154750811 71.90050090871443
0.9999437982117774 0.010509401152327607 0.001397455880025556 -0.13389158572457802 -0.010518429686466386 0.9999227799722612 0.0066179114453564294 -1.1834505437510487 -0.0013277977897714016 -0.006632238686001066 0.9999771249198183 73.27340678124443
0.9999116006947643 0.013039007496946314 0.002602892756314349 -0.16099697404917993 -0.013055220082032394 0.9998948564177113 0.00631168507923791 -1.203678001237178 -0.002520321178435053 -0.006345108601442739 0.9999766935165518 74.6737241924271
0.9998616180981903 0.016326550251918145 0.0031919227933354306 -0.16015182585159787 -0.016345826275834346 0.9998477364560313 0.006108838621935495 -1.2304829391789076 -0.003091700776393903 -0.006160168016102036 0.9999762465748603 76.14833163833178
0.999863288470935 0.016242299260091894 0.003097102392973206 -0.1269426053578242 -0.016262455704014786 0.9998459899139344 0.006597653309028397 -1.245569279105101 -0.002989464596746247 -0.006647117965256174 0.9999734391083069 77.52220502077995
0.9998854389222402 0.014634923427845718 0.003863678880577393 -0.1659226221495054 -0.014662742762248035 0.9998660476766045 0.007272600212983847 -1.285021757767291 -0.003756727697014858 -0.00732841933820189 0.9999660900572869 78.9015306717434
0.9998935422125124 0.014212977973763068 0.003300828189972238 -0.16017799499500943 -0.014231541156747953 0.9998826513576027 0.0056698135026257025 -1.2891620151859757 -0.003219856176185521 -0.005716185899993455 0.9999784786395624 80.31764448992705
0.9999084847265834 0.013240130618282404 0.002778683805268559 -0.14287899558414452 -0.013255451083632783 0.9998966330255945 0.005569229042584952 -1.3103492027474053 -0.0027046594860077895 -0.005605552198748862 0.9999806311121434 81.69095686626794
0.9999110475974731 0.013088101917109792 0.0025687451611987153 -0.14522714419047544 -0.013102303205297944 0.9998985274601876 0.0055914635496278784 -1.3278165703447395 -0.002495303066427178 -0.005624622772325247 0.9999810683604675 83.0747559605866
0.9999047823520038 0.013630167684849136 0.0021551629076891417 -0.15244853707255254 -0.013641516969590447 0.9998926818295714 0.00534171052173754 -1.352288787539141 -0.0020821233818606837 -0.0053706017026025725 0.9999834105614096 84.47289642218806
0.9999093605658085 0.013423801830017658 0.001035454139647501 -0.11883162939287686 -0.013428963578144324 0.9998965670594079 0.005149577870346099 -1.358681022604809 -0.0009662202050413566 -0.005163016302708054 0.9999862047453392 85.85956345883324
0.9999139124809089 0.013112101083093741 -0.0004903050675132709 -0.11161210196859928 -0.013109266596890814 0.9998995047772126 0.005396990516406112 -1.371826700949609 0.0005610217303581666 -0.005390098479776042 0.9999853159397831 87.2042095517254
0.9999275185216265 0.01194447039114212 -0.001512381918589435 -0.12274083747396568 -0.01193479615329253 0.9999092305888442 0.006252299651148732 -1.3860809865136139 0.0015869251870471537 -0.006233796638629159 0.9999793105120656 88.59988857931144
0.999951136721582 0.009609676707538144 -0.002319106976221086 -0.13304136248189594 -0.009593673225603684 0.9999307483519367 0.006816153902010096 -1.4074367956295295 0.0023844476160309078 -0.0067935722310784215 0.9999740805600377 89.97781984572084
0.9999682783992374 0.00728638305840706 -0.003217265313121648 -0.1448706373846517 -0.007262378213910018 0.9999461654060237 0.007411083965070058 -1.433997171293899 0.0032710923915512257 -0.007387484029951224 0.9999673619885294 91.3643357331339
0.9999811565873488 0.004693215604579222 -0.003957294665739502 -0.1513646925491315 -0.004663918179121218 0.9999618874668279 0.007380480192615709 -1.4586316536797257 0.003991782371025501 -0.007361884772591828 0.9999649335530055 92.72074846157197
0.9999863944227053 0.0035495023703118397 -0.003822563108886884 -0.17921861158233163 -0.0035236712256279884 0.9999710556171207 0.006743268774897929 -1.4722068975682263 0.0038463880459332052 -0.006729707711685891 0.9999699577197801 94.0913695990371
0.9999825316659154 0.004003807908449912 -0.004348088022417725 -0.18842137637693623 -0.003976958554971383 0.9999730803666151 0.00616622644997104 -1.4939151934730537 0.004372659733959334 -0.0061488266982233815 0.9999715354883942 95.46747655129033
0.9999829942067847 0.00413061696914517 -0.004116950950116414 -0.19713889261800482 -0.004109893662503057 0.9999789060804402 0.005029530278493739 -1.4952425708754638 0.004137639524061355 -0.0050125246220475315 0.9999788770494457 96.8241202742278
0.9999785191364965 0.005235928071262197 -0.0039428803134084 -0.21604816348284325 -0.005217764789900799 0.9999757935173531 0.004602968511358833 -1.5261277724753215 0.003966886020796784 -0.00458229671110289 0.9999816330216349 98.16456118874456
0.9999637126828302 0.007754387262200315 -0.003527431472454322 -0.2406762086924971 -0.007738937166754199 0.9999604925789051 0.004372887871700329 -1.535845715992459 0.0035612014827242876 -0.004345430715288984 0.9999842174171586 99.49603805069877
0.999966428567775 0.007394786054124246 -0.0035297102700816664 -0.24204858086579584 -0.007373281851870824 0.9999544115017293 0.006067095422960991 -1.5612796170228607 0.003574414535005177 -0.006040866320836236 0.9999753654480439 100.85587159950997
0.9999714211835191 0.006746613802484324 -0.0034117441696683605 -0.2726359016030452 -0.006720155410446847 0.9999477109118202 0.007708110341808399 -1.5890933259480735 0.0034635697147936033 -0.0076849627615492465 0.9999644718892503 102.18680865826434
0.9999726564803384 0.006573982826452296 -0.0033865944252800834 -0.2762479171915527 -0.006551689601982896 0.999957069323676 0.006552471641375596 -1.6104739355634166 0.0034295251672260526 -0.006530104694787022 0.9999727976789201 103.54045377133068
0.9999675531018751 0.007337300288723395 -0.0033251686377759374 -0.28926043110514454 -0.007323999977401373 0.999965200058365 0.003994710385145419 -1.6236860610142927 0.0033543635979849423 -0.003970227320756829 0.9999864926821911 104.86911127224414
0.9999758056858332 0.005970094743471701 -0.0035701530998144375 -0.30640434671525724 -0.005960709664903884 0.99997876641593 0.0026337556933063713 -1.6450669597477776 0.003585801368451872 -0.002612411384285562 0.9999901586227662 106.20176694367737
0.9999815459530879 0.005131293137395129 -0.0032523173402262107 -0.32050125990255984 -0.0051197922480167865 0.9999806461697661 0.0035348299129040212 -1.6642270288332837 0.0032703929227992866 -0.003518113567811464 0.9999884636403081 107.5475652639692
0.9999957722803615 0.0012721491689387755 -0.0026147755427560013 -0.3323163286894773 -0.0012572069130341946 0.999982917241598 0.005708297161593443 -1.6829726330044914 0.0026219929067924116 -0.005704985830175576 0.9999802889536906 108.8945893476779
0.9999981241533236 -0.00033148840993418513 -0.0019083507462736577 -0.34889961693638794 0.0003450307172774298 0.9999747324869181 0.0071003759772177415 -1.7222184583991533 0.001905949001504081 -0.007101021238883333 0.999972971065203 110.26265071845383
0.9999990508600618 0.00030697498955379893 -0.0013431465356507487 -0.3552219546117065 -0.00029947130004127995 0.9999843684161086 0.005583300054512308 -1.7305026687509903 0.0013448395917796045 -0.005582892632706069 0.9999835112240185 111.55001157308558
0.9999997247265833 0.00048196168516188766 -0.0005641435999732033 -0.36951101318081225 -0.00047998858454139596 0.999993786041013 0.0034924905726850734 -1.759123913822099 0.0005658233916712475 -0.0034922188984669628 0.9999937421067512 112.88691813753138
0.9999926505035276 0.003811451280855989 0.00041445330066664 -0.37628293156159076 -0.003812040423125802 0.9999917123851103 0.0014295159358583196 -1.7881050003592776 -0.00040900136914460766 -0.0014310853731635282 0.9999988923554644 114.24073768078597
0.9999781442997135 0.006370334337404658 0.00176911073048393 -0.39734356586031383 -0.00637138234956252 0.9999795301628859 0.0005871584773746364 -1.7995827736282137 -0.0017653342703784025 -0.0005984173407340613 0.9999982627431143 115.5150373859958
0.9999582951097706 0.00853949818596691 0.003238054560689268 -0.4089097586528885 -0.008546535409477383 0.9999611328327734 0.00216554254621253 -1.809398952654271 -0.0032194363308708225 -0.0021931264276050175 0.9999924126824712 116.91162713004793
0.9999516749526455 0.008812706028727116 0.004357058358286972 -0.4110967665447259 -0.008831954760384153 0.9999512361075263 0.00441837080005479 -1.8262534994605033 -0.004317908450020474 -0.004456638715459435 0.9999807468316095 118.1973813529013
0.9999514611136139 0.008285182209389298 0.005332087802122892 -0.41518397401113105 -0.008313627003415562 0.9999512112499118 0.005334673611456457 -1.8606382786883107 -0.005287629356341406 -0.005378743769531206 0.9999715546388149 119.569299773336
0.999945399529224 0.008386667157582716 0.0062339203055591 -0.41578833244716473 -0.008415543899597984 0.9999539142033826 0.004620401215070739 -1.8752607887839523 -0.006194883763515165 -0.004672610862463533 0.9999698946056608 120.88042967355759
0.9999148614324552 0.010605842732900866 0.007601708270865816 -0.411071362554179 -0.010637169894327725 0.9999350490893909 0.0040924617199998 -1.8920767197732036 -0.007557811163580425 -0.004172974040254911 0.9999627321916479 122.19928363395199
0.9998893912610908 0.012027586039292743 0.00874885109932853 -0.4203531496839956 -0.012064227478750862 0.9999186234332856 0.00414740336980772 -1.9165338490349986 -0.0086982566293714 -0.004252492846538836 0.9999531272165441 123.58743333266952
0.9998661043665419 0.013115250655511604 0.009785883378759573 -0.42189352064436614 -0.013149414843660898 0.9999076427701035 0.0034349455659769663 -1.9408315259921674 -0.009739930230622314 -0.0035631643542700297 0.9999462173600467 124.93647930140746
0.9998390515065694 0.014302837075478695 0.010830508028412395 -0.42307011455855004 -0.014330454304251552 0.9998942467902355 0.002476560384667641 -1.956163849474577 -0.010793941738660853 -0.002631367940430893 0.9999382814545451 126.25659631930573
0.9998389669987772 0.013751385185534742 0.011529937036400435 -0.4238398439460638 -0.013772635239295214 0.9999035939925804 0.0017655802596306849 -1.98746497983566 -0.011504547278498636 -0.0019240935991684035 0.9999319693107152 127.61098417918838
0.9998347137338938 0.013029804828483815 0.012679486282725186 -0.42710197401380023 -0.013064412997168977 0.9999111443111476 0.002650401324580317 -2.017270229877763 -0.012643826493294463 -0.002815613350212992 0.9999160994641997 128.95767220170546
0.9998283357560868 0.012699835242707146 0.013491225969315766 -0.411168394403623 -0.012753496028080128 0.9999110697801226 0.0038988332388223664 -2.039460577859912 -0.013440512785176544 -0.004070224324383695 0.9999013880805926 130.33069148665513
0.9998434196077269 0.011145598818652862 0.0137445215621222 -0.40514800938182666 -0.011204352175576165 0.9999283874674463 0.004205051064800646 -2.0736462674083724 -0.013696670624592063 -0.004358391179609807 0.999896697482233 131.67401401497142
0.999855898167214 0.010248421935142013 0.013533393137473024 -0.3970754522802507 -0.010310255419315698 0.9999366904960845 0.0045070672851366695 -2.0974293995254145 -0.013486347154426865 -0.004645950636856844 0.9998982616140422 133.06761555179327
0.9998773358451383 0.008245964783618828 0.013316054805323321 -0.39277043725750327 -0.008310623269765161 0.9999539090876672 0.0048076249848940066 -2.11231805520161 -0.01327579866834423 -0.004917700068997268 0.9998997796736189 134.38046001809855
0.9999025260599403 0.006225999114817911 0.012497011933017872 -0.3847211739493237 -0.006284251342322688 0.9999695471461258 0.004627415815879673 -2.15393261120231 -0.012467822126785752 -0.004705499214803533 0.9999112018992377 135.7503129576284
0.9999124429014936 0.006808729372942593 0.0113467055787616 -0.391273246234624 -0.006854603181466981 0.9999684710561525 0.004008905354936101 -2.1960131684127635 -0.011319053231151979 -0.004086331587513605 0.9999275878394444 137.12405409063535
0.9999317260854599 0.0054845696242912575 0.010318074418614431 -0.3866704064920075 -0.005544084339657916 0.999968109941658 0.00574823782393966 -2.2161495051514346 -0.010286219628976672 -0.0058050497542827565 0.9999302451059466 138.48761153190276
0.9999570286625944 0.002034960082202706 0.009044322478335847 -0.36881623505268846 -0.0020885959027912198 0.9999802668706897 0.005924832364646731 -2.223655338571648 -0.00903208796679537 -0.0059434678128968705 0.9999415465774955 139.81918770134925
0.9999716244685074 0.0004053621164574212 0.007522363021952439 -0.39378509390650257 -0.0004455087862689361 0.9999856638662741 0.005336064401846165 -2.2744354447995345 -0.007520092773194997 -0.005339264366426287 0.9999574693231661 141.21741621025882
0.9999793524285295 0.0014494760424423967 0.0062604903640516765 -0.3990445884427659 -0.0014802106694542603 0.9999868628936928 0.004907445140501533 -2.3070398693840137 -0.006253295419724592 -0.004916610751234518 0.999968361114458 142.53049740560309
0.999986349067471 0.0007327975412951227 0.0051734602448505395 -0.390533319396502 -0.000755822587875158 0.999989812849682 0.0044500482406314495 -2.3093025103491454 -0.005170146990976939 -0.004453897795571261 0.9999767159138336 143.89672384135986
0.9999912645266112 -6.261740569571926e-05 0.0041793485801707095 -0.39339278546684064 5.231703409960993e-05 0.9999969613698897 0.0024646527904707677 -2.350696518605032 -0.004179490562033805 -0.0024644126545627556 0.9999882291929351 145.2541085740543
0.9999808287457822 -0.00541588863504972 0.0030017164992303404 -0.4007907077151281 0.005411975107886498 0.9999844964696047 0.0013104727209976815 -2.384936084364672 -0.0030087675891792825 -0.0012942024015313001 0.9999946361626634 146.5722234071355
0.9999036823755619 -0.013758879859187098 0.0018218697670059816 -0.4118714536082313 0.013752214947845183 0.9998988733647369 0.0036221012080742436 -2.4106845960109546 -0.0018715217370417444 -0.00359669765008646 0.9999917805515012 147.9549346235119
0.9997877146311661 -0.020603728593357594 0.00010975803489629132 -0.40588704944179854 0.020602846462950145 0.9997733843906242 0.005357478380957967 -2.4510779973311374 -0.000220117205220049 -0.00535407982833043 0.9999856425862129 149.28576140052309
0.99974567928646 -0.022541543381120407 -0.0006749612799709301 -0.3892538124781512 0.022543104435688938 0.9997429916518977 0.0023998085779230655 -2.4916023878321956 0.0006206924762548656 -0.002414414010368948 0.9999968926688036 150.61472895418382
0.9997758169531774 -0.02116737067288516 -0.0005081919036471207 -0.416920776082131 0.021167092255195676 0.9997758008468196 -0.0005497646784237104 -2.5296838556184893 0.0005197150852663968 0.0005388845119843715 0.9999997197501928 152.00257734594828
0.9998223090631891 -0.01885068294545224 4.5384580188500634e-05 -0.4300232959619388 0.01885071708886646 0.9998146061247883 -0.0039247722526295995 -2.546926735365863 2.8608471829217903e-05 0.003924930479808486 0.9999922970213825 153.31539972331632
0.9998153675869612 -0.01919576469825996 0.000867964990523294 -0.4481758790944287 0.019198779431044852 0.9998091756618709 -0.0036082022472284144 -2.581796574330508 -0.0007985372293561135 0.003624200011313184 0.9999931137318778 154.7004588944676
0.9998070650214032 -0.019587856212142703 0.0014658210591702362 -0.45197687118731483 0.01958779866296335 0.9998081391793029 5.447331231900555e-05 -2.6364758586450554 -0.0014666069633971377 -2.5750579058980286e-05 0.9999989241988524 156.0140749560707
0.999633598859328 -0.026999817238919456 0.0019177851634624096 -0.4477950891476327 0.026993423327039995 0.9996302102992843 0.003285994046580423 -2.648411529133134 -0.002005797389743543 -0.0032330225092883913 0.9999927621439002 157.36091371444223
0.9995039137850807 -0.031456305856160334 0.0015579279274521819 -0.4336769105249527 0.0314516847216648 0.9995010428373025 0.002908076311085363 -2.6528691576401924 -0.001648628060545301 -0.0028576342274535247 0.9999945579603845 158.69804209906926
0.9994366798094085 -0.033523681316217135 0.0015766503957913031 -0.43422821707499953 0.03351739497747147 0.9994306848458276 0.0038588133129786157 -2.71462448800165 -0.0017051145509032607 -0.0038037943994261103 0.9999913118277372 160.07199245758505
0.9994316101822163 -0.033592374170832606 0.0028300090697914605 -0.4415179270466521 0.033580354781165125 0.9994272235285111 0.004193406802781555 -2.7208384771693144 -0.002969254842451012 -0.004095990657088805 0.99998720310976 161.44748393809445
0.9994937315304557 -0.03157069120488237 0.0039461474480144984 -0.44257093829754507 0.031555199685989015 0.9994942893737571 0.003928726838566877 -2.736462975044245 -0.004068184799359193 -0.0038022164248225684 0.9999844963891389 162.7739715046313
0.9996171291432766 -0.02723131298738819 0.004904153146064335 -0.45083082301439914 0.027221139094955306 0.9996271671619615 0.0021298501273842043 -2.768012099041342 -0.004960323747606254 -0.0019955380493796916 0.9999857064033608 164.11974670702512
0.9996334172011753 -0.02648278908632718 0.005629662557244255 -0.4552707290372303 0.026476530814610273 0.9996487344961277 0.0011836124881999454 -2.7753003849892064 -0.00565903088621011 -0.001034124657572799 0.9999834528380026 165.47533900665204
0.9997201821764856 -0.022924864965890926 0.005831631386356485 -0.4551673886451385 0.022910577043186366 0.9997343788081893 0.0025054510397963313 -2.815923561626656 -0.00588752000211033 -0.0023711439541832724 0.9999798571865818 166.82225046581019
0.9997374193222319 -0.02215083516596966 0.0058679569452473514 -0.44093660295476744 0.02213618724418462 0.9997517130360312 0.002549802180411316 -2.8400692827775567 -0.005922980752727078 -0.0024192384838646846 0.99997953257978 168.1554783412695
0.999812467470345 -0.018590365022257062 0.0054247795242624835 -0.4457548588999112 0.01858928446425643 0.9998271731206866 0.00024976933030359594 -2.8798460867698292 -0.005428485736809645 -0.00014887970499146897 0.9999852545771043 169.5494438639846
0.9998679462705191 -0.01554771390312873 0.004728491107867392 -0.4627543359263979 0.015562534736969575 0.999874048325197 -0.003113677707488088 -2.896343561906925 -0.0046794853732178895 0.003186853920369744 0.9999839730581741 170.97862183450027
0.9999291601149769 -0.010838415388632389 0.0049197072210638675 -0.45857084564092854 0.010858478835375692 0.9999327627733511 -0.00406981080141059 -2.924609120620571 -0.004875266548157716 0.004122943126741254 0.9999796163474597 172.27871707971323
0.9999587995596187 -0.007204608780037964 0.005522029505349566 -0.4521588614407872 0.007223848355554821 0.999967879837106 -0.003472074428462644 -2.948905491155869 -0.005496837665831562 0.003511821760433618 0.9999787257124702 173.62832223782732
0.9999762432955532 -0.0033712595733189736 0.0060122761335321215 -0.4718057668829006 0.0033782215238384074 0.999993634674026 -0.0011481402922532847 -2.9922126427934828 -0.006008367692956974 0.0011684238473656672 0.9999812669730921 175.05164040494626
0.9999790075608865 -0.0019254948170870229 0.006186834116681064 -0.45933268372160707 0.0019172707450257898 0.9999972709690204 0.0013349622870545592 -3.018130595775332 -0.006189388217429898 -0.0013230724464490706 0.9999799702727828 176.391926538478
0.9999758648610936 -0.002450280357131851 0.006501217690789691 -0.4651272804050171 0.002435879492436047 0.9999945643170541 0.002222121390449683 -3.0488372777536137 -0.006506627720527727 -0.0022062316127044158 0.9999763978873515 177.79526449888746
0.9999650779422747 -0.007002445624740098 0.004561651523498416 -0.4086417059703856 0.006991579953818496 0.9999726937067976 0.0023936670399792147 -3.049400664609268 -0.004578288869487122 -0.0023616903343148927 0.9999867307544459 179.20607210133676
0.9999693853832906 -0.007559368682930201 0.0020209533965039675 -0.43704840298942726 0.007561695445206389 0.9999707533771643 -0.0011459248729905128 -3.0811611053487717 -0.0020122319923068788 0.0011611716553425182 0.9999973012963237 180.49599966725663
0.9999786871644433 -0.006447208018298399 0.0010289484589677458 -0.4489058866515331 0.00645222050767329 0.9999669601280295 -0.004944440834076056 -3.114206702783527 -0.0009970367118950518 0.004950974559697768 0.9999872468022201 181.9602416434968
0.9999987373682567 -0.0014379406680387011 0.0006764552690347336 -0.4398900321830263 0.0014421216584570764 0.9999796079017413 -0.00622125900870738 -3.137695665474375 -0.0006674957347461068 0.006222226808624457 0.9999804189792574 183.33336783628772
0.999999682151051 0.0005500435434559114 0.0005771913356430482 -0.44244101293472415 -0.0005468435874591724 0.9999845617361837 -0.005529670192845483 -3.150208755224963 -0.0005802240377795797 0.005529352910897458 0.9999845446782935 184.65854011299794
0.9999900880541267 0.004268721043288019 0.0012656254691920084 -0.4396209066425605 -0.004266522577559696 0.9999893933703259 -0.001734917938241732 -3.1983617837431817 -0.0012730180351526684 0.00172950095404497 0.9999976941221157 186.1078670716748
0.9999790420500626 0.006245105660638919 0.0017070751599970646 -0.44095389042935546 -0.0062464329552581604 0.9999801920326944 0.0007730654316226141 -3.2349389545789347 -0.0017022136146251925 -0.0007837123791365439 0.9999982441291939 187.46602392989703
0.9999909086252461 0.0036119129637020185 0.0022664394782625883 -0.43676509783713346 -0.0036133438152451966 0.9999932750127029 0.0006274412100620168 -3.24158544658261 -0.002264158164506802 -0.0006356249442813017 0.9999972347790739 188.94361463436218
0.9999884465663202 0.004421046149207275 0.0018870821259007445 -0.4264638927204913 -0.004422739896792623 0.9999898198690454 0.0008941691124488003 -3.262536672368044 -0.0018831099109412745 -0.000902504874772994 0.9999978196874059 190.32725921753212
0.9999976700539615 0.0005421433647622743 0.002089490164959697 -0.4129171810753554 -0.0005456545714195493 0.9999984396051856 0.0016801931156173468 -3.2806099617489077 -0.002088576174152008 -0.001681329372572211 0.9999964054828162 191.67974963421946
0.9999947591826537 -0.002070706164442512 0.0024887325262975208 -0.4174270275667526 0.002065937429873677 0.9999960280566459 0.0019172297871255962 -3.3014570396914547 -0.002492692869688572 -0.0019120782076679254 0.999995065205932 193.15709941476112
0.9999783827910085 -0.005926062699974567 0.0028488142450137826 -0.40855832728642083 0.005917931957560397 0.999978415514524 0.0028542211766070373 -3.327032072591909 -0.002865667287929239 -0.0028373004365036467 0.9999918688039731 194.5200592232453
0.9999320391164398 -0.011275661233175341 0.0029625371058629073 -0.38920045635979 0.011263301758154124 0.9999279292333269 0.004156243702674248 -3.333163766700446 -0.003009188239679236 -0.004122593361464079 0.9999869744187388 195.98246391844776
0.9999002802962152 -0.013690145338143452 0.003465457920968803 -0.38470837879481135 0.01367285615869806 0.9998941966336018 0.004964728765847329 -3.3779458037438177 -0.0035330594158085264 -0.004916851060446798 0.999981670863807 197.36832479220405
0.9999358027400271 -0.01071749946165221 0.003677719189816503 -0.4070988714803536 0.01071293866275118 0.9999418237802922 0.0012577718285461928 -3.4107213704354016 -0.0036909857130717916 -0.0012182919157483043 0.9999924461639499 198.8037183676951
0.9999778196700263 -0.005066597537937803 0.004323166547156491 -0.41986239706048034 0.005082614321489395 0.9999802313260442 -0.003701889027659895 -3.4535008132443235 -0.004304325468485695 0.0037237799875222276 0.999983802988647 200.24065703609716
0.9999678314775811 0.005359162785567924 0.005967862247298211 -0.4377820839601689 -0.0053263172097305165 0.9999706558481797 -0.005506160026755249 -3.471125517461917 -0.005997196044975329 0.005474196283001647 0.999967032860791 201.66398956463195
0.9999265410315937 0.009789382050227302 0.007147064022584748 -0.45862247520256005 -0.009777876855515413 0.9999508455752095 -0.001643039842123169 -3.5041767307919334 -0.00716279766472076 0.0015730360635563046 0.9999731095786425 203.08884734268815
0.9998681986771671 0.014211524009626586 0.007849702541059225 -0.44630016210379025 -0.014223493618338077 0.9998977589665943 0.0014710128665447644 -3.5441313756867046 -0.007827995305812996 -0.001582469214806742 0.999968108628526 204.55685772913372
0.9998950488145393 0.012220725185248025 0.0077810802165243454 -0.4613119365678535 -0.012231370326689476 0.999924320281465 0.0013218619227892516 -3.5870493788077233 -0.0077643378910378785 -0.0014168964964510098 0.9999688532423653 205.9720284464411
0.9999279401554478 0.009918299484629987 0.006763269607328527 -0.45828731164473285 -0.009926477719296735 0.9999500390622463 0.0011766230641853269 -3.6118493172835877 -0.006751262178262653 -0.001243673748590802 0.999976436586536 207.42274831681556
0.9999588557186836 0.007741106151457073 0.004728861828975432 -0.41071068220329127 -0.007743467934674077 0.999969903116807 0.00048122896856811205 -3.642032086179752 -0.004724994659823221 -0.0005178269709773788 0.9999887030738975 208.86394949900426
0.9999584025776234 0.008338491255898948 0.0036963041552054493 -0.39569281807493595 -0.008337489847118369 0.9999652015242494 -0.00028639436134510047 -3.6644027932608045 -0.00369856393963559 0.00025556455137285623 0.9999931276298882 210.35612739066454
0.9999485360790414 0.009297859844318662 0.004058938257894504 -0.40842137380050764 -0.009296105456817099 0.9999566885703355 -0.00045102946271735465 -3.696819288539883 -0.004062956412489217 0.00041327393721543186 0.9999916607577123 211.82732716643423
0.9999451500876939 0.00983328427455048 0.0036060114565022545 -0.40648094954433167 -0.009833800251214714 0.999951639189512 0.00012520813778751298 -3.721871132536542 -0.003604606164767825 -0.0001606620742636092 0.9999934904776604 213.24213259106256
0.999951134525449 0.00939055426980158 0.00308966579045981 -0.41628022939408854 -0.009390951356709143 0.9999558975743736 0.00011384122616518841 -3.7605380665144374 -0.0030884607579756314 -0.00014285057190080945 0.9999952204885564 214.69663802704477
0.9999483774636222 0.009691210253618122 0.003053331576322327 -0.4196136219325889 -0.009689749481851494 0.9999529317290311 -0.0004930551862515032 -3.7986941201966253 -0.003057966422179365 0.0004634437196327858 0.9999952170172274 216.17322095007438
0.999957733764109 0.008816387559269225 0.002608060540452703 -0.4266558235073081 -0.008813913789430998 0.9999606971406085 -0.0009587060460787968 -3.8253510013422853 -0.0026164105827086457 0.0009356783182403825 0.9999961394416554 217.6229996555421
0.9999612558440113 0.008572596844667504 0.001999344446158756 -0.41259819599626874 -0.008570515075245822 0.9999627235530524 -0.0010477569126038123 -3.853061533958796 -0.0020082520864077528 0.0010305809218110872 0.999997452408591 219.10660482631334
0.9999340012595523 0.011297262397156326 0.002089249521450412 -0.4198930705999133 -0.011293858114091716 0.9999348865499034 -0.0016344589842650365 -3.8945139567093197 -0.002107578575361619 0.0016107554491795082 0.9999964817820204 220.61318204547064
0.9999630063110005 0.008401406761235668 0.0018445482335166963 -0.43629733666956644 -0.008398603070923804 0.9999635716163392 -0.0015228017499962475 -3.9144972949825996 -0.00185727487524669 0.0015072538122676937 0.9999971393525465 222.0797342729537
0.9999519831340347 0.009717022878821618 0.0012692015432800166 -0.43377198947618295 -0.009714726057595078 0.9999511837534641 -0.001803948392637627 -3.9468250144943844 -0.0012866687042409934 0.0017915318562994437 0.9999975674446655 223.57482859792333
0.9999603326037128 0.008865483359327084 0.0008581407850813212 -0.4424187195485948 -0.008863853341883679 0.9999589373679236 -0.001885656827939971 -3.976177518310585 -0.0008748228828192122 0.0018779756257135884 0.9999978539432054 225.08443968760386
0.9999511627600001 0.009876008409645181 0.0003695009845185223 -0.44805015626696365 -0.009875391364696206 0.9999498959887658 -0.0016377362530396139 -4.006748075779367 -0.0003856568025963072 0.00163400732864442 0.9999985906430745 226.49500323209728
0.999950521927113 0.009935930607196587 0.000480581743172611 -0.45238947565798854 -0.009935188145174289 0.9999494824035017 -0.0015246967688237612 -4.062442415226775 -0.000495706790392196 0.0015198466824769337 0.9999987221691553 228.0404842028862
0.9999621421224282 0.00867324432081074 0.0006993832390442916 -0.4525105985174471 -0.008671736750883004 0.9999601284382011 -0.0021313223105615124 -4.0855714978571545 -0.0007178408956194807 0.0021251767917131446 0.9999974841602361 229.55554860934615
0.9999705165620737 0.007651360766499724 0.0006501305357291258 -0.46372788759338895 -0.007650388529421867 0.9999696315924387 -0.0014857538991961826 -4.116429495708138 -0.0006614788889934148 0.0014807363667332463 0.9999986849313157 231.05038512265568
0.9999884250863247 0.004688397342404429 0.0010810255467280192 -0.4586815657601098 -0.0046877816654779915 0.999988848905863 -0.0005716433430931341 -4.140492124819226 -0.0010836936755911333 0.000566569123091445 0.9999992523026288 232.5274854384649
0.9999869362193482 0.004990400631305087 0.0011060217148791654 -0.4522525729889555 -0.004989426967420881 0.9999871640877986 -0.0008816393945711982 -4.16305129865186 -0.001110407346751817 0.0008761094768066312 0.9999989997125053 234.05429138655865
0.9999847930052518 0.005374913014543585 0.001234528035615328 -0.45238891123787084 -0.005374031919845498 0.9999853033142909 -0.00071620322515717 -4.198542230592643 -0.0012383595277615752 0.0007095579516659584 0.9999989814951524 235.48956717965456
0.9999800323471256 0.006126556135272849 0.0015492600582670015 -0.46995501740658363 -0.006124938338796682 0.9999806941850333 -0.0010470912536475643 -4.2318318305845395 -0.0015556453445917946 0.0010375812403897264 0.9999982516936905 237.0615880929904
0.9999656801895981 0.00809514198629162 0.001762697985946128 -0.47343117880371904 -0.008094361182587759 0.9999671389038485 -0.0004499410825965475 -4.265182691049814 -0.0017662825488484759 0.0004356577303739496 0.9999983452215332 238.53198896578917
0.9999530215658297 0.009357208548163957 0.002529286852225127 -0.4682372942698423 -0.009360175489446565 0.9999555156971025 0.0011635129815731444 -4.289717116009921 -0.002518287317494259 -0.0011871329188705162 0.9999961244631314 240.01871731791266
0.9999704510804651 0.006837090702441029 0.0035144198434209797 -0.46597397852135847 -0.006844790931965033 0.9999741900946203 0.002183574012749244 -4.311346126652207 -0.003499400137373916 -0.002207565005470152 0.9999914403891081 241.58892992304916
0.9999548946564188 0.008738368772119181 0.0037214982503209655 -0.47829378257323263 -0.008741092535002326 0.9999615395125218 0.0007161117943442379 -4.3485337367937 -0.0037150977846508084 -0.0007486094728745655 0.9999928187881616 243.0379338189201
0.999960782124975 0.0076137393191784974 0.004523845115969592 -0.46508869652396456 -0.007611647931726034 0.9999709160570271 -0.00047944972707048087 -4.376960964897626 -0.004527364333407517 0.0004449970143750207 0.9999896524187621 244.5910664177197
0.9999517761283201 0.008710704050993985 0.004535310227759985 -0.477349988648215 -0.008707895616367015 0.9999618815648809 -0.000638741206607401 -4.399153204561515 -0.004540701619219845 0.0005992174048167038 0.9999895114260084 246.08864299348153
0.9999569962746342 0.007919722809763044 0.004825306258653753 -0.468892188975807 -0.007922681989578635 0.9999684384394751 0.000594349960783296 -4.4369571553578915 -0.0048204472848797884 -0.0006325537831199599 0.9999881815093394 247.61762321174442
0.9999497453192002 0.00894972583307854 0.004517657469462608 -0.4737314570762701 -0.008955923622363141 0.9999589790202312 0.0013534136182626066 -4.478667501357951 -0.004505359850084529 -0.0013938054288008983 0.9999888794552072 249.18007984568897
0.9999623180972893 0.007613782898201235 0.004170453720934949 -0.47533595593044925 -0.007618934361779933 0.9999702305297267 0.0012206184777521548 -4.49390258579459 -0.004161036395760576 -0.00125234692281188 0.9999905586547212 250.65531234111015
0.9999491301786024 0.009025226728994027 0.004503589985417266 -0.4673828506623463 -0.009032523984463317 0.9999579218945716 0.00160248883212795 -4.526894881805722 -0.004488938036436508 -0.001643086134010347 0.9999885747839091 252.24309731922085
0.9999299339432458 0.0109733993590434 0.004439784930300747 -0.4725466638838546 -0.010978820573784792 0.9999390128590961 0.0011983683289486814 -4.535213251939323 -0.004426364360003351 -0.0012470279955225513 0.9999894260514953 253.74383205816977
0.999934397417745 0.010368085021634268 0.004868639995014918 -0.46654359923959443 -0.010375932880142932 0.9999449055674579 0.0015892986272733022 -4.570480800788584 -0.0048518941861151 -0.0016397110832958375 0.9999868851465963 255.3031642573352
0.9999419291704921 0.009670148172090873 0.004756732564765019 -0.4819800388738842 -0.009681555299044345 0.9999502983755496 0.0023808164569485406 -4.609453004685944 -0.0047334736981822605 -0.00242673082171456 0.9999858524995933 256.8160145149865
0.9999613098838765 0.007382661812401424 0.0047827847248439895 -0.46502433149377204 -0.007394630187121781 0.9999695605762163 0.0024894538548339805 -4.607453326966836 -0.004764260744769779 -0.0025247245134178455 0.9999854636847265 258.35951863139445
0.9999700566212537 0.005978420314185015 0.004913689537145226 -0.4588383812454833 -0.005997451293657004 0.9999745365495198 0.0038674076319360202 -4.659606347394635 -0.004890443839812889 -0.0038967615197573343 0.999980449210901 259.87918874691644
0.9999746791182255 0.005437799188606835 0.00459036565698854 -0.44728116120366307 -0.005451127285196972 0.9999809492655561 0.0028959156572430813 -4.682014355166657 -0.004574531183907976 -0.002920865055597072 0.9999852709950678 261.46180661451706
0.999975837825564 0.005304774744918238 0.004492563263935571 -0.43056815384662245 -0.005312625096991387 0.9999843789470633 0.0017372065511954676 -4.722346687426498 -0.004483277973716639 -0.0017610319159762108 0.9999883994228739 262.95247341364194
0.999984132848124 0.0021387278989002095 0.005211515793494411 -0.42628841659021144 -0.0021537993338143543 0.9999935102026637 0.002888027739879309 -4.726443440963378 -0.005205305703990793 -0.0028992065288918293 0.9999822495369021 264.47943573639645
0.9999856580091796 -0.0010450915585766534 0.005252767549037385 -0.43937335624895485 0.0010166645204024508 0.9999848404056856 0.005411593959319891 -4.748060508872383 -0.005258343970292737 -0.005406176145361626 0.9999715611324758 265.99151996446733
0.9999811116037663 -0.0030034889679700586 0.005362415482012962 -0.4329766703283424 0.0029733196102208724 0.999979757769222 0.005625248143790022 -4.784161954245063 -0.005379202755332347 -0.00560919782064098 0.9999698000805144 267.5884461567724
0.9999818207710974 -0.0023831551724571853 0.0055388363530016966 -0.43783628259856755 0.0023617161052294153 0.9999897070330892 0.0038740315727970754 -4.795946105937631 -0.0055480122258771665 -0.0038608800566275717 0.9999771563192912 269.0514098738473
0.9999773963549438 -0.0011509066205506926 0.006624364223212504 -0.4240836522907977 0.001126755695792063 0.9999927099105914 0.0036483619301437586 -4.842672205773045 -0.0066285154120331044 -0.003640815489228678 0.9999714032112534 270.66941167367145
0.9999702605964006 -0.0006330946461369398 0.007686164304609113 -0.4142084189413755 0.0006040660261661564 0.9999926790823727 0.0037784764319590456 -4.856955886962673 -0.007688500814666636 -0.003773721179230884 0.9999633223161992 272.16947139723
0.9999563323708042 0.0031994220490972093 0.008780492647703711 -0.41635067911539125 -0.003226893593960201 0.9999899378786953 0.003116296583282603 -4.910827458282763 -0.0087704346881525 -0.003144494274762717 0.9999565948703889 273.71131693210896
0.9999554953760679 0.0005973127396156621 0.009415438950095067 -0.411875127389459 -0.0006249601024704479 0.9999955013661681 0.00293371313697848 -4.89569893362599 -0.00941364504243367 -0.0029394668975993798 0.9999513702250578 275.28887708303785
0.9999337000092459 0.005171108339085432 0.010288596649555785 -0.4000781195444649 -0.005199969012132776 0.9999826149554496 0.0027803091192683503 -4.9784232887558195 -0.010274041368449779 -0.002833625220001024 0.9999432057050813 276.8087122779327
0.9999316653320037 0.0032556302929292623 0.01122789108911832 -0.38638869149089006 -0.0032765875562468186 0.9999929232533463 0.0018486273055988952 -5.011306064409044 -0.011221794132137218 -0.0018852901790064687 0.9999352564097072 278.38673510828374
0.9999237228178197 0.003032512369150555 0.011972986910736151 -0.3676460987182972 -0.003054126238648875 0.9999937388622492 0.001787331664921412 -5.040908259278983 -0.011967492850903212 -0.0018237623743017645 0.9999267238151611 279.86443570763015
0.9999141454213758 0.0017530534547003833 0.012985707235333786 -0.35969076699278246 -0.0017789182903690621 0.9999964565281472 0.0019805008496125943 -5.061726697705254 -0.012982190392578679 -0.002003431356920161 0.9999137207729886 281.41914961865626
0.9999044149395636 0.00046541314772970306 0.013818262525337213 -0.3197335993266246 -0.0004942984370826294 0.999997699992252 0.0020870265239018005 -5.110118459905804 -0.013817260579643081 -0.0020936574112861124 0.9999023451837781 283.02467533301746
0.9999028650213526 -0.0015775052829467406 0.013848177012810513 -0.3436584734080269 0.0015341648759491927 0.9999938941152472 0.003139755946215627 -5.16924921063102 -0.013853046607085282 -0.0031182056282914048 0.9998991798621059 284.5122071183918
0.9999022800303426 -0.002935975630151983 0.01366786181469502 -0.32012551511020126 0.002930530477554743 0.999995618447942 0.00041841578254774644 -5.2134843407897495 -0.013669031541421585 -0.0003783208034387331 0.9999065028516398 286.1300233689028
0.9999080469966835 -0.0017809128782154907 0.013443433661257808 -0.2985047975863253 0.001801036798285428 0.9999972755657497 -0.0014849663166462512 -5.247556957809063 -0.013440753576827141 0.0015090419303023972 0.9999085302817962 287.6427809859335
0.9999108431721524 -0.0034858026141094747 0.01289010851298531 -0.2765729519915755 0.0035091004647553933 0.999992249555251 -0.0017852278880457907 -5.287898822148732 -0.012883786746904847 0.0018303014577966774 0.9999153254300048 289.14887950877693
0.9999142814344079 -0.0029987116064420435 0.012745097971472467 -0.24051401504426312 0.003021201167679512 0.9999939124810983 -0.0017456632240609483 -5.346676390383728 -0.012739786722736327 0.0017840191410173534 0.9999172541285767 290.76540746253255
0.9999373288117911 -0.00274267432689569 0.010854316971587995 -0.2642773641648113 0.0027685800722845703 0.9999933534253858 -0.0023723544476681197 -5.384870160131586 -0.01084773915041054 0.0024022568733402974 0.9999382759502737 292.3081731178356
0.9999402279628308 -0.002432871076156912 0.010659345677246043 -0.257604760219359 0.0024629441357343525 0.9999930215382562 -0.002809052788936686 -5.423268960797637 -0.010652438130486396 0.0028351383254697055 0.9999392419270561 293.9386255063009
0.9999475286666802 -0.0024720663390738057 0.009941268124047506 -0.24918427941540583 0.002497377571184794 0.9999936698039864 -0.0025344533470205407 -5.451405982062908 -0.009934940698560676 0.002559147521336473 0.9999473724702888 295.4329533551885
0.9999566074710582 -0.0026144920787702485 0.008941343125691257 -0.23866947052903115 0.0026342409166916995 0.9999941155834925 -0.002197628161551158 -5.498051904355294 -0.008935545586437721 0.0022210865058716555 0.9999576104979158 297.0300309265192
0.9999621286997995 -0.0032796097445961306 0.008061348372590506 -0.22849737687896565 0.0032895566884192963 0.9999938440522846 -0.0012209298936255504 -5.530447904688184 -0.008057295255470238 0.00124740195153494 0.9999667614348816 298.63839647249154
0.9999677600450412 -0.003634604754596064 0.0071602046391044125 -0.23419338192526523 0.003637192642391299 0.9999933246969894 -0.00034840511469698946 -5.546561113421692 -0.007158891132720179 0.000374436941752695 0.9999743047039021 300.18863159252027
0.9999692546588762 -0.0024059568560210968 0.007463318219237863 -0.20387897134146343 0.0024029040262751687 0.9999970256556483 0.00041800538500793953 -5.597341059273618 -0.007464302353984822 -0.0004000588958586137 0.9999720616780148 301.80536218266377
0.999964426391712 -0.001233910577683274 0.008344065231279108 -0.2208180954212136 0.0012266624979899773 0.9999988659524861 0.0008737223970332968 -5.640953308843784 -0.008345134568465376 -0.000863455972955527 0.999964805963712 303.36781786855687
0.9999553074367867 -0.0008743271962188912 0.009413750010211504 -0.20481618213835745 0.0008699101321108012 0.999999509618785 0.000473304465473881 -5.675715497032391 -0.009414160011986207 -0.0004650941966027783 0.9999555776492234 304.9771837041724
0.9999512321680641 -0.003693777163409691 0.00915911065027177 -0.19465221630283175 0.003699258906865165 0.9999929885815885 -0.0005816065141728773 -5.703400929247272 -0.009156898881131881 0.0006154600945484106 0.9999578853155524 306.59235085393436
0.9999329032026086 -0.0058289220480928355 0.010010633082417784 -0.1745608909210058 0.005852397211947108 0.9999801895972827 -0.0023172942706454936 -5.744696964343544 -0.009996928286426541 0.0023757250481872467 0.9999472072806141 308.1836940746168
0.9999324787700434 -0.006231735789099729 0.009808332395092975 -0.1696058032653363 0.006264947323847152 0.9999747336667975 -0.003358936675958129 -5.7904472894876 -0.00978715339804407 0.0034201586423598003 0.9999462556238493 309.81564312728574
0.9999576567291044 -0.004931216693564677 0.007769675926918124 -0.1677286300896536 0.004964565413094462 0.9999785226844858 -0.004278697665651584 -5.820983741816391 -0.007748410527759493 0.004317089651145039 0.9999606616583903 311.40026795945545
0.9999765649362928 -0.004124324006380126 0.005464388452456343 -0.16775938662506457 0.0041486627590485575 0.999981492005501 -0.004450195311367539 -5.853838117927109 -0.005445933733814838 0.004472761021376687 0.9999751677959858 313.0352407656929
0.9999838671795876 -0.002209433701191062 0.005232952537180954 -0.15955348828938282 0.00221861530487168 0.9999960086766376 -0.001749392409081399 -5.885445766052258 -0.00522906692741056 0.0017609741356921006 0.9999847777957943 314.6700435475888
0.9999822315688103 -0.0022952517574473183 0.005501670227670852 -0.15842014465730414 0.0022809401693985893 0.9999940024744944 0.0026062085741683496 -5.942714143982425 -0.005507619599247483 -0.002593613330188733 0.9999814694737265 316.28556455170724
0.999977740342124 -0.004103554458713136 0.0052611474385768405 -0.16378072517422748 0.004086994404084606 0.9999866725214501 0.00315456019867677 -5.987537761370041 -0.005274022673184837 -0.0031329877534216188 0.9999811843567081 317.88680595984977
0.9999724656758419 -0.005195623486780907 0.005298433656397543 -0.15906218698862634 0.005183569377278719 0.9999839515957032 0.0022862966702520584 -6.022677835147288 -0.005310227808230129 -0.0022587689563899655 0.9999833495804141 319.5344515476712
0.9999653175865746 -0.006244984410707364 0.005510336396550674 -0.14905947944751613 0.006234508375190637 0.9999787289897195 0.0019163677840192128 -6.058345639940921 -0.005522187337767993 -0.0018819471091628662 0.9999829817134457 321.1628803697967
0.999963539629786 -0.006370794398382295 0.00568615894254495 -0.1489514085420257 0.0063611306115006535 0.9999782953191158 0.00171607109828974 -6.079278504264683 -0.005696968742048394 -0.0016798381535866771 0.9999823611870444 322.78264565403634
0.9999605852982518 -0.006327653591257242 0.006228054589796391 -0.1469904608711346 0.006313201450574173 0.9999773395602473 0.002337486975714003 -6.138550181167747 -0.0062427047924459075 -0.002298075916461155 0.9999778734942502 324.41153749441077
0.9999634583498275 -0.005407887766586485 0.006620931075053219 -0.14743779136493035 0.005399279954576704 0.9999845560878315 0.0013173286206745044 -6.174324914476475 -0.006627953346004713 -0.0012815322386028837 0.999977213692052 326.0509359575169
0.9999664559591506 -0.004285086706330259 0.0069803295605146785 -0.14360282269820424 0.004280292562557953 0.9999905933499833 0.0007016418231307208 -6.206539197755863 -0.0069832710843462644 -0.0006717404388020346 0.9999753910388326 327.6603658607381
0.9999570027461829 -0.004920182481386313 0.0078603102023913 -0.1328574980541437 0.004907230878518366 0.9999865713381301 0.001666199814607441 -6.243990699999733 -0.007868403319360852 -0.0016275558375585548 0.99996771912129 329.29387769638896
0.9999467080075815 -0.006622742042562009 0.007919624196065855 -0.12770896082163652 0.0065966396137714396 0.999972738681128 0.0033175641399623384 -6.287732010732669 -0.007941380336169129 -0.003265144486482739 0.9999631359723307 330.932086638013
0.9999417534138182 -0.0073200546894528085 0.007931367745745807 -0.12942202088654875 0.00730038827085455 0.9999702123122716 0.0025057554515546393 -6.321632967275877 -0.007949474424875255 -0.002447707471960746 0.9999654066906943 332.53631187976015
0.999939805527906 -0.007861041115543402 0.007654369272444268 -0.10124558592987665 0.007838928157912947 0.9999650271668776 0.0029147279767619654 -6.369600296270364 -0.007677015019827596 -0.0028545505194257905 0.999966456925158 334.18199278474674
0.9999508167075913 -0.006253068626566879 0.00769826688293769 -0.11448357966998901 0.006248096469364009 0.9999802561213195 0.0006698136439758064 -6.386016928106565 -0.007702303929936867 -0.0006216811874012252 0.9999701435642846 335.75610877616504
0.9999657745108043 -0.004017312136741858 0.007232635920116436 -0.11135559243525528 0.004030622899276805 0.9999902085643649 -0.0018267044381018649 -6.450356486215869 -0.007225227272140609 0.001855793991744054 0.9999721756692601 337.3876858911186
0.9999739297176063 -0.0033210809880595653 0.006411732779445086 -0.12222455829748857 0.0033323674519087423 0.9999929157396462 -0.0017503694321964365 -6.466603329289164 -0.006405874780978809 0.0017716900918713975 0.9999779126940799 338.9554807182972
0.9999837183214751 -0.002169182767790637 0.005278043864078106 -0.11156904239211762 0.002162605772063177 0.9999968784107697 0.0012515197075074667 -6.520681514747179 -0.005280742608285025 -0.0012400850210231207 0.9999852878623282 340.58945840802124
0.9999904064968137 -0.001225230618208761 0.004205440656109182 -0.10187319658490046 0.0012096223298535044 0.9999923788690982 0.003712009550246482 -6.547741860724784 -0.004209957026333143 -0.003706887012843396 0.9999842674993983 342.2214369963105
0.9999959497269703 -2.2754907748754466e-05 0.002846052631145082 -0.10120185502769252 1.3391305306524603e-05 0.9999945878183144 0.003290008217715359 -6.601657601786292 -0.0028461123294699995 -0.0032899568424341725 0.99999053786801 343.8212228435074
0.9999993187492863 -0.0002445151279803267 0.001141365562569082 -0.10107218511782579 0.0002423797871316663 0.9999982209706587 0.0018706434306515046 -6.628661636984826 -0.0011418210276200784 -0.0018703655480800238 0.9999975989851861 345.4268631097326
0.9999989824379455 -0.001310043064039609 -0.0005647223856246695 -0.10652865600927475 0.0013114216182340318 0.9999961448406396 0.002447544633082299 -6.657140728311658 0.0005615138691910414 -0.0024482827794072774 0.9999968453024961 346.99654115024885
0.999992462505592 -0.0034441073453117185 -0.001792500604049086 -0.10000666886101794 0.003450931202327638 0.9999867580382867 0.0038176977730086845 -6.708821658808367 0.0017793284605937582 -0.0038238548675758647 0.9999911060244432 348.62797371404713
0.9999916280969964 -0.003572807741845341 -0.0019946885355975395 -0.12122440595005868 0.003578323895165025 0.999989765123398 0.0027686171726520954 -6.734048992087639 0.0019847765535697974 -0.002775731689296654 0.9999941779728165 350.2133784357163
0.999990564756943 -0.003613397940433326 -0.002411172591197163 -0.12345537898892789 0.0036184089207803687 0.9999912965127662 0.002077019548349637 -6.762575113081197 0.002403646712501485 -0.002085724599877484 0.9999949361071382 351.82963176233426
0.9999901913129448 -0.004044576583649687 -0.0018051816088626449 -0.12985637222075397 0.0040477626617591664 0.9999902507351754 0.001764666036351481 -6.786212334501224 0.0017980268364085833 -0.0017719557073002047 0.9999968136328236 353.42935072673566
0.9999879993546056 -0.004349648651799655 -0.0022542638154993584 -0.13461682748280668 0.00435450710416495 0.999988197709514 0.002154693326448269 -6.830162578216899 0.002244865242870601 -0.002164483717695214 0.999995137785446 355.0140727327656
0.9999826853789704 -0.005100101465977988 -0.002935627477872142 -0.11850405090355476 0.005104945988804833 0.9999856166159583 0.0016450169514077469 -6.869132917277601 0.0029271957493253427 -0.0016599747194758028 0.9999943379912053 356.61748811322633
0.9999822723986626 -0.005463068286181856 -0.0023684966038236563 -0.15691081420236042 0.0054646391499141005 0.999984852838598 0.0006571189225123999 -6.896043466678568 0.0023648710430536736 -0.0006700502635868875 0.9999969792063323 358.23290910173887
0.9999814260530575 -0.005700951216141668 -0.0021556223234366007 -0.16819388709266525 0.005702599858395222 0.9999834517937576 0.0007592668935912459 -6.934784596193678 0.0021512582910572344 -0.0007715454551583136 0.9999973884011795 359.83071264136026
0.9999818559667631 -0.005587427836180164 -0.0022513086497610558 -0.17045948982277104 0.00558811916155991 0.9999843411128648 0.00030074273831460563 -6.961686294624039 0.002249593209178402 -0.0003133178663617522 0.9999974205797861 361.41805436129664
0.9999779077321159 -0.0060598258299660954 -0.0027317688916101116 -0.1791346803465642 0.006059576648838459 0.9999816356302561 -9.962732650085303e-05 -7.018986661144708 0.0027323226799015497 8.30717665740105e-05 0.9999962637513491 362.96676428022505
0.9999665804420487 -0.007867523909515142 -0.0022226271704183617 -0.1887688932752779 0.007867980871084758 0.9999690276097003 0.00019669647684405136 -7.042735743755438 0.0022210110045302977 -0.00021417749140231494 0.9999975106178858 364.55191405765834
0.9999336250912397 -0.011289366376445006 -0.002301222468478906 -0.1802907798909501 0.011294074881233365 0.9999341325424088 0.002043144341443816 -7.078946824152369 0.0022780052827784283 -0.0020689989407957124 0.999995264958596 366.18596131446816
0.9999388997722354 -0.010807327354304008 -0.0023234465242067772 -0.2128188730029803 0.010809382342937138 0.9999411954588419 0.0008734229032071513 -7.118041813391012 0.0023138707248126036 -0.0008984845700236014 0.9999969193611962 367.7348822822095
0.999951233410537 -0.00974443382922455 -0.0016052467476768255 -0.23900453333667876 0.009744448109818147 0.9999525217333396 6.816860974650942e-07 -7.155904937760607 0.0016051640270556473 -1.632389066076118e-05 0.9999987115914974 369.3655324136201
0.9999629325832892 -0.008387844666953475 -0.0019435861353847214 -0.233063765553017 0.00838934526084046 0.9999645162487926 0.0007649315098720486 -7.182697163683359 0.0019371012079018252 -0.0007812085815250014 0.9999978186753539 370.96233728144387
0.9999761812076836 -0.006761897182714322 -0.0013833905988255234 -0.2493461549540273 0.006763782016204065 0.9999761977587659 0.0013620427705236084 -7.227952793023215 0.0013741477955721282 -0.0013713673037352868 0.9999981155342461 372.57385884437235
0.9999790791376516 -0.006349010552414051 -0.0012374803898610235 -0.2427962511587171 0.006350823769972147 0.99997875792922 0.0014665332688139582 -7.25772304457034 0.0012281431734470988 -0.001474361632747057 0.9999981589604925 374.17191628502326
0.9999808480778218 -0.006120675049547197 -0.0009169626795961267 -0.27127665879984614 0.006121352821979483 0.9999809922052714 0.0007377398944090646 -7.305072549193068 0.0009124298621330933 -0.0007433388280670098 0.9999993074601169 375.789974333697
0.9999845178187159 -0.005534461039030854 -0.0005778148373186034 -0.2895549022234108 0.005534840081828947 0.9999844675835442 0.0006558428236343762 -7.333738284447722 0.0005741761753469603 -0.000659030791698611 0.9999996180004973 377.4117411551516
0.9999840423667825 -0.0056277495940447834 -0.0004934091871804925 -0.2801527378996144 0.005627959758953489 0.9999840726543264 0.0004248522731607149 -7.377407815305453 0.0004910104085084786 -0.0004276223850943414 0.9999997880243315 378.9946195689456
0.9999886502343828 -0.004764205055193701 -4.19383787423973e-05 -0.285172926538563 0.004764209968539518 0.999988644991472 0.00011038658425754407 -7.425679541549445 4.141200212910896e-05 -0.00011058513320427996 0.9999999930280264 380.61709560192145
0.9999932255725751 -0.003679979433264877 -8.102663059962991e-05 -0.30635900098343927 0.003680010651889977 0.9999931544021958 0.0003855712430465967 -7.4563417783726536 7.960718897456558e-05 -0.00038586681473897746 0.9999999223848343 382.24209079321764
0.999997436666726 -0.0022439338826501423 0.00030236482725660334 -0.3106413276687373 0.002243873489507201 0.9999974624292975 0.0002004080231742861 -7.49628668016574 -0.0003028137876122277 -0.00019972904301404529 0.9999999342058434 383.8448362146096
0.9999981805900101 -0.0016551289703523875 0.0009483504908237724 -0.32586755354321195 0.001655355625810203 0.999998601538536 -0.0002381517120759152 -7.535391577684805 -0.0009479550729862088 0.00023972114286387013 0.9999995219566592 385.47449138950066
0.9999994751302949 -0.0005055603533507431 0.0008911509229460708 -0.3359676227398266 0.0005057420137195342 0.9999998513858173 -0.000203599063903829 -7.565053930536173 -0.0008910479343262198 0.00020404965463705923 0.9999995821979095 387.0597065274515
0.9999984959710844 0.0005871968673696474 0.0016319487441810788 -0.34208497158811163 -0.0005878862505505969 0.9999997381707658 0.00042195861663956135 -7.6045083581209045 -0.0016317006816986307 -0.00042291738968713665 0.9999985793447673 388.68765992470327
0.9999977052224472 0.001399712807263709 0.0016218365368481954 -0.35152192104186647 -0.0014007676863312642 0.9999988080564192 0.0006494135347798523 -7.628298924066816 -0.0016209257478136479 -0.0006516838733306015 0.9999984739516776 390.29011418140357
0.9999953418652806 0.002444204885396562 0.0018281434215670655 -0.3424588307005887 -0.0024453832919933425 0.9999968036132347 0.0006425481606585028 -7.673624167017347 -0.0018265672127563545 -0.0006470156920985353 0.9999981225084825 391.9250712255392
0.9999919101452991 0.0030473045448293134 0.002625562195538757 -0.36276745679991157 -0.0030498655997779943 0.9999948768499572 0.0009719048687860873 -7.701495526348805 -0.0026225872753009574 -0.000979904637549714 0.9999960809021191 393.57638305025057
