1.0 -3.469446951953614e-18 0.0 -1.7787691892340307e-19 0.0 0.9999999999999999 -3.5405977195229754e-19 0.0 2.168404344971009e-19 -2.354751593366955e-19 1.0 0.0
0.9999999141507749 -0.00031842487957154525 -0.00026514927552763706 -0.005672866381571063 0.0003186686941025734 0.9999995260962845 0.0009199221799930036 -0.024196248018421046 0.00026485624691540343 -0.0009200066138964874 0.9999995417196708 1.3120242740679018
0.9999986942906323 -0.0016153027803987863 -4.707807851988036e-05 -0.011816635534698196 0.001615381777623815 0.9999972042138727 0.0017268767769733188 -0.039270148844102695 4.428852329739822e-05 -0.0017269506040812697 0.9999985078391358 2.6072341457916073
0.999996855179935 -0.002345926282044457 -0.0008867142471508536 -0.013006597621728525 0.002347304275010509 0.9999960344452369 0.001556037507716435 -0.07184894627130134 0.000883060457605081 -0.0015581140320340217 0.999998396241999 3.944266823519446
0.9999939705255977 -0.003469579140973752 -0.0001446985758084586 -0.01472142103401399 0.003469748356502404 0.9999932789369216 0.001184450200796314 -0.09137949263189983 0.00014058807265349485 -0.0011849451476430221 0.9999992880699445 5.253014029950752
0.9999927442283664 -0.003738655712897542 -0.0007307175212180785 -0.017766154325306188 0.003739798756768907 0.9999917762176332 0.0015688839758936726 -0.10809420960182838 0.00072484605770807 -0.0015716053576109062 0.9999985023269834 6.583901496094192
0.9999876056603128 -0.004954303369655938 -0.0004933655567184606 -0.013540664336487715 0.004955684082045074 0.9999836958063878 0.0028371305366742825 -0.13697684410227326 0.00047930155056944194 -0.0028395403887147698 0.9999958536322553 7.915021992540678
0.9999859051148247 -0.00530695904142846 -0.0001605116231250803 -0.018118789211967336 0.005307474804901966 0.9999801282063825 0.0034020429258617545 -0.14809606078613136 0.00014245394617890417 -0.003402846948975598 0.9999942001533927 9.228033662294893
0.9999899405710255 -0.004357103424293057 -0.0010650871516938705 -0.018976287359431594 0.004359644143418608 0.9999876295707872 0.0023946193969372775 -0.17021734455854765 0.0010546404631118773 -0.0023992387542076943 0.9999965656886249 10.5746318012005
0.9999984504695868 -0.0016453473956355054 -0.0006260126864203294 -0.022622580104882873 0.001645371517026718 0.999998645657868 3.7848288105788434e-05 -0.1843617429604967 0.0006259496180442781 -3.887825291827436e-05 0.9999998033382579 11.890703082981506
0.9999987165462723 0.0012613358534641081 -0.0009878936794278257 -0.024894490962117356 -0.001262248470497604 0.9999987768100279 -0.0009236392769109662 -0.20712167476194182 0.0009867275342593414 0.0009248850752090277 0.9999990854785091 13.24514779453961
0.9999919232994773 0.003949347901561544 -0.0007456395497094457 -0.02823239886666982 -0.003950250866888409 0.9999914619402196 -0.0012130838112591638 -0.21998508981775344 0.0007408423547461643 0.0012160194971623784 0.9999989862246023 14.584891027756672
0.999988635500007 0.0047674687042909844 -1.0185285919938995e-05 -0.027740545113420074 -0.004767474160471278 0.9999884641033312 -0.0005855422258483389 -0.23612736098985165 7.393614021623763e-06 0.0005855841374259843 0.9999998285182311 15.921215044646011
0.9999955381088388 0.002966746212475539 -0.0003495330891650451 -0.025642399928239076 -0.002966027628104435 0.9999935220211441 0.0020392647907976147 -0.2536255048534012 0.00035558083750089967 -0.0020382190097542087 0.9999978596109342 17.28653552491095
0.9999988784426573 -0.00142497708175208 0.0004610386312469182 -0.017382967819447044 0.001423062665900282 0.999990472902379 0.0041266201734952174 -0.27374009217646966 -0.00046691461406934824 -0.004125959538240607 0.9999913791872533 18.626629135910008
0.9999933576293512 -0.0036426395006596037 -0.0001260139634004997 -0.016462231916104464 0.0036429153309004807 0.9999908092721622 0.0022606489412800015 -0.29743467780060195 0.00011777808815216224 -0.0022610930252837287 0.9999974367903356 19.982278071286903
0.9999915945807208 -0.004090874587713705 0.00027480721049248907 -0.01641124437492613 0.004090810142449152 0.9999916048381482 0.00023562682042776583 -0.3056226428654662 -0.00027576884604451745 -0.00023450065702769964 0.999999934480299 21.32534223141546
0.9999965540633117 -0.002618316798450343 0.00019048031591570205 -0.018713682525481164 0.0026185398946688837 0.9999958758118551 -0.0011796628377308866 -0.34321430952745674 -0.0001873908159319307 0.0011801575784111365 0.9999992860559234 22.69734323426985
0.9999993643811906 9.971836034730272e-06 0.001127448171770563 -0.02654511125618039 -9.907525780941326e-06 0.9999999983237643 -5.704678595171286e-05 -0.3414779794049807 -0.0011274488340674447 5.70355815038945e-05 0.9999993628020182 24.062014611552552
0.9999977354722123 0.00017826092004832525 0.0021206782091265928 -0.02076441654232748 -0.00018718599187519946 0.9999911240321094 0.004209135040657421 -0.36138300452856587 -0.0021199092375131937 -0.00420952255158751 0.9999888928896908 25.447860097554162
0.9999961588511234 -0.0016631314509690954 0.0022172691047965465 -0.014968629543799288 0.0016509146469459429 0.9999835099912274 0.005500383860907885 -0.37516436093998895 -0.0022263805869741247 -0.005496702316326063 0.9999824145911046 26.814914825968305
0.9999861054853639 -0.004746337818506169 0.0022937137704655886 -0.017896910534193032 0.004734616555729605 0.9999758424710715 0.005088995276758457 -0.4228110896502158 -0.002317812642172086 -0.00507806480701467 0.9999844203788635 28.186776727891985
0.9999847764948685 -0.005137070944739785 0.0020142715829308136 -0.021594903858234253 0.0051327294145740825 0.9999845057804184 0.0021548273334741474 -0.42505329166487177 -0.0020253100433052246 -0.0021444558551325862 0.999995649703504 29.562755033143983
0.9999797652614929 -0.00575326598787964 0.002714591828741352 -0.013757800460241318 0.0057527166085007825 0.999983430875621 0.00021028218828016983 -0.4693771295719796 -0.002715756888637024 -0.0001946616529994337 0.9999962933770572 30.941816479136218
0.9999925000095149 -0.0023250499534313313 0.0030974303544974895 -0.02288241429444704 0.0023288091717004536 0.999996555594249 -0.0012105553152979896 -0.48538871391232447 -0.0030946053464622346 0.0012177595886629408 0.9999944702223486 32.325950764902494
0.9999925151858262 -0.0016878334915058375 0.0034814935444601666 -0.015670251149350188 0.0016987568572678705 0.9999936368527108 -0.003136953437984393 -0.5185426295531322 -0.0034761770323403106 0.003142844235568559 0.9999890192991306 33.71510227321912
0.9999916700964567 -0.0014752116345662005 0.003805718749004465 -0.013886672056988236 0.0014869218349604831 0.9999941636746202 -0.0030759840862118375 -0.5353175045352355 -0.0038011591337182905 0.00308161733482726 0.999988027337844 35.1141627800216
0.9999931143862353 -0.001551167926366788 0.0033712111700243573 -0.004620866728759512 0.001556236727038333 0.9999976619250665 -0.0015014224684323364 -0.5784489894480691 -0.003368874615320873 0.001506658566479497 0.9999931903065343 36.498980721476215
0.9999952277932699 -0.0001424506580556973 0.0030861144903377574 -0.004707417684386664 0.00014293778772301279 0.9999999773618249 -0.00015762273829293786 -0.5968267853255947 -0.0030860922279294847 0.00015806311419861146 0.999995225512038 37.90686623852276
0.9999938991443523 0.0018937993226924906 0.002935165864355713 -0.0058530035302089695 -0.0018940182083750983 0.9999982037732468 7.17538233504578e-05 -0.6219025872055399 -0.0029350249528869972 -7.731264376759973e-05 0.9999956898144738 39.29360169458831
0.9999839505232629 0.004592180167708985 0.0033182182724742484 -0.0065193767471086045 -0.004592803622149878 0.9999894367895031 0.00018020298552604092 -0.651692273455987 -0.0033173559773461703 -0.00019544002293203224 0.9999944784589532 40.691637931025056
0.9999710582292918 0.006842627796879918 0.0033258290106683366 -0.00864398403022712 -0.006843485935696399 0.9999765526821114 0.00024657733732812354 -0.6736657775329569 -0.0033240640730910357 -0.00026933047284584887 0.9999944390120451 42.11598405606331
0.9999612636346933 0.008319477676340436 0.0028735878226873344 -0.002479121186912084 -0.008320956761815249 0.9999652537613165 0.0005029578340382331 -0.6993719289441326 -0.002869303872432636 -0.0005268493657243481 0.9999957447516513 43.5070728326835
0.9999704754389236 0.007244268115885442 0.0025629705605700196 -0.004878190019819095 -0.007245483003286552 0.9999736430985808 0.0004648648430542655 -0.7257557026295421 -0.0025595356194241595 -0.00048342109075141316 0.9999966075333276 44.93678263641446
0.9999734918541673 0.0070790629915908985 0.001703655991582047 0.006840520197267455 -0.007078572855993547 0.9999749034295227 -0.0002938234964414726 -0.7553780018153806 -0.0017056933755321103 0.0002817562561873278 0.9999985056094429 46.332405502437524
0.9999786535221453 0.006475796411724738 0.0008697981844182781 0.007754421877654835 -0.006475854447891352 0.999979029428931 6.344123244000792e-05 -0.7789108002095957 -0.0008693691855820506 -6.907257024775537e-05 0.9999996197123981 47.76777398213727
0.9999773065402092 0.00673592997344777 -0.0001167814136268262 0.009220338597551156 -0.006735829653128366 0.9999769589632926 0.0008427070518266165 -0.8002513025907017 0.0001224551491469071 -0.0008419013300310192 0.9999996381035364 49.16073027971961
0.9999747187811079 0.007012921625873233 -0.0011750371901154846 0.007995955216509781 -0.007011698493797639 0.9999748746222952 0.0010422201210299623 -0.8233050053280648 0.0011823167751894162 -0.0010339547926506126 0.9999987665325498 50.590643998024774
0.9999719870630532 0.0070551303718750825 -0.002500041108313051 0.00830100089174425 -0.007052385701698706 0.9999745209299638 0.0011051521698897434 -0.8408741338576662 0.002507774614584164 -0.0010874899860434416 0.9999962642113014 52.046125373125925
0.9999655783163904 0.007509711361107781 -0.0035279449136166674 0.0030012787172487843 -0.00750208100731233 0.9999695017765784 0.0021712468090455917 -0.8650013772110725 0.003544143055160987 -0.0021447051934499767 0.9999914196114478 53.44124540864467
0.9999724371592297 0.006149891265721995 -0.004159776311584971 -0.006406654954817931 -0.006137371257886912 0.9999766180256598 0.0030159721185806657 -0.8851222702084313 0.004178227303515314 -0.0029903589652954168 0.9999868000020462 54.9003838164913
0.9999768108567799 0.004891892644392432 -0.004737838789923338 -0.008848183689508696 -0.004876325401448824 0.9999826926410091 0.003291789454090997 -0.9055735558606145 0.0047538602751387386 -0.00326860994871147 0.9999833583672052 56.29781815096705
0.9999825202265836 0.0025917493817548968 -0.005314326039769068 -0.013321685271712277 -0.0025774887252691704 0.9999930640693799 0.0026885626481750993 -0.928422334244478 0.005321257712244898 -0.0026748180962926516 0.9999822646305174 57.72576389793639
0.9999840263651322 0.0015837966091410858 -0.005425733991341089 -0.01837120697313005 -0.0015682330721917652 0.9999946474401344 0.0028715393549166054 -0.946489529115463 0.005430253345190028 -0.002862984732568174 0.9999811576616874 59.186644920274865
0.9999862357583128 0.0006364396761998877 -0.005207996460271461 -0.0149353254733805 -0.0006174193716859417 0.9999931374068127 0.0036529348294225233 -0.9693381444400319 0.005210286035804689 -0.0036496691083022434 0.9999797662182388 60.58566495355008
0.9999876366267343 -0.0019628667260955072 -0.004568779057668728 -0.029676052750929285 0.0019837515726521364 0.9999875845963212 0.0045711463468454195 -0.9796023311829685 0.004559750172558111 -0.004580153247177836 0.9999791152241138 62.041499782532625
0.9999848034632326 -0.0033690314622733357 -0.004363767415962576 -0.026389461922095986 0.003387250473024213 0.9999855504639865 0.004174373224276372 -1.0033879111992086 0.004349641138035193 -0.004189091045029359 0.9999817659074525 63.43181564902807
0.999982097675975 -0.0044649206741687215 -0.003983567429046776 -0.02691456617629147 0.0044769129660667106 0.9999854588581215 0.003006545535201024 -1.023260485767385 0.003970085854381364 -0.0030243258551436707 0.9999875458621723 64.86004753238288
0.9999837813229479 -0.004653307334662415 -0.0032838730390197996 -0.03092324038262341 0.004662696948175471 0.9999850472095013 0.0028573777969784033 -1.0468408314942172 0.003270527957937202 -0.002872643214605771 0.999990525742277 66.3199006853857
0.9999917803385269 -0.0031066927697134643 -0.002605324410643236 -0.03729057623829932 0.00311384588692897 0.999991381819769 0.002745950661501128 -1.0673438041599628 0.0025967713543220694 -0.002754040723432261 0.9999928359959916 67.68670509770892
0.9999974651441832 -0.0009448564180204871 -0.002043758683022055 -0.04260075424397504 0.0009523363113613913 0.9999928414973613 0.003661967686660805 -1.0854921838804992 0.002040284194560225 -0.0036639048228571587 0.9999912064843882 69.14957873897225
0.9999957771033693 0.002586592537269318 -0.0013248802417709484 -0.05460906690151565 -0.0025798920491012156 0.9999839986770375 0.005034535760907328 -1.10544212388543 0.0013378814515364757 -0.00503109655481165 0.9999864489802184 70.51032521770854
0.999981702109549 0.006031976218712739 -0.00045901643915352 -0.05726949629545092 -0.006029258044447773 0.9999655222517903 0.005709848144990659 -1.1265261032859346 0.0004934423274614642 -0.005706976255759736 0.9999835933348501 71.95876740148658
0.99994370321976 0.010607094397440684 0.00028269324232812186 -0.06759098112583002 -0.010608501228449153 0.9999283203770924 0.005551020864813603 -1.1439481408265286 -0.00022379279174606953 -0.0055537074292244274 0.9999845530064924 73.31737746574848
0.9998968096193449 0.014325906359723369 0.001066998102812475 -0.0764635494963694 -0.014331106217124403 0.9998846245035177 0.005035584513397462 -1.166046275808633 -0.0009947357660237254 -0.0050503562623656776 0.9999867521133048 74.72266329355851
0.999869960166987 0.016029033538050796 0.0017699715286645299 -0.07975982046860922 -0.016037834386841004 0.9998585071515248 0.0050747991439269065 -1.1859753156917696 -0.001688377104198297 -0.005102525839615306 0.9999855567015226 76.16596136104747
0.9998611108016626 0.01655858918560866 0.0018900234186050055 -0.07528844156260694 -0.016568300242696364 0.999848989946066 0.005242973799773393 -1.2068007976490271 -0.0018029219058998825 -0.005273560197969936 0.9999844693964997 77.52558413595531
0.9998836273611343 0.015123162209947624 0.0020054084891184577 -0.07469768488986744 -0.015133095247616933 0.9998728182077872 0.005033574834411693 -1.229607430546366 -0.0019290300287984567 -0.00506333721151425 0.9999853206212403 78.95029940807783
0.999891203138728 0.014616892789713525 0.0019819929435732826 -0.07533293209977081 -0.014624743929299772 0.9998850283627377 0.0040058654196755425 -1.2487192156303153 -0.001923211925386064 -0.004034415822510368 0.9999900123216641 80.3178429284151
0.9998966394896004 0.014289598943675446 0.001586715211113536 -0.06524938016061892 -0.014295830599404504 0.9998898585936568 0.003987473460433454 -1.2731275111953486 -0.0015295611784113192 -0.004009744813741909 0.9999907911515158 81.70588361124446
0.9999065585339139 0.013604026700151131 0.0013433637546451745 -0.06898013803901713 -0.013609644667293568 0.9998982897689916 0.004264706578644206 -1.290788780258229 -0.0012852100446241104 -0.004282590875352692 0.9999900037748569 83.11298380363138
0.9999064672577583 0.013637677314105423 0.0010346307710838963 -0.0719546726378566 -0.013641341810868454 0.9999003973413789 0.0036206661797818385 -1.3117077880706824 -0.0009851503232372058 -0.003634441362220893 0.999992910131939 84.46764249100677
0.9999057415724188 0.01372752164355076 0.00025116899707491305 -0.07436940139002968 -0.013728374856008306 0.9998986044686428 0.0037831916623753256 -1.3288191569014676 -0.00019920969884834453 -0.0037862832918024434 0.9999928121615781 85.86828092199787
0.9999195847267727 0.012659999917948094 -0.0007405739319814935 -0.07951882966938903 -0.012656534120560049 0.9999097228545827 0.004512018927788387 -1.3505454042273148 0.0007976293046050517 -0.004502283092399964 0.9999895465637314 87.23499549817822
0.9999341284824824 0.01131374732810839 -0.0019333358204947952 -0.0843653988323602 -0.011302562677504383 0.999919868141651 0.005701701295760921 -1.37257420345116 0.001997688679218828 -0.005679474188988337 0.9999818762446123 88.61599001448607
0.999953138845484 0.009187387562876332 -0.0030515564809990474 -0.09377936074533472 -0.009167814590742349 0.9999377010769641 0.006367508081083838 -1.393425103560174 0.003109867404232242 -0.006339233722783818 0.9999750711131731 89.99402181148669
0.9999648566311744 0.007480377177699276 -0.0037854242921011505 -0.10498955172557557 -0.007455864169884488 0.9999514093574038 0.006448955542835856 -1.4141197917812316 0.003833481304451457 -0.006420505430859047 0.9999720403790959 91.36466908082596
0.9999715308193391 0.006213382690595959 -0.0042815190823756455 -0.11946454731310416 -0.006187252078060189 0.9999623162507515 0.006089663463041471 -1.4312885313450934 0.004319195517760086 -0.006062999385244357 0.9999722919152859 92.73734573443727
0.9999775757682794 0.0049631555401081166 -0.004496112700608861 -0.13717808206598012 -0.004936404083026853 0.9999701638385867 0.0059416626821301895 -1.4523242815888233 0.004525468336840607 -0.005919334939966785 0.9999722404249002 94.0939320068921
0.999978516523478 0.004631955534390374 -0.00463804501770981 -0.15685469847255953 -0.004608508292358577 0.9999766117893096 0.005053467457699582 -1.4635668919651894 0.0046613443763972445 -0.005031984529243586 0.9999764752285388 95.47027962055748
0.9999788824043817 0.004553654223646212 -0.0046366971894676885 -0.17425722153276674 -0.004532446812321773 0.9999792667737613 0.004574161797492522 -1.4852021305624745 0.00465743060395375 -0.00455304971581244 0.9999787888192814 96.80651967756445
0.9999721229672501 0.006038632392194669 -0.004391831811547798 -0.19665751023607045 -0.006020962805046182 0.9999737712343711 0.0040255262335614226 -1.5110790976247572 0.004416025668374996 -0.003998971044886982 0.9999822533211138 98.16953826087733
0.9999693812556885 0.006669601263579178 -0.0040930366092033835 -0.22039008970437157 -0.006652838420045238 0.9999694824498304 0.004095597971561684 -1.5246816995988137 0.004120228056223679 -0.004068242346929823 0.9999832364263002 99.51880920468518
0.9999629892410519 0.007750554098872639 -0.003734840807916244 -0.24073752494508832 -0.0077313320326148375 0.9999569330256677 0.005134064090311376 -1.5474744667680214 0.00377447212372016 -0.005104998889952462 0.999979845974277 100.862175409731
0.9999603716787951 0.008105968979320973 -0.003680803538019848 -0.2615380508631999 -0.008082685596222647 0.9999475064699319 0.006297183004718121 -1.561249045547183 0.0037316554096608005 -0.006267182812956235 0.9999733982341941 102.20018837210573
0.9999645472201993 0.007666547106908773 -0.0034825759891061446 -0.2764703964083886 -0.007646670883364207 0.9999546014300753 0.005685377558482815 -1.5859752046994036 0.003526005402083301 -0.005658546003897377 0.9999777738284505 103.54536072528032
0.9999638372027992 0.007843545447845515 -0.0032868006887701263 -0.29550188171263514 -0.007833439414246276 0.9999645853821447 0.0030765605055097967 -1.6057709787206726 0.003310815711891621 -0.0030507023632431493 0.9999898658091595 104.87816668215503
0.9999666378317845 0.007380755053452698 -0.0034996651704783336 -0.3131638799464584 -0.007374203068464431 0.9999710400703212 0.0018815326105853416 -1.6249964530023808 0.003513451249691204 -0.0018556626420248349 0.9999921060604565 106.20215471621042
0.99997797284445 0.005711761664001243 -0.0033807672277434116 -0.32944495924226336 -0.005701742664519994 0.9999793465983625 0.002965892460166015 -1.6482100012757297 0.0033976381634029957 -0.002946550930464141 0.9999898868985067 107.54996716166508
0.9999931455675677 0.0024782874756646336 -0.0027507998449791834 -0.3384320305716085 -0.002464657257878598 0.9999847240509459 0.004947436971799681 -1.6614606227962563 0.002763019232328986 -0.004940623382647907 0.9999839778573252 108.88893470319051
0.9999973297144674 0.0013901546597810278 -0.0018460846281871694 -0.3537865175571181 -0.0013796795333448379 0.999983010552669 0.005663487562011801 -1.6870659171175513 0.0018539265490280792 -0.005660925547852149 0.9999822582840333 110.22585944476562
0.9999990718410753 0.0008684862400488323 -0.0010497835376619567 -0.3670317364161381 -0.0008636831169824086 0.9999891972072449 0.0045672224275634145 -1.712654633470486 0.00105373885960074 -0.004566311599659841 0.9999890191574774 111.56812753169257
0.9999971265004449 0.0023488219604505065 -0.00047960537662644675 -0.3848895972955969 -0.0023477553220877063 0.9999947955844124 0.002212883370485748 -1.7332100929743766 0.00048480059222828103 -0.002211751061476629 0.9999974365601079 112.88126770108106
0.9999849804082578 0.005454172967422136 0.0005393933021791177 -0.40442859345095117 -0.00545430802601204 0.9999850942602738 0.0002485799592633869 -1.7649433241967583 -0.0005380295096490564 -0.00025151825160741546 0.9999998236310101 114.24554962673365
0.9999717560969489 0.007224568178722845 0.0020718616466814557 -0.4252075961765054 -0.007224087656499145 0.9999738772545572 -0.00023954371410802179 -1.7822200273872988 -0.002073538299742763 0.00022456963889151224 0.999997824999913 115.54615218071518
0.9999537044509293 0.00890161089310748 0.0036538012004176754 -0.44049871222478143 -0.008907221253400365 0.9999591717342547 0.00152193740044409 -1.806593770744025 -0.0036401046344341705 -0.0015544121917166814 0.9999921666877112 116.91111334729145
0.9999552880751791 0.008269670991750548 0.004586325274553537 -0.4439220075418179 -0.008287336200170099 0.9999582630785727 0.003846059888602267 -1.822817641508867 -0.004554328587818608 -0.0038838964225122205 0.9999820865571873 118.21497706529273
0.9999469401403247 0.008713832667370216 0.005494179738644952 -0.4430462140498276 -0.008738205903423493 0.9999520180284074 0.004427800427953192 -1.8461413434626324 -0.005455333463001186 -0.004475574853756063 0.9999751039709225 119.58117847778806
0.9999391650165834 0.0088992105358869 0.006516924469633567 -0.43961691229056593 -0.008924617688065788 0.9999526476578032 0.003879904648583298 -1.8610105287621883 -0.0064820883348313835 -0.003937829753194728 0.9999712375974 120.90291481016824
0.9999168367239563 0.01025487601280766 0.007820302884835444 -0.438953572827682 -0.010283744668170199 0.999940422071366 0.003660181158123312 -1.8762576281284988 -0.0077823029187101215 -0.0037402988388024493 0.9999627222650921 122.21787718639665
0.9998882624820749 0.012026660098127882 0.008878174104802634 -0.443002566605727 -0.012056205885660804 0.9999219356861827 0.0032818381377096974 -1.8950010926462535 -0.008838012229342473 -0.003388508596962463 0.9999552027681172 123.58990581066247
0.9998601558322994 0.01332520445099458 0.01010483443620943 -0.44587290512330324 -0.013350035165722732 0.9999080190129989 0.002393764266291677 -1.9228928113098482 -0.010072008435252676 -0.002528329459228186 0.9999460796411991 124.91792748355559
0.9998394862566241 0.014141491874008472 0.011000904521501256 -0.44839031602427076 -0.014158981604180713 0.9998986111537582 0.0015135020539344438 -1.951098749272044 -0.01097838690277144 -0.0016690207555951008 0.9999383427913728 126.29563537353881
0.9998357257431406 0.013622309494729572 0.011956344915050618 -0.4493716442473822 -0.013637657161340121 0.9999062792067089 0.0012029730558398308 -1.9860622900995972 -0.011938838094306629 -0.0013658319988248857 0.9999277967142773 127.65666786930328
0.9998313554867221 0.01310072180306529 0.012869795921709734 -0.4530456614992149 -0.013128688931197894 0.9999116288677005 0.0020909362048505335 -2.0168039672805578 -0.012841266913918037 -0.002259547171311601 0.9999149945396651 128.99455306332442
0.9998454078074477 0.011100984218176665 0.013635564338881726 -0.44915022169174323 -0.011141835432160584 0.9999336539258623 0.0029235723420232185 -2.0455225206857186 -0.013602206289991562 -0.003075045652489355 0.9999027573087408 130.37457162499524
0.9998451147936974 0.010808695030080705 0.013889510959966564 -0.44776411850464426 -0.010859611334910903 0.9999345681962886 0.003595579545883431 -2.0796052346827003 -0.01384973978950356 -0.003745857405292815 0.9998970713307271 131.70643081231322
0.9998565841599591 0.009622340521111925 0.01393634306846741 -0.4444380597978106 -0.009674390881599243 0.9999464590194853 0.003672230446928019 -2.1149102771632133 -0.013900262623371684 -0.003806529492295529 0.9998961411206593 133.09400232258432
0.999881328626711 0.007158395927470987 0.013641335037525897 -0.4430970712140688 -0.00721894846859288 0.9999642855915545 0.004394808128027937 -2.1367410224257504 -0.013609389215630867 -0.004492762767742757 0.9998972945275985 134.4343361467474
0.9998999239168014 0.005639115125335587 0.012974687902592763 -0.4389414967053369 -0.005695756569042129 0.9999743926981034 0.004332703029732517 -2.172499085756773 -0.012949924135820745 -0.004406170174254794 0.9999064381853443 135.76904827856674
0.999915940266699 0.005400023386237318 0.011787796384857803 -0.4421143258126176 -0.005447852855351853 0.9999770430497353 0.004029178907085586 -2.2064850042076434 -0.011765769104011031 -0.0040930584708036245 0.9999224037615292 137.13573440567794
0.9999398426405751 0.0024442691738175244 0.010692831733877532 -0.44027469166526256 -0.0024962579734219914 0.999985116357991 0.004851367019058769 -2.23148749954508 -0.010680815437563008 -0.0048777673294185635 0.9999310614046344 138.4932859733129
0.9999515332252776 0.002082765470207688 0.009622540810399174 -0.4440878636469021 -0.0021326166301886707 0.999984344346282 0.005173297900461368 -2.26681743983066 -0.00961161620518321 -0.00519356845408778 0.999940320056592 139.8394120147119
0.9999650922685259 0.0007004215472037256 0.008326083099034046 -0.4459386052480693 -0.0007453979044635779 0.9999851421781589 0.0053999819286421795 -2.29183370147058 -0.008322177826830366 -0.0054059997727293925 0.9999507570460755 141.19933905269679
0.9999745842875739 0.0005377116026809353 0.007109265141074646 -0.4535117078114931 -0.0005728163546856978 0.9999876500203041 0.004936768993505815 -2.322996685507998 -0.007106523380412568 -0.004940715917354024 0.9999625426215453 142.5366286650218
0.9999814956966083 0.0003003780802594818 0.006076021977554758 -0.4590591974684163 -0.00032717993037838927 0.9999902198686392 0.004410569115380125 -2.3467454323444477 -0.006074638224772453 -0.004412475535572365 0.9999718140151947 143.89548037384972
0.9999864515555971 -0.0011633031487165262 0.005073799210595398 -0.4621746818931281 0.001152733876424875 0.9999971608373643 0.002085550207105601 -2.3848332823251086 -0.005076211359588525 -0.002079673246879668 0.9999849534028863 145.24752249372165
0.9999739590862508 -0.005923960966211872 0.004121631726104173 -0.4707794186049816 0.005918001336815096 0.9999814274240815 0.0014567290367183006 -2.4187936854712984 -0.0041301851301938025 -0.001432299300432437 0.9999904449967741 146.57698042407273
0.9998884825842639 -0.014646634978143629 0.0029152174601965674 -0.46645242998105096 0.014634876329941971 0.9998848429238455 0.00401513078950557 -2.439528894063116 -0.0029736901543449016 -0.0039720192501516635 0.9999876900377148 147.95178243755527
0.9997528899431675 -0.022194377508990542 0.001252462875806921 -0.46239121084697177 0.022186954695398366 0.9997378216413513 0.005659241622735403 -2.4673157381409423 -0.001377737962309015 -0.005630054923002577 0.9999832020184614 149.27312388947124
0.9997223196781994 -0.023564268182950664 9.383359946661457e-05 -0.46209604104172125 0.023563984596851904 0.9997195734074593 0.002348014741446203 -2.510932638101138 -0.0001491365439878281 -0.0023451516785430657 0.9999972390072355 150.62313336721863
0.9997336000134752 -0.02307638260496217 0.00045779219181558257 -0.47798929761143344 0.023076644554118536 0.9997335351120762 -0.0005720537077195339 -2.541681249038266 -0.00044446931231337684 0.0005824656498011135 0.9999997315899949 151.99398279374682
0.9997859350333778 -0.020652775579773616 0.001243775714911651 -0.4987898307292924 0.020657043917487496 0.9997804184968844 -0.0035215509287056124 -2.569810282767151 -0.0011707729040192198 0.003546489904240354 0.9999930258248131 153.3264288758552
0.9997878522497287 -0.02048301040293851 0.0021672073682760347 -0.5128823256509982 0.020490343697169112 0.999784212272232 -0.003416826064230216 -2.6104470603146686 -0.002096753006172097 0.0034605081016861653 0.999991814220222 154.6834076601063
0.9997171265739424 -0.02363395408620752 0.0026651556687327877 -0.518976225795728 0.02363519154450392 0.9997205559867612 -0.00043319274757437377 -2.6374424368863294 -0.0026541730723225933 0.000496061703596965 0.9999963546356355 156.02594325999405
0.9995269428294102 -0.0306001717666616 0.0030854560403562824 -0.5121847835905873 0.030591552022319758 0.9995280363539903 0.0028038362428019614 -2.663798849402531 -0.0031697979511570757 -0.002708121006391051 0.9999913091912626 157.36068539760532
0.9994111061587859 -0.0341855474443098 0.002964661209941881 -0.5038456119258059 0.034172657208532846 0.9994067131301381 0.004295494044884611 -2.68895556170795 -0.0031097463874796036 -0.004191654157581469 0.999986379662131 158.7149817119757
0.9993876311132944 -0.034862506131646785 0.002994733004104711 -0.49843338466694304 0.034849857868756884 0.9993838285257107 0.004177404594986562 -2.718785361058142 -0.0031385227874669913 -0.0040704805138607105 0.9999867903427431 160.067936273589
0.9994145810330644 -0.033978753410248114 0.00399243289561437 -0.49923841980714 0.03396039448119868 0.9994126844551289 0.00458015016945229 -2.73302362291834 -0.004145716214906503 -0.004441884324795054 0.999981541178023 161.4285850628325
0.9995095487177335 -0.03089563937170451 0.0051109181100417265 -0.5033302220402769 0.030875356817471743 0.9995152335311085 0.00400128623409262 -2.753667493235096 -0.005232063241408735 -0.003841522425650574 0.9999789338854945 162.7788338552523
0.9996267770856534 -0.02662746663359966 0.006106108222098663 -0.503632938676462 0.026615432444382747 0.9996436569188678 0.0020440009776857924 -2.77937235045485 -0.006158359437346249 -0.0018807214104939135 0.9999792685301514 164.12702378542784
0.9996786150567646 -0.024407952121919253 0.0068497064939654975 -0.49931128829566357 0.024401883155293992 0.9997017606366017 0.0009684406656570395 -2.8030603375563703 -0.006871301873413987 -0.0008009836774219484 0.999976071528361 165.4789492936023
0.9996990040110857 -0.023467078507631117 0.007155250848538538 -0.4879525303230956 0.023453586966962106 0.9997229978470654 0.0019638816849132067 -2.8252482672017405 -0.007199355999477054 -0.0017954742779365254 0.9999724723905912 166.83201527174523
0.9997459866656077 -0.021438056560102017 0.006954990195271665 -0.475667460873617 0.021421680028736765 0.9997675985159826 0.0024208628312270626 -2.8548886726314824 -0.007005273028061999 -0.0022712603478868484 0.9999728833923637 168.17509728832735
0.9998077511046448 -0.018478563245104006 0.006557708885936648 -0.4729260913217951 0.018478750720431685 0.9998292527865998 3.218781359057972e-05 -2.8866869222315388 -0.006557184512795532 8.899666350873938e-05 0.9999784974710412 169.55364751768485
0.9998649402300079 -0.015256491305714744 0.006110710911002379 -0.46461398543136745 0.015272923743301883 0.9998798467724405 -0.002651378711313295 -2.911799566703049 -0.006069526467145339 0.0027443491091785695 0.9999778144489286 170.94315890703345
0.9999430578960783 -0.008926864342155028 0.00584739889966749 -0.4584354478036136 0.008952900436775244 0.9999500578268573 -0.0044415556517802945 -2.9467775659822144 -0.005807458196893503 0.004493654020546613 0.9999730398848893 172.29056899416588
0.9999662880275577 -0.005469094238372234 0.006124690177823607 -0.4542178419548605 0.005490742644316846 0.9999787186961785 -0.0035233355193873142 -2.97210083493456 -0.006105290900905081 0.003556845917599693 0.9999750368202897 173.66305781237094
0.9999725542666269 -0.003020029451869178 0.006765363730469853 -0.4433838153846758 0.0030293904034627596 0.9999944677033284 -0.0013738094214907513 -2.9933760257520476 -0.006761177929857431 0.001394266679540467 0.99997617095949 175.04180551825905
0.9999708404140883 -0.0026287555020782383 0.007169935600787761 -0.42176148568490657 0.0026226815646547656 0.9999961940216316 0.0008564343008338482 -3.015924331632148 -0.007172160273792422 -0.0008376048783027369 0.9999739289244282 176.40077406694724
0.9999705685682944 -0.004194596540189098 0.00642396833006876 -0.39429932011302615 0.0041814207790955606 0.999989129539172 0.0020631329902838025 -3.0379525304470367 -0.006432553050733502 -0.0020362109863527023 0.9999772377909666 177.80052539245182
0.999967093249621 -0.006736669522532596 0.004519924210566149 -0.3779314280657459 0.0067268727297165876 0.9999749996491233 0.002179277777818317 -3.050786914593324 -0.0045344926660444256 -0.002148801143461295 0.9999874104332849 179.17161445219767
0.9999630575477471 -0.008302801257719221 0.002224194926596393 -0.3571414354335935 0.008305994996689976 0.9999644817136063 -0.0014302969765964224 -3.0701273213032763 -0.0022122406430121633 0.001448718326559084 0.9999965035955999 180.49822117962236
0.9999838095965067 -0.005631281480562541 0.0008180599308016149 -0.35425725145901205 0.005636022152958277 0.9999666370917198 -0.0059126940316918146 -3.0945401444496015 -0.0007847366642945311 0.005917209028256985 0.9999821852535336 181.95059327396166
0.9999987342997307 -0.0015470934653184498 0.00037135382845020735 -0.3546446425879111 0.0015497193421303256 0.9999730378372518 -0.007177880332593687 -3.1145054724304906 -0.0003602390003891445 0.0071784468847213186 0.9999741697302462 183.32307074300536
0.9999978979851165 0.002050343641641782 1.0616332229487595e-05 -0.35532890991645766 -0.0020502405982301634 0.9999792205833655 -0.006111867038113586 -3.1327999035046123 -2.3147546429286205e-05 0.00611183254375357 0.9999813223090838 184.6678027537919
0.9999907228295234 0.0043057444502852624 0.00012170288441474024 -0.3561250548915245 -0.004305355253605719 0.9999861191707529 -0.003037332779473123 -3.156397422650037 -0.00013477918798500367 0.0030367806841326474 0.9999953798879345 186.11222868916144
0.9999902680511076 0.004347789314290295 0.0007486814746695744 -0.35183695255609226 -0.004347384743751067 0.9999904034508618 -0.00054153526507046 -3.1808201619362144 -0.0007510288353422909 0.00053827519634704 0.9999995731070753 187.4807487217268
0.9999930838450913 0.0035631510537917736 0.0010659322051627148 -0.34480824609227434 -0.0035630559471314114 0.9999936481290572 -9.132628851648045e-05 -3.196503455144261 -0.0010662509342738635 8.75276806712983e-05 0.9999994277229872 188.9297950881659
0.9999950595579021 0.003046204637587432 0.0007755595857350237 -0.33769665915588476 -0.003046454919669663 0.9999953078731277 0.0003214804242156733 -3.222765357165028 -0.0007745767169485818 -0.0003238415513606952 0.9999996475781725 190.31675293076034
0.9999996807762664 7.244451449223144e-05 0.0007957387788398744 -0.3301992958328687 -7.341240671126202e-05 0.9999992575179947 0.001216377410269457 -3.251126277980887 -0.0007956501344016898 -0.0012164354624552432 0.99999894361177 191.70426924890478
0.9999982914900819 -0.0014641406034848672 0.0011284117488247003 -0.3238889804419933 0.0014629102412750325 0.9999983353617914 0.001090488359189524 -3.2799932575895174 -0.0011300065932211118 -0.0010888357503956749 0.999998768759419 193.14019835979244
0.9999871639676835 -0.004856232739247113 0.0014453068408656039 -0.3167912459416473 0.00485340928518165 0.9999863191313019 0.0019508874503479622 -3.3040647659608045 -0.00145476115234125 -0.0019438477764636296 0.999997052557704 194.53027593352053
0.9999504342320774 -0.009776150009558027 0.001885731257808467 -0.3104542167073481 0.009769546369084935 0.9999462205727719 0.003480217751852725 -3.3268492171525095 -0.0019196531337869378 -0.0034616225724080317 0.9999921660188531 195.9791449493061
0.9999165217848703 -0.012740216664116446 0.0021532194783987144 -0.30219259290150663 0.01273110769351027 0.9999101655444543 0.004192818468694031 -3.3639905768733613 -0.0022064436429812474 -0.004165055661172059 0.999988891896161 197.38692190066382
0.9999393941490389 -0.010768575918221685 0.002290374341495767 -0.3072273436902331 0.010768919958043181 0.9999420040241535 -0.00013762667711712004 -3.394454313442233 -0.002288759658458737 0.00016228320739459075 0.9999973676166872 198.8077923947914
0.9999903055494781 -0.003485007505493066 0.0026913821992963017 -0.3211057835909353 0.0035000731289937664 0.9999781195429382 -0.0056133696355418275 -3.434579966540535 -0.0026717609054444313 0.005622735367187345 0.9999806230807952 200.23118444702303
0.9999747240922756 0.005895658608869851 0.00397396263753465 -0.3352730444753277 -0.005871257765761454 0.9999640104494575 -0.006124226483126473 -3.4791868408659945 -0.0040099263092264045 0.006100739647738438 0.9999733503758554 201.66313858890842
0.9999093763109129 0.012360587811020791 0.005334323783316989 -0.3536831569668437 -0.012348129470682492 0.9999209684991308 -0.0023623049261628014 -3.5216682171581057 -0.00536310213704989 0.0022962219648149946 0.9999829821022899 203.10093889464525
0.9998745590111903 0.014602867880819543 0.006133715061135554 -0.35841717904954823 -0.014602887703772854 0.9998933712994347 -4.171031144651862e-05 -3.5680204285030177 -0.00613367064044637 -4.7864880119065404e-05 0.9999811877166594 204.53517419306573
0.99989856752388 0.013031922756952542 0.005746618721960157 -0.3529211354121998 -0.013034311755061537 0.9999149781980454 0.00037831789927829124 -3.5999488925167005 -0.005741200410064423 -0.0004531827597586722 0.9999834164811401 205.9807768935849
0.9999463752872234 0.00936553037959575 0.004419657773800864 -0.3514505512233832 -0.009367416956745804 0.9999560422886452 0.0004062152804771252 -3.631386560098773 -0.0044156594476037914 -0.00044759428687402567 0.9999901507544684 207.4207391843422
0.9999678139330355 0.007345046063881082 0.0032282169869824566 -0.34456328394219254 -0.007344669631863137 0.9999730192895335 -0.000128594090462348 -3.6636199265382623 -0.0032290746903560884 0.00010487976332486848 0.9999947810227825 208.8540558552732
0.9999643300717375 0.007961192642670341 0.002820989625696168 -0.3505310161174614 -0.007959228964080292 0.9999680750370183 -0.0007068226154472326 -3.683943280783224 -0.00282652695664717 0.0006843445104902414 0.9999957711981692 210.3265515508174
0.9999590504047079 0.008666807905709404 0.0026045995623725044 -0.3545149692634904 -0.008665862609526873 0.9999623806957884 -0.0003742158013393093 -3.709773817372 -0.002607745056832835 0.000351629377808158 0.999996538003526 211.77394926797828
0.9999486996256969 0.009795706933944527 0.0025772512031404654 -0.3628539768618486 -0.009795811564272675 0.9999520195134105 2.7730932184357395e-05 -3.7350740139997782 -0.0025768561196357967 -5.297578316685047e-05 0.9999966784958476 213.24495513756384
0.9999503600743449 0.009686944120720846 0.0023324840949441243 -0.3665368775560509 -0.009687069793138806 0.9999530783540925 4.231826951381449e-05 -3.7709059723235647 -0.0023319649138745574 -6.491111185832697e-05 0.9999972788578402 214.70937512584382
0.999951268394391 0.00968279889793405 0.001924635744395503 -0.369111856426923 -0.009681348263195822 0.9999528443728121 -0.0007619373079252442 -3.800675466619976 -0.0019319228372013848 0.0007432671173808791 0.9999978576104117 216.16697501055893
0.9999603148690658 0.008738689143555486 0.0017331999996163959 -0.371011310012808 -0.008736470078766136 0.9999610118147705 -0.001284118477778426 -3.8339299381773784 -0.0017443540865005555 0.001268925487167921 0.9999976735244832 217.64450513692626
0.9999577434754782 0.009120836354779593 0.0011496038586967863 -0.37165217139531914 -0.009119390880835649 0.9999576275574149 -0.0012569089445747228 -3.864897194369768 -0.0011610193076839988 0.0012463721635500287 0.9999985492933466 219.11649650817
0.9999513136796231 0.009819902186583846 0.0009694176682916763 -0.3801664283440012 -0.009818432399706936 0.9999506577945152 -0.0015100940154471568 -3.899894832035393 -0.0009841988956309793 0.0015005023555366836 0.9999983899205207 220.60832598099154
0.9999604833033521 0.008853418419064552 0.0008054785615535362 -0.38059511818949276 -0.008852141673838012 0.999959577459816 -0.0015757708721086461 -3.9310403489916736 -0.0008193970320182606 0.0015685784173089569 0.9999984340732205 222.09598538337477
0.9999485748657171 0.01013509257256646 0.000357071354683574 -0.3914953054298937 -0.01013434509935128 0.9999465690864184 -0.0020381474629390535 -3.961006352487465 -0.00037770912347003796 0.0020344239992406967 0.9999978592247342 223.58872350977657
0.999945711292157 0.010419891103299415 1.7715858533420533e-05 -0.3940106871931851 -0.010419840752949841 0.9999439793667944 -0.0018614701148270466 -3.9976100745269876 -3.7111187282628036e-05 0.0018611844903272804 0.9999982673059054 225.07279250279106
0.99994479240201 0.010500590894727296 -0.000386929095562904 -0.3987233876227224 -0.010501324798770709 0.9999429692228572 -0.0019443517433639856 -4.024086703196624 0.00036649021520077573 0.0019483076985402608 0.9999980348892775 226.54782781721954
0.9999501085726668 0.00998492658235615 -0.00028562826068490314 -0.40338476323726763 -0.009985474537192235 0.9999481764930048 -0.0019835950982285172 -4.059863033863368 0.00026580742721048927 0.0019863482988479106 0.9999979918815183 228.05499528811953
0.9999626240184509 0.008639300110361544 -0.00033621468827305947 -0.4049009581400681 -0.008639996641548821 0.9999604129117945 -0.002126754906349414 -4.087972688029542 0.00031782772918472185 0.0021295803456725083 0.9999976819340043 229.54430786960123
0.9999724434528816 0.007423671660997339 -3.7659429567082426e-05 -0.4052245522640667 -0.007423728826543107 0.999970754491216 -0.0018380501716392225 -4.116484271632078 2.4013247279013484e-05 0.0018382791252426558 0.9999983100751104 231.04761016806503
0.9999854787610714 0.005388512136324263 7.869825984004996e-05 -0.4042317042724683 -0.005388417264489623 0.9999848051313187 -0.0011638198542400547 -4.144243445535203 -8.496832991995024e-05 0.0011633789139442823 0.9999993196645814 232.54425706331716
0.9999873805570225 0.00502347619963285 5.8342560857157664e-05 -0.399057393043949 -0.005023424476747336 0.9999870123675836 -0.0008604142022783175 -4.168669425691371 -6.266407971784434e-05 0.0008601102780386615 0.9999996281415937 234.04858082089834
0.9999835807637198 0.005730277300475841 4.597439549615845e-05 -0.40203075646699626 -0.005730224338914591 0.9999829917356454 -0.0010866370322431215 -4.196306666113379 -5.2200350741491916e-05 0.0010863557639587559 0.9999994085528623 235.52352971505763
0.9999770058585031 0.006764165498074358 0.0004835350297525936 -0.39821789867516333 -0.006763414497788035 0.9999759433310799 -0.0015391548318876857 -4.225527639493187 -0.0004939345389519596 0.0015358491180059543 0.9999986985967845 237.05119230608116
0.999971551564957 0.007492212489872951 0.0008733832035608636 -0.4043084275508482 -0.007491084195099675 0.9999711111629742 -0.0012886089601044128 -4.252232108822274 -0.0008830125808313039 0.0012820297343325284 0.9999987883428245 238.540901060757
0.9999684491342239 0.007814596475909492 0.0014257641280378242 -0.40403888947764965 -0.007815577455895537 0.999969224382989 0.0006834123808379829 -4.2809771841350965 -0.001420379777257173 -0.0006945340070803053 0.9999987500701683 240.05854881578193
0.9999736606653328 0.006939240481556606 0.002127182543194317 -0.39991822382063297 -0.006942265258347726 0.9999748972582159 0.0014176814445147712 -4.310295721526039 -0.0021172916908242176 -0.0014324116010201056 0.9999967326297955 241.58064921232693
0.9999612027005031 0.008429303982216736 0.002557325395044905 -0.40239321688116053 -0.008429190664945643 0.9999644722214002 -5.5299551576401795e-05 -4.34483674770921 -0.0025577008924006096 3.3741219046603184e-05 0.9999967285068022 243.0662009592719
0.9999601682604234 0.008315690692541074 0.0032420929890439494 -0.39966482682821136 -0.008311522205570677 0.9999646172329695 -0.00129726593584823 -4.377858867556592 -0.003252766213545584 0.0012702675569332092 0.99999390294545 244.61056794394963
0.9999574519178162 0.008599340795164924 0.0033385142348493838 -0.39978111152557705 -0.0085948911418971 0.9999621586256096 -0.001345058366078755 -4.403489153393181 -0.0033499548008837183 0.0013163069920847116 0.9999935225462298 246.11563990552696
0.9999607613350113 0.008183599555419847 0.00339182475671319 -0.3965763994444394 -0.008182549582175647 0.9999664700688906 -0.00032347797225097295 -4.434962637385718 -0.0033943585308708977 0.0002957115074845243 0.9999941954234575 247.63003547971607
0.9999604410873982 0.008319726933731559 0.0031461706877480987 -0.390996526878514 -0.008321074126964131 0.9999652930813051 0.0004151820766934367 -4.467370168772517 -0.003142607558103967 -0.0004413451845639122 0.9999949646014462 249.17577273152423
0.9999630540773567 0.008135501373711003 0.002775623128350734 -0.39200371567711284 -0.008137397212268086 0.9999666648876999 0.0006722331482693467 -4.492960519112542 -0.0027700618829923657 -0.0006947946775730078 0.9999959219986988 250.68184706758143
0.9999465891712631 0.009887685485708505 0.0030087309457067246 -0.3838869597774075 -0.009890314522966452 0.9999507198633678 0.0008599684062031443 -4.520525298345358 -0.0030000798313441542 -0.0008896797926129584 0.9999951039815999 252.23421968243383
0.9999320983898738 0.011218917648136779 0.003151900061242513 -0.38761136332588064 -0.011222051684310692 0.9999365523594655 0.0009781808194665792 -4.548837645783595 -0.003140726215863827 -0.0010134852108178729 0.9999945543265428 253.75011521216408
0.999930001419906 0.01137574661721244 0.0032534022916890968 -0.3790013166670567 -0.011378865022236128 0.999934815506576 0.0009413795101750776 -4.563710257470715 -0.003242481599469364 -0.0009783336658436281 0.9999942645697448 255.28505758061223
0.9999426681966722 0.010250428758190645 0.0030966127348688783 -0.3793294610981776 -0.01025454129714949 0.9999465562730689 0.0013149158470749452 -4.597891817776367 -0.003082969049222886 -0.001346594835632373 0.9999943409742295 256.833819480322
0.9999587595531574 0.008560139444312144 0.0030336761180199227 -0.3691223887580961 -0.008566196623312825 0.9999613310889531 0.0019891255723444787 -4.615647735638901 -0.0030165318706299083 -0.0020150306498521414 0.9999934200700754 258.36631442633745
0.9999783658597389 0.005769459705100939 0.0031592941683531058 -0.3594923526879834 -0.005779080210227327 0.9999786666756382 0.0030444106958579004 -4.648063043722791 -0.0031416624286549474 -0.0030626027092806596 0.9999903751628992 259.89211546465737
0.999986336657669 0.004487438970952812 0.002681302732860248 -0.3518518698389389 -0.004494094376322563 0.9999868233051631 0.002481197278354246 -4.6696203879937155 -0.00267013340470789 -0.0024932134548429396 0.9999933271133522 261.44804996152794
0.99998786740866 0.0042189091687582 0.0025428008636039475 -0.34632157229291816 -0.004222931817234678 0.9999898374175555 0.0015785804487989373 -4.7032283290439825 -0.002536115347959636 -0.001589299403690409 0.9999955211116026 262.96664092295185
0.9999932180423345 0.001961413266236749 0.0031171666372912816 -0.3421786544943582 -0.0019703993305372263 0.9999939049927787 0.0028822745649535147 -4.724581079827273 -0.0031114945673000904 -0.002888397136443427 0.9999909878394573 264.5029919184073
0.9999927613948066 -0.0017027180500730054 0.003402633692765603 -0.34191704283458724 0.0016859948177028513 0.9999865164008211 0.004911663092959102 -4.73692525111407 -0.0034109512745758176 -0.004905890809210232 0.9999821486624852 266.0511966496902
0.9999922786371126 -0.0016517673166497604 0.003565717008470699 -0.3309635314949585 0.0016358790398563437 0.9999887419303611 0.004454201256113481 -4.769756930724425 -0.003573034467663232 -0.00444833386539544 0.9999837227410695 267.6132125086772
0.9999913745435439 -0.0020921078968121187 0.0035880260018867176 -0.3335833340016074 0.0020797332465103038 0.9999918888899857 0.003449182521697472 -4.801708772345151 -0.0035952132618903626 -0.0034416906972651205 0.9999876145248057 269.1040092641712
0.9999880502534639 -0.0015582509021543206 0.0046337039247295875 -0.3261246711197917 0.0015446616637367402 0.9999945003196399 0.002934850575318579 -4.836170512094375 -0.0046382520638809585 -0.0029276580525194242 0.9999849576025521 270.69972371448273
0.9999841664583545 -0.000140258619478386 0.00562558141672186 -0.33161802626274106 0.0001235094388421492 0.9999955594218005 0.0029775629837282915 -4.868561903837434 -0.0056259745377738035 -0.0029768210799422544 0.9999797432655165 272.20546839574274
0.9999774554727051 0.001622914499070341 0.006515727007667031 -0.33039387268746434 -0.0016396829612740586 0.9999953558196487 0.0025690039469984834 -4.9149905350623255 -0.006511528021991378 -0.002579629803359596 0.9999754724526804 273.7603932593153
0.9999682871169498 0.00241261596373144 0.00758973300269747 -0.3200991941722945 -0.0024299540606994756 0.9999944575545173 0.002276002510657536 -4.953975972535622 -0.007584200456247985 -0.002294373075480566 0.9999686073818835 275.3234380978489
0.9999609561902797 0.0027720318865989517 0.008390586161071956 -0.3189831086076842 -0.002789784826735451 0.9999938933776903 0.0021048307801241435 -4.993202331047064 -0.008384700971922805 -0.0021281565667135216 0.9999625831663349 276.8456911196245
0.9999484911471175 0.0037964268015029 0.009412873947516649 -0.3067392648094236 -0.00381271235338263 0.9999912647885799 0.0017127690720527896 -5.043612319206086 -0.009406290115399923 -0.0017485694597765063 0.9999542310548286 278.40414052363974
0.9999431687183065 0.003516617244165159 0.010064429296863343 -0.30528032575094594 -0.003527054238733741 0.9999932603019919 0.0010194338486109273 -5.087534891763128 -0.010060777356589832 -0.0010548737161841972 0.9999488326878132 279.91986859379625
0.999937554344181 0.0027393812487751384 0.010834352969718488 -0.296576516594551 -0.0027517992979646817 0.9999955737420546 0.0011314157983600551 -5.133127646712142 -0.010831206549417409 -0.001161159127420184 0.999940666573601 281.488151762851
0.9999300482594199 0.0015300620498706957 0.011728491025128357 -0.27501813647445894 -0.0015558326373563084 0.9999963950390206 0.002188446037948615 -5.1805475313126195 -0.011725101275320574 -0.002206540556578552 0.9999288240534288 283.06765180948133
0.9999312541146655 -6.983968892157813e-06 0.01172548516019971 -0.2724659091115262 -2.440435189418784e-05 0.9999964171033111 0.002676786226918856 -5.216793756306911 -0.01172546283231124 -0.002676888404954663 0.9999276712762544 284.573754515093
0.9999256418199693 -0.0010838675255883945 0.012146442686163732 -0.2476459779484051 0.0010773315850385098 0.9999992713657504 0.0005446309455539712 -5.2608329373075815 -0.012147025169660357 -0.0005315047011927422 0.9999260809060927 286.1599650311856
0.9999296878532459 0.0003795842513102032 0.01185222642183459 -0.2382790516144478 -0.0003618601205984985 0.9999988132196688 -0.0014975370657951874 -5.304460282955839 -0.011852781800226763 0.0014931429614554999 0.999928638494412 287.6787836588164
0.9999395072245927 -0.0012632495167233231 0.010926394679493492 -0.22321228478269062 0.0012811256435600327 0.999997852212359 -0.0016291979437317993 -5.337124050839263 -0.010924314052846102 0.0016430975156876838 0.9999389779312774 289.24434841412653
0.9999437309057824 -0.0028481717510390643 0.010218754857417767 -0.21243576992066426 0.002865088992386874 0.9999945487912733 -0.0016412339362738956 -5.378546849658169 -0.01021402550104878 0.0016704192710036332 0.9999464402534555 290.80966046955257
0.9999552979126403 -0.002506276536495362 0.009117059009093638 -0.20141898927133384 0.002527161061437957 0.9999942077559989 -0.0022798920849259412 -5.41582185050684 -0.009111292932505267 0.002302830500237063 0.9999558396777716 292.35569900776846
0.9999608210702844 -0.002233187761728395 0.008565582705936613 -0.19641717043852275 0.0022536509546192338 0.9999946281285428 -0.002380077371593092 -5.45479174730495 -0.008560222258277076 0.0023992880123181364 0.9999604822215882 293.95810098626566
0.9999649510465761 -0.0025066069610099207 0.007988342160635865 -0.1868463504759072 0.0025250589950086572 0.9999941656349556 -0.002300602012932642 -5.486835439379236 -0.00798252952501679 0.0023206924686245438 0.9999654462039345 295.49143641613875
0.9999722459628685 -0.0023025176607125893 0.007085599933014663 -0.18188060930492161 0.0023156453244520987 0.9999956167635577 -0.0018450574941907402 -5.531965226935287 -0.007081321197475467 0.0018614140669668989 0.9999731946512379 297.07066139237605
0.9999783779231056 -0.002882235141115668 0.005910703606040195 -0.17074843977669807 0.0028866060764737127 0.9999955665122351 -0.000731065770028041 -5.562555069799628 -0.005908570797287701 0.000748111857573853 0.9999822643995254 298.67081093256155
0.9999833117739693 -0.002421330176452706 0.005245316292691397 -0.16697567018836584 0.0024169281282917007 0.9999967218373546 0.0008454402917258462 -5.598795207762772 -0.005247346630382228 -0.0008327486406261588 0.9999858858391217 300.2166853961855
0.9999803524286535 -0.0016264556618945415 0.006053875394752457 -0.1593497506934896 0.0016214951832142152 0.9999983457011065 0.0008242243806767364 -5.629923701579348 -0.006055206455184254 -0.0008143918667545806 0.9999813354431244 301.8293305368392
0.9999747135564651 -0.0005945455605274493 0.007086520358710434 -0.16044400172598627 0.0005880478058934366 0.9999994048450722 0.0009189712750427544 -5.661778063543262 -0.0070870631095545054 -0.0009147808365851386 0.9999744680270716 303.40473969446793
0.9999711545098768 -0.0014710201984224538 0.007451594241028578 -0.1472703996738982 0.0014648433854227705 0.999998579063336 0.0008343277508111372 -5.694684439084705 -0.007452811594811498 -0.0008233882747193157 0.9999718884171086 304.99956286959195
0.999964325304598 -0.0037058298287149898 0.007590451587283414 -0.12905761844898372 0.003708767394859435 0.9999930529544392 -0.0003729372218309641 -5.726492847933764 -0.007589017455593043 0.00040107515368766186 0.999971122556037 306.61442210602104
0.999953634017451 -0.005364675570714012 0.007996879705624025 -0.1151095031829732 0.005381484736119255 0.9999833525400387 -0.002081888113351702 -5.7647542404624765 -0.007985578599788348 0.0021248267231224033 0.9999658572365431 308.1900354620829
0.9999513924348283 -0.005798955104313698 0.007974014136347409 -0.104756611813842 0.005825023876252635 0.9999777535704243 -0.0032498390743901893 -5.804269947323914 -0.007954991746655442 0.003296130006238976 0.9999629261258998 309.8167156576455
0.9999685558231658 -0.00526390029354481 0.005931166117754423 -0.10186148474242196 0.005288246993695945 0.9999776257390292 -0.004096639899109153 -5.84844005008727 -0.005909469610723667 0.004127876645229117 0.9999740190610168 311.4235150465565
0.9999844436169143 -0.004294703777406213 0.0035592209555022278 -0.0978794495227987 0.004308345597886776 0.9999833692755046 -0.0038339698763172688 -5.887959341745533 -0.0035426963003949738 0.003849244669586564 0.9999863162132907 313.03650833948245
0.9999914039966248 -0.0024420948115394334 0.00335083774026191 -0.0995627058222851 0.0024439493668041764 0.9999968626123485 -0.0005494300936024148 -5.926738135193953 -0.0033494857503490122 0.0005576146640589457 0.9999942349868062 314.6620910126353
0.9999847670304679 -0.00412490048348923 0.0036675486518737916 -0.10668869522514512 0.004115743167687818 0.9999884028247085 0.002500973454495681 -5.966359917011205 -0.00367782269378139 -0.0024858407117813192 0.9999901470575314 316.29197474082673
0.9999817685210496 -0.004616407263391775 0.003892482537755626 -0.10808207449527163 0.004603800764118288 0.9999841486564187 0.0032415193475013194 -6.003746401645568 -0.003907385337404928 -0.0032235400925488627 0.9999871704802135 317.9108716450727
0.9999763214809909 -0.0055618636123550315 0.00405242672613958 -0.11078076533274328 0.00555204118898338 0.9999816319830933 0.002431157667046038 -6.044208941589887 -0.004065874399715631 -0.002408600900640394 0.9999888335889868 319.55026625974557
0.9999692377510511 -0.006434296363527756 0.004485910704530019 -0.10706458370144079 0.006425951674985242 0.999977600694065 0.0018722305216011053 -6.078256648262243 -0.0044978570874370264 -0.0018433467099201659 0.9999881856050367 321.17469651420595
0.9999653997223187 -0.0069088591643417345 0.004633253356553204 -0.10849730224670051 0.006898323860436234 0.9999735931267177 0.00228608150049222 -6.117415278154307 -0.004648925612499121 -0.002254040754611135 0.9999866533039438 322.80291108431345
0.9999637963401093 -0.006759834500673691 0.005168235704877529 -0.10535807130928942 0.006747471159923619 0.9999743411406061 0.0024059686014277974 -6.164673749033214 -0.0051843674791239485 -0.0023710090125306183 0.999983750190396 324.4371763835385
0.9999669250317097 -0.0057114597678909335 0.005790343959143008 -0.10756824641915652 0.005701542461623441 0.9999822532980033 0.0017278585463542007 -6.199286015001609 -0.005800110282586689 -0.0016947875298480852 0.9999817430384266 326.0615417624304
0.999967903910502 -0.004999192637254389 0.006260929212741097 -0.10771488891424175 0.004992342065954633 0.9999869228086672 0.0011093807611026211 -6.239679565874639 -0.006266393873841647 -0.0010780884663591974 0.9999797848091516 327.679498919155
0.9999585367087289 -0.005671498667096896 0.0071245336673441545 -0.0952085874248999 0.005654521577350096 0.9999811309841615 0.0024008443973869437 -6.281902732274567 -0.007138016221112011 -0.002360459057498217 0.9999717380762531 329.3126184777419
0.9999504480336755 -0.006951334244641805 0.007126039873504547 -0.0865754062201719 0.006926191640975575 0.9999697230009111 0.0035469623595694106 -6.321249692730869 -0.007150480840261786 -0.003497430340597073 0.9999683187975561 330.94199709661694
0.999949888531944 -0.007185012322206932 0.006971085841105127 -0.07972170283080449 0.007164874674624101 0.9999700992621129 0.0029094920097165744 -6.356184645543633 -0.0069917827244702175 -0.002859399299570362 0.9999714689949509 332.56451444110434
0.9999506698706324 -0.006909129428094695 0.007135949173023118 -0.06995327024547826 0.0068887491856783525 0.9999721344726665 0.0028767002239540656 -6.406261487600217 -0.007155626422136161 -0.0028274005965194205 0.999970400967074 334.1894749921356
0.9999627599744293 -0.005457323735847584 0.006685528803306943 -0.06420621875453336 0.005452878613062557 0.9999848997037463 0.0006829877567173184 -6.424784634171535 -0.006689155699519128 -0.0006465069483276293 0.9999774183542451 335.80708769734684
0.9999751390917564 -0.0029734898494671903 0.006393713095063152 -0.06544544342131553 0.002984757638871809 0.9999940082552571 -0.0017534740687164966 -6.47868482094298 -0.006388461389336514 0.0017725142021716217 0.9999780226324916 337.40865592618746
0.9999830069679174 -0.0024496502662751836 0.00529008490573289 -0.06159765956158869 0.002459008240403895 0.9999954222677727 -0.0017631558445805882 -6.5195419538059145 -0.005285742021922313 0.0017761342867768156 0.9999844530153347 339.0207313380125
0.9999899799209836 -0.0015693033853865293 0.004192535252701285 -0.06012121335957599 0.0015644365437347645 0.9999980989499375 0.0011638866966364413 -6.564051595661906 -0.004194354127223835 -0.0011573160972346624 0.99999053395927 340.63671684770935
0.9999934657938809 -0.0004268241267531732 0.0035897347809982433 -0.06730698878962982 0.0004124461267049958 0.9999918944774774 0.004005104995276306 -6.59116285787695 -0.0035914154599879875 -0.004003598328548078 0.9999855363613224 342.24398609429005
0.9999983031566038 0.0001531025139087181 0.0018358229241618978 -0.0558203580590495 -0.00015959071793139948 0.9999937405778685 0.0035345912665876644 -6.626582091539542 -0.0018352704303968184 -0.0035348783175330276 0.9999920681765008 343.85013602503784
0.9999998654198913 -0.00014713321586203552 0.0004975067787043768 -0.06631934458811861 0.00014618807343599188 0.9999981856751665 0.0018992827220891651 -6.659128973393559 -0.0004977853641530763 -0.0018992097738409614 0.9999980726039182 345.45301788901475
0.9999980073945997 -0.0012986223329072635 -0.0015161749090380069 -0.05962324692912169 0.0013029781681412334 0.9999950171218254 0.002875408989570039 -6.683363399515097 0.00151243341403276 -0.0028773788597686364 0.9999947166056098 347.044183456814
0.9999915246369209 -0.0032638083432692325 -0.002509623411977544 -0.06153132520744098 0.003273520462294458 0.9999871320227389 0.003875544772896157 -6.724418118355689 0.002496942297227526 -0.003883727305918847 0.9999893409164745 348.6584725704825
0.9999905174459737 -0.0033201771888063183 -0.0028180562930061543 -0.06820478725930212 0.0033287455915927515 0.9999898351200082 0.003041233987760652 -6.745674497812727 0.002807930452090719 -0.003050585801426237 0.9999914046922702 350.25724477109975
0.9999882126114716 -0.0035448625916681305 -0.0033179189657420475 -0.06811394396368464 0.0035526642281884756 0.9999909318439844 0.002348361408359131 -6.772365807374534 0.0033095645416749706 -0.0023601212258287396 0.9999917382742611 351.8477244595793
0.999987084764502 -0.004020305472427897 -0.0031092520028209577 -0.07679621216162125 0.004026216918290984 0.9999900949722531 0.0018972424444142484 -6.797205736355209 0.0031015939753521703 -0.0019097365011846005 0.9999933664916032 353.44963968255155
0.9999841087374286 -0.004554124663338448 -0.0033229837805427943 -0.08684334794518334 0.004560189722004575 0.9999879464110036 0.001819806591419279 -6.831605574753639 0.0033146563825044856 -0.0018349311442540594 0.9999928230177902 355.03997292975333
0.9999815660004886 -0.005100162895749107 -0.0032948441992522778 -0.09509430749083625 0.005105028774671512 0.9999858887925076 0.001469996673007677 -6.8694300180309105 0.0032873007619006788 -0.0014867898776098416 0.9999934915366997 356.62705109932733
0.9999804295064965 -0.005357228810235294 -0.003231207901743666 -0.1065053497270455 0.00535980330297626 0.9999853252625854 0.0007885182688537832 -6.906919716712987 0.003226936485559398 -0.0008058214903539125 0.999994468753998 358.23274444751763
0.9999788325490919 -0.0056850873303624285 -0.0031645279686983766 -0.1169404641457571 0.005687426270701065 0.9999835596465891 0.0007304872953166364 -6.944592783687542 0.0031603233267506496 -0.0007484698652381768 0.9999947260636581 359.8065646807234
0.9999788051983559 -0.00578093985813127 -0.0029949775160175943 -0.12786067661768785 0.005781015964658217 0.9999832896456934 1.6629754243267905e-05 -6.974328159566086 0.002994831586791199 -3.394341329374606e-05 0.9999955149084219 361.4147214285854
0.9999749538383726 -0.006358232322229056 -0.0031087907342591814 -0.14070299762503347 0.006356505045139689 0.999979637423988 -0.0005653081797573359 -7.019188863108662 0.0031123220550290437 0.0005455329900571823 0.9999950079128875 362.9916118954221
0.9999630554630144 -0.007973555392054306 -0.0032109385773815722 -0.14815857452287107 0.007972603539386789 0.9999681704545458 -0.00030929237276997626 -7.048121778983526 0.003213302806414604 0.00028368141491895535 0.9999947970943068 364.5744830235338
0.9999362702972541 -0.010878551850882002 -0.0030186848598613555 -0.1577782152472822 0.01088288046736365 0.9999397700117824 0.0014210036143626277 -7.103201239901926 0.003003044838752649 -0.0014537650634950292 0.9999944341317317 366.18112144881957
0.9999423869458263 -0.01029625062749228 -0.0030348009089728387 -0.16726160468504736 0.010298441730991221 0.9999467196781945 0.0007070309397464691 -7.132438521231648 0.003027359703219673 -0.0007382439349952164 0.9999951450355367 367.76441765938705
0.9999541486795513 -0.009228737081907941 -0.0025555734110051416 -0.18303864852406304 0.009228891241833216 0.9999574117050164 4.830263412213408e-05 -7.175235820402725 0.00255501901781423 -7.188552488628051e-05 0.9999967333520466 369.38618672095146
0.9999657651368384 -0.00791742861897533 -0.002404762568423051 -0.2020027273940307 0.007918799995168103 0.999968488399326 0.0005610758452399004 -7.204488164102806 0.002400244716421482 -0.0005800994780273129 0.9999969511524254 370.9699817592451
0.9999746125068445 -0.006924213709949983 -0.0016821449495757878 -0.21393441755965892 0.006926578718523086 0.9999750254064516 0.0014039452428385238 -7.244246424560186 0.0016723818647579368 -0.001415561133558819 0.9999975996614229 372.5934942883476
0.9999796581499159 -0.006168000436824932 -0.0016245189594867495 -0.23105175595254124 0.006169759747290435 0.9999803836904059 0.0010799496821746225 -7.282533712522536 0.001617826100345567 -0.001089950623762962 0.9999980973227992 374.18931201635667
0.9999824553878097 -0.0057959293020471755 -0.0012231620287320361 -0.24368165847368123 0.005796824667044537 0.9999829322296018 0.000729428480309219 -7.326178016545215 0.0012189135401920903 -0.0007365061496611578 0.9999989859047741 375.8036347538561
0.9999834636236755 -0.005708627430778436 -0.000695742858966783 -0.26254887576410446 0.005708706366376468 0.9999836990399962 0.00011098970686547673 -7.362270318869846 0.0006950979780380735 -0.00011495966164820241 0.9999997518120685 377.4222570585046
0.999985208785137 -0.0053910642744314785 -0.0007201685069433848 -0.27698997425048877 0.00539110991794331 0.9999854659993545 6.096726945813243e-05 -7.402724472340393 0.0007198294228049388 -6.484887299593704e-05 0.9999997388206563 379.0046835089879
0.9999892329582789 -0.0046404675562907415 5.876872551385023e-06 -0.28862966457710126 0.004640467812946388 0.9999892329401734 7.486156055857604e-06 -7.44085693345764 -5.911548710877887e-06 -7.458800604318147e-06 0.999999999954706 380.63367687666744
0.9999946135030614 -0.003274999125521606 -0.00021760029547415955 -0.30025132118936526 0.003275082086559874 0.9999945643150481 0.00038101574196712143 -7.474716555173298 0.00021635130526506414 -0.0003817263536494515 0.9999999037387419 382.2262369437895
0.9999974258077771 -0.002264615564591564 0.00014105931886768553 -0.30773511888445865 0.002264587049038971 0.999997415208426 0.00020302360175667637 -7.511718365139179 -0.00014151873630687938 -0.00020270364017465275 0.9999999694417468 383.837779603266
0.9999988234487854 -0.001203837025093463 0.0009507264098237997 -0.31685451161212025 0.0012041487883446608 0.9999992214375246 -0.000327335020715233 -7.550082213139222 -0.0009503316921024533 0.00032847945981244486 0.9999994944846216 385.4563047938554
0.9999997126194382 -1.6136257902863924e-05 0.0007579589700712117 -0.32384928092250304 1.6358981969760017e-05 0.9999999566949863 -0.0002938408075884438 -7.588348700763713 -0.0007579542600480019 0.0002938531290023226 0.9999996695772099 387.06725012826826
0.9999985023417649 0.000998840596628977 0.0014133760980264611 -0.32958720204529474 -0.0009992951183589883 0.999999449226375 0.00032087046974855365 -7.61966560440558 -0.0014130549403441124 -0.0003222823749962905 0.9999989497033764 388.69028783754305
0.9999967912678329 0.002109413608740296 0.001402792402655492 -0.33370740684768296 -0.0021104698671207097 0.9999974903422473 0.0007518176341714745 -7.654312870609643 -0.0014012031057176145 -0.0007547757882368651 0.9999987334699469 390.3086980750046
0.9999931031561244 0.003277616647928857 0.0017466727453420438 -0.33799033729882266 -0.003278873325020854 0.9999943674587523 0.0007169702998150936 -7.69105384168864 -0.0017443131003829207 -0.0007226924889893124 0.9999982175409446 391.94125508981296
0.9999921988147438 0.003270442187025743 0.0022150653524785416 -0.338116713227838 -0.003272456014062521 0.9999942350468325 0.0009060411762502246 -7.726335753850195 -0.002212089613857912 -0.0009132828306938681 0.9999971362814867 393.5805162518747
