1.0 -3.469446951953614e-18 0.0 -1.5585406229479126e-19 0.0 0.9999999999999999 -3.5744790374131474e-19 0.0 2.168404344971009e-19 -2.405573570202213e-19 1.0 0.0
0.9999995697529869 -0.0009035185326197234 -0.00021011709727722654 0.0012891276216170076 0.000903796358909437 0.9999987129066772 0.0013256453147696286 -0.018216159629967657 0.00020891910052226316 -0.0013258346730921405 0.9999990992574778 1.3106429997350186
0.9999993919347536 -0.0010914692933270635 -0.00015756382940401562 -0.017114788110145274 0.001091682409567368 0.999998481458355 0.0013584213570351964 -0.03991979230728146 0.00015608092930730695 -0.0013585925667560727 0.999999064932284 2.612578530475104
0.9999978454774309 -0.001950284085246853 -0.000710939012317493 -0.018341867218528648 0.0019511894901145053 0.9999972837488197 0.0012748927120141064 -0.07557223455442877 0.0007084507393028887 -0.0012762771661963197 0.9999989346071716 3.9360221177204444
0.9999968198667869 -0.0025127148946132213 -0.00021569310975118696 -0.025614745467203465 0.002512959743178285 0.9999961907252833 0.0011417374458879965 -0.0857461041891645 0.00021282344651732334 -0.001142275863875964 0.9999993249560429 5.2561947336936585
0.9999963706110963 -0.0026649330103585382 -0.0003961059734297113 -0.03203109999482423 0.0026654718556908853 0.9999955150925176 0.0013656685335466903 -0.10395221798113244 0.00039246481623544287 -0.0013667194115453334 0.9999989890246161 6.57124087915219
0.9999922980587986 -0.003912375987776344 -0.00031167627859666797 -0.03063911459147547 0.003913054050871967 0.9999899137535995 0.002204629970422439 -0.1433016007758549 0.00030304782126797905 -0.002205832637344434 0.9999975212295581 7.9120432945191945
0.999991231598649 -0.004184332141518383 -0.00016761790717018457 -0.05067618638242497 0.004184738259000091 0.9999881217631273 0.0024988581863644404 -0.16020617933491904 0.00015715987914090962 -0.002499537758631811 0.9999968638013171 9.22768584753807
0.9999929137256605 -0.003704747538996602 -0.0006688409482148081 -0.052911958188234756 0.0037059618681663225 0.9999914708727448 0.0018231903227166645 -0.18708987757470047 0.0006620808414151038 -0.001825656135825619 0.9999981143132212 10.55796751723041
0.9999991685532323 -0.0011690470604312601 -0.0005442635117199567 -0.06396591543620928 0.0011687324445869805 0.9999991498989489 -0.0005781557829640849 -0.20484532985247486 0.000544938986020612 0.0005775192156680117 0.9999996847568726 11.879131930899392
0.9999978133302735 0.0019954815179347735 -0.0006256066548695671 -0.06465802425502783 -0.001996524379904405 0.9999966115190719 -0.0016705820717010525 -0.24070246804530132 0.0006222709704571199 0.0016718274885453085 0.9999984088849847 13.2201790616178
0.9999885813783803 0.004755859161871632 -0.00046787449865286755 -0.09251139391720828 -0.004756672928103892 0.9999871501867513 -0.001753149574697453 -0.2541013468734195 0.00045953079117780154 0.001755355112688844 0.999998353778857 14.564815100326806
0.9999857215963326 0.0053421208596964725 -0.00013541576825467825 -0.10916817390025962 -0.005342255902623059 0.9999852152954934 -0.0010146442554015563 -0.28357997392786893 0.00012999342373955225 0.0010153532094040515 0.9999994760796895 15.916351199975754
0.9999939253812206 0.0034846565422626055 7.976906538876703e-05 -0.1031504131718885 -0.0034847949160680325 0.9999923031737851 0.001802721199331039 -0.31309518208798026 -7.348659217399798e-05 -0.001802988265465226 0.9999983719152902 17.256052769562523
0.999999443726781 -0.0010140380960950556 0.00029030137733785234 -0.12032301526416571 0.0010129633685495194 0.9999927199313998 0.0036788567618877524 -0.3393899477742559 -0.0002940297866213537 -0.0036785607222646053 0.9999931908457258 18.61565534604042
0.9999951348546604 -0.0031158251141412945 -0.00014800365138199138 -0.10799740708767683 0.0031160737559884615 0.9999936844681454 0.0017091235906558486 -0.3785012241224749 0.00014267740011489967 -0.0017095764972410556 0.9999985284948517 19.960320652731934
0.9999928042736032 -0.0037931039737130277 6.138887937564446e-05 -0.1187106087678636 0.003793139424063171 0.9999926355496758 -0.000583896009940723 -0.38191597753509854 -5.917365421915632e-05 0.000584124679427934 0.9999998276483228 21.30593756400755
0.9999988711164641 -0.0014777442570554945 0.00027210362372214695 -0.1256088048838847 0.0014782562323511078 0.9999971199884692 -0.0018907065331854557 -0.4376653966984919 -0.00026930888353771955 0.0018911066762990357 0.9999981755921726 22.66092284645554
0.9999993889737397 0.0004066334725681903 0.001027960202776098 -0.13697411770458898 -0.00040596557304138376 0.9999997064215923 -0.0006498841696239404 -0.43284222782249393 -0.00102822425309506 0.0006494664694010248 0.9999992604730402 24.029316914269042
0.9999979783878542 0.000662185709712766 0.0018986131218724689 -0.15004737163169496 -0.0006689092531366701 0.9999935004545351 0.003542825071140032 -0.45552228758171737 -0.001896254931030607 -0.0035440879776235962 0.9999919217952509 25.42469693564397
0.9999974451834047 -0.0009499874772554567 0.0020511349855816523 -0.13763273627792083 0.0009410359013979196 0.9999900488841907 0.004360800568037566 -0.4822778032219598 -0.0020552574505124047 -0.004358859318843405 0.999988388062786 26.790556491021608
0.9999861119404514 -0.004910412644747926 0.0019141010759017752 -0.14784467311637073 0.004903295404638762 0.9999811128883188 0.0037056111032686746 -0.5158262799240281 -0.0019322611636276436 -0.0036961743040305455 0.9999913022923866 28.16079280697586
0.9999851613524651 -0.005124796717400678 0.001847577513879883 -0.1585215957596341 0.005122605730718046 0.9999861726887277 0.001188837693583051 -0.5270472167173559 -0.0018536446736927338 -0.0011793556594924016 0.9999975865567311 29.51673138697082
0.9999832887930764 -0.005184360972990951 0.0025582310190055066 -0.16111251120703549 0.005186612289786979 0.9999861674464767 -0.0008740492322850498 -0.571958464735442 -0.002553664461576545 0.0008873032018457295 0.9999963457370161 30.90681290993504
0.999991385079502 -0.0027855641262309935 0.0030774026745441522 -0.1756349943670864 0.0027920301208929684 0.999993899849543 -0.0020987681279114137 -0.5762286429787613 -0.0030715379098130158 0.002107342294319386 0.9999930623555497 32.2905070189392
0.9999927754607991 -0.001346300821825996 0.0035547864569168376 -0.17982279683495256 0.0013604047129934984 0.9999912016175275 -0.0039681210507692055 -0.6245879751898702 -0.00354941319901454 0.003972928413397138 0.9999858086498988 33.67582149796209
0.9999925246166547 -0.0007174596692198099 0.0037994694583247937 -0.19294268628183492 0.0007323933823889794 0.9999920072349886 -0.003930529879821789 -0.6374743768367243 -0.003796619417392573 0.003933283285054827 0.9999850573677597 35.06809391751858
0.9999943923967122 -0.0009588079045568278 0.003208717512804272 -0.18694098977566173 0.0009665576240756608 0.9999966179468337 -0.002414510291659595 -0.6798518428834434 -0.003206391882067528 0.0024175982134127826 0.9999919371003635 36.45965812534361
0.9999951158676045 0.0001838767505812182 0.0031200054374786066 -0.19968307978895683 -0.00018031332911641954 0.9999993312421342 -0.0011423671965610604 -0.7007315334738168 -0.003120213670343397 0.0011417990634241832 0.9999944802635025 37.85990393428686
0.9999933124838221 0.0024757630297073127 0.0026917622732192704 -0.19766407151304455 -0.002473302196792643 0.9999965207441195 -0.0009172134057442411 -0.7267179896165051 -0.00269402393950247 0.0009105497485645731 0.9999959565571024 39.25899019469706
0.9999836344145634 0.0047299002956003675 0.0032185308973862793 -0.21277076362262187 -0.004727398738631868 0.9999885180728616 -0.0007844952831113776 -0.7571201733752867 -0.003222204800159628 0.0007692671796446067 0.9999945127949892 40.65834040352593
0.9999678136238859 0.007375449183346286 0.003158235911271367 -0.22127525893874267 -0.007373936889054211 0.9999726919310227 -0.000490369831073142 -0.7872711042491469 -0.003161766631769423 0.0004670654216852051 0.9999948925257596 42.08068236197371
0.9999572453212792 0.00874347285898868 0.003009849913143931 -0.2326709318047383 -0.008742081629662782 0.9999616743434737 -0.0004752601625779982 -0.8179251266137987 -0.003013890238626923 0.0004489274939530672 0.9999953574521399 43.47057922985541
0.9999680360109768 0.007603436150973716 0.0024727923880685254 -0.23688956168879996 -0.007601893969315176 0.999970905058709 -0.0006326613207860867 -0.8427505630166712 -0.002477531052639194 0.0006138432011560293 0.9999967425112243 44.89548130853542
0.9999715355772882 0.007372987247292705 0.0016022112733274753 -0.2307339965438137 -0.007371202160426572 0.9999722079074992 -0.001117500320998227 -0.8800851163064604 -0.001610406197608636 0.0011056583062532782 0.9999980920527897 46.29392473762734
0.9999759692278966 0.006892451234341866 0.0007450298711119596 -0.2428346456437937 -0.0068919402033637295 0.9999760143692062 -0.0006869213166079587 -0.9111076236909962 -0.0007497466371389795 0.0006817701168059321 0.999999486534021 47.72257110784704
0.9999757451882864 0.0069580484308798506 -0.00030754223319905843 -0.24652378645694512 -0.006958104197519401 0.9999757760574861 -0.0001791610763120225 -0.9374594714226758 0.0003062881971526081 0.00018129663969283696 0.9999999366597588 49.12744644831981
0.9999692994002725 0.007726292959765712 -0.0013056168825731408 -0.2592108772204002 -0.007726266826015624 0.9999701516395657 2.54423937102037e-05 -0.9658830773556587 0.0013057745972991698 -1.535407548864526e-05 0.999999147359186 50.55305046159543
0.999968403032054 0.007615830072993904 -0.0022786069745911863 -0.2757169581022665 -0.007615407608272873 0.9999709835059538 0.00019424010272371995 -0.9896262608650446 0.0022800203493529548 -0.0001768814556090434 0.9999973851086376 51.99355122840366
0.9999602077263517 0.008191943038055812 -0.003531997875680804 -0.2838893631102666 -0.008188115005987392 0.9999658750357502 0.0010970661419081754 -1.0231457755924316 0.0035408647492958896 -0.0010681021125520265 0.9999931606972914 53.408100119553154
0.9999679913000902 0.006809806456863812 -0.004200343947419227 -0.30240118819952383 -0.006801578328107947 0.9999749281030779 0.0019702058761365605 -1.0504522406127392 0.004213655714749948 -0.0019415738909557266 0.9999892376444091 54.861222514968084
0.999979405039092 0.00422863864661453 -0.0048278458405510444 -0.3050928363904011 -0.00421683488615697 0.9999881015691381 0.002452556063155261 -1.0672075196168684 0.004838159780674953 -0.0024321473792046537 0.9999853383319743 56.26054708718263
0.99998290872676 0.0027683583564679943 -0.005149604960815705 -0.3289102509126328 -0.0027591099209730375 0.9999945696401683 0.0018022228738693324 -1.0996066110448264 0.005154566632233411 -0.001787983787003138 0.9999851166728777 57.691809369231535
0.9999852555101548 0.0013232982321073512 -0.0052666527704620155 -0.34026908414314294 -0.0013131634915276025 0.9999972804943431 0.0019273316978420567 -1.1239497116133534 0.005269189329160495 -0.0019203873473288505 0.9999842737598491 59.14271717865998
0.9999877316209125 0.0007403910321068788 -0.0048977972614758294 -0.35095598157512337 -0.0007278259625002649 0.9999964410325926 0.0025667474079691735 -1.1573017014724378 0.004899680643234168 -0.002563151229204897 0.9999847115808312 60.5384576643243
0.9999902086672768 -0.0007712779411479919 -0.004357486988334977 -0.3681753906149432 0.0007864727717501498 0.9999936131691268 0.003486413570976924 -1.1853432428695236 0.004354770534823112 -0.0034898065509465534 0.9999844284951807 61.99602304020314
0.9999864379484921 -0.003368030422043094 -0.003972440999076286 -0.3811182959720524 0.0033799500120182315 0.999989795027879 0.0029976278436629382 -1.203310828585365 0.003962304696181161 -0.003011013901673805 0.9999876168957181 63.39664086407401
0.9999841921190787 -0.0042253032919741945 -0.003709760493399469 -0.3863048996554562 0.004232504089473904 0.9999891702656609 0.0019352659963741059 -1.235214441413845 0.003701543546582518 -0.0019509370186085245 0.9999912461753343 64.81710640132702
0.9999872724033586 -0.004132270496883122 -0.002894714546907377 -0.39854377189692847 0.004137558544776029 0.9999897784018734 0.0018231004185411816 -1.267410590062512 0.0028871516599916743 -0.0018350543011168867 0.999994148451106 66.26916262399524
0.9999949336951807 -0.002345435272492317 -0.0021520959846143507 -0.4152672316633139 0.0023490068707436723 0.9999958657701903 0.0016584949535285837 -1.298336968072425 0.0021481973778450535 -0.0016635418720821757 0.999996308933403 67.63195579097916
0.9999988146958549 0.00030028165054971166 -0.0015101108620904115 -0.4361000622128055 -0.0002959728468370851 0.9999958871615472 0.002852728519205452 -1.324959661478727 0.0015109614032630411 -0.0028522782437203076 0.9999947907401906 69.09890731102334
0.9999915306416546 0.004055040974245089 -0.0007037605232479386 -0.44937259706863425 -0.004052209137250987 0.9999838692572993 0.0039800544082219625 -1.3532431352118472 0.000719888518572398 -0.003977168996971617 0.9999918319112862 70.46936210151658
0.9999726899829064 0.007386603209522345 0.0002395123794699948 -0.4694891683405287 -0.007387655594507352 0.9999614901689947 0.0047371656339720595 -1.3795989648139986 -0.0002045116069261453 -0.004738805795758506 0.999988750884431 71.90918225157857
0.9999319694936394 0.01164394045223557 0.0006892086731442875 -0.4789303677291983 -0.011646711458255079 0.9999235127214451 0.004162072293845043 -1.3971430365217814 -0.0006406930869929772 -0.004169816251093441 0.9999911010327818 73.27481430742371
0.9998811842676983 0.015349209787486637 0.0014209391550688729 -0.4940651455203662 -0.015354239618785888 0.9998756411600644 0.003598552475000173 -1.4252396056327816 -0.0013655276252580021 -0.0036199424326191763 0.9999925156469396 74.67119914181835
0.9998502239342014 0.017151666999383988 0.0023130010766842356 -0.5108550692969851 -0.017159775359422733 0.9998465217648255 0.0035320065943218446 -1.4512035965244794 -0.0022520664688783975 -0.003571168244846793 0.999991087436127 76.11474035553188
0.9998470378161658 0.017296675528872693 0.0025934420663978764 -0.513299198628821 -0.017306857315972993 0.9998423994652192 0.003955877665078461 -1.477408867962491 -0.00252461001729158 -0.004000156987231801 0.999988812480345 77.48188169594148
0.9998610080517522 0.01646001012150683 0.0026519056643238264 -0.5189779092382811 -0.016470216875088026 0.9998568530137182 0.0038736908826170133 -1.5093165586371016 -0.0025877652773986706 -0.00391683001990234 0.9999889808947311 78.89730814125511
0.9998764628375644 0.015547494669141683 0.002309639597492938 -0.5217795432487726 -0.015553703009624751 0.9998754035894565 0.00269437560951761 -1.533713474807737 -0.002267461224621724 -0.002729966266231721 0.9999937029307977 80.25978544380857
0.9998839458515688 0.015083384989267866 0.002141562318021854 -0.5303585039665212 -0.01508925536952087 0.9998823648308297 0.002751528924976206 -1.566745832546304 -0.0020998082010122675 -0.002783524244045335 0.9999939213795144 81.64095807385986
0.9998954891026227 0.014378830729485835 0.0015033510538503593 -0.5314209145564478 -0.014383297822011663 0.9998920442272934 0.003003443172303377 -1.5852752176094627 -0.0014600028792618551 -0.0030247524951449276 0.9999943596153239 83.05530632713294
0.9998992138368676 0.014135412848146935 0.001323721251582962 -0.5495140071652611 -0.014138723720166155 0.9998968540150105 0.002525442117635384 -1.617510091272724 -0.0012878866557413022 -0.002543903376993049 0.9999959349428399 84.4216648825734
0.9999037707079629 0.01385996149068782 0.0005922477076400427 -0.5562477067841274 -0.013861469149529345 0.9999004909968381 0.0026206510185898414 -1.6376625775621152 -0.0005558666971643303 -0.0026286083205003283 0.9999963907085748 85.81019751006922
0.9999065942598034 0.013653715871080132 -0.0006154375676473665 -0.5652407954830767 -0.013651557685403382 0.9999010816201125 0.003385554788941279 -1.6722573982807962 0.0006616021505179491 -0.0033768369547880067 0.9999940796107293 87.17967172105827
0.9999307454516393 0.011640345227675292 -0.0017339644978350973 -0.5725108224017748 -0.011632526580586496 0.9999224229328402 0.004453365928967606 -1.696535445207914 0.0017856688525623489 -0.004432887222750702 0.9999885803856072 88.54323266180066
0.9999552538969968 0.00907176966554819 -0.0026820093438200154 -0.579599914029957 -0.00905839264331844 0.9999466771439195 0.004958670223799131 -1.7201366114254504 0.0027268504794056704 -0.004934153755338408 0.9999841090833164 89.9014665479111
0.9999572152589873 0.00845176018449898 -0.0037597042363452836 -0.5856696158976187 -0.008432594987316274 0.9999515176925619 0.005084645827494585 -1.7480696043531492 0.0038024964892667294 -0.005052724328296757 0.9999800053028924 91.26419796697111
0.9999645120276618 0.007427049132374661 -0.003976632165916628 -0.6112315913575508 -0.007408705356304468 0.9999619378068336 0.00460804048009978 -1.7722651415258053 0.0040107052917997005 -0.004578415353249096 0.9999814760106698 92.64181898567796
0.9999706590818908 0.006327927679159206 -0.0043172080725209444 -0.6166531809081455 -0.006309450386016857 0.9999709345636865 0.004280289186583695 -1.8020046855694776 0.004344168321563308 -0.00425292448103354 0.9999815202513294 93.96075084083525
0.9999726996095315 0.005816746194377032 -0.004556915508138298 -0.6411221916698555 -0.005799857735571426 0.9999762959490816 0.0037106874046503114 -1.8188779585954218 0.004578392007145372 -0.003684156720567834 0.9999827325136479 95.3695951995924
0.9999754797273334 0.005331725980475858 -0.0045401126581554405 -0.6444449125879317 -0.0053175588627775265 0.9999809729099038 0.0031268827525967875 -1.8430346923987397 0.004556698342283112 -0.003102663833218338 0.9999848048779136 96.71376282778549
0.9999692727635413 0.006609082418266809 -0.0042158672658339095 -0.6651669801920213 -0.006599199175163849 0.9999754542948291 0.002354015974264195 -1.8732526812062842 0.00423132202902921 -0.0023261223484265185 0.9999883424706187 98.06588061579899
0.9999597936491166 0.008067923252874237 -0.003914035637328018 -0.6881865495009245 -0.008058609401708425 0.9999646734614489 0.0023896988317254975 -1.8958985261153014 0.003933177608551404 -0.0023580611221258522 0.9999894847794234 99.42828389593423
0.9999587632438734 0.00817614403187721 -0.003952525211494015 -0.6935737145185246 -0.008160659967312356 0.9999590255204954 0.003918025741913709 -1.9262280477355957 0.0039843979409612705 -0.003885609047066109 0.9999845131919152 100.75296921013958
0.999958268979531 0.008285328717294357 -0.003848844298443443 -0.717754360915744 -0.008265363615255107 0.9999524520139675 0.0051746973000350634 -1.9478807106775802 0.003891535694300394 -0.005142669367882915 0.999979204238868 102.11500207396081
0.999958907537701 0.008330107935604597 -0.0035766622963665264 -0.7318749880014034 -0.008315244217317226 0.9999568126512854 0.004150850870318676 -1.9706784173884724 0.0036110851735564773 -0.004120939571698819 0.999984988851564 103.44853719377573
0.9999591606709293 0.008343710904808099 -0.0034726724874657882 -0.7434244887870338 -0.008338155707610264 0.9999639388597178 0.0016112595505980282 -1.9961480107456315 0.003485991438163136 -0.0015822381043290189 0.9999926721696069 104.78069609894169
0.9999660737188538 0.007419006898269336 -0.003579067719862528 -0.759300632707959 -0.007418025299148065 0.999972444723808 0.00028759232634255897 -2.0181583530119562 0.0035811030494803837 -0.0002610329682516275 0.9999935537638949 106.11185729454192
0.9999774151019221 0.005884005024141085 -0.0032477304803275953 -0.7691712600381294 -0.005879194914619677 0.9999816091821685 0.0014887498602522246 -2.0548886774588415 0.0032564308395711264 -0.0014696222325856587 0.9999936179170406 107.46500516990326
0.9999929500143728 0.002532217747536025 -0.002772685593421564 -0.7774493388476051 -0.0025228095604800617 0.9999910666044514 0.0033914815395669306 -2.0699054214844286 0.00278124903128898 -0.003384462742855895 0.9999904049896574 108.78637049443559
0.9999971994187665 0.001355811605608638 -0.0019398257395699548 -0.7941827801448318 -0.0013476522764069914 0.9999902659763369 0.004201403016109293 -2.102657170284163 0.0019455033359597064 -0.004198777124542492 0.9999892925885032 110.13192318831221
0.9999987926616679 0.0008859574318145361 -0.001276617033581264 -0.804037906165568 -0.0008822001979576178 0.9999952869224343 0.002940723829838866 -2.128379165647887 0.0012792164833516808 -0.002939594107248029 0.9999948611839682 111.4568442220257
0.9999975097759184 0.0021646039127382055 -0.0005430719842680906 -0.8166324738636604 -0.002164336278956322 0.999997536211715 0.0004931761593107786 -2.1505039222180007 0.0005441382235377382 -0.0004919995525913051 0.9999997309254457 112.76870434040163
0.9999855996344665 0.005339934302891487 0.0005344301568586758 -0.8193415246501136 -0.005339090710268507 0.9999845171569687 -0.0015683008142816368 -2.1882985278238705 -0.0005427965531710505 0.0015654248862972306 0.9999986274069876 114.11671584879055
0.9999666044155623 0.007937128008578034 0.0019473156512351388 -0.8387720340263107 -0.007933254549978305 0.9999665528950303 -0.001989115551985818 -2.20588484437897 -0.0019630385519358623 0.0019736006079766194 0.9999961256812049 115.42813878464861
0.9999546837704423 0.008878477903557044 0.003435552411535095 -0.8487059975229055 -0.008877906175792752 0.9999605740984092 -0.0001817974010548791 -2.236167044433168 -0.003437031337141301 0.00015128864968949368 0.9999940819440124 116.78077145356653
0.9999553863653432 0.008411251890757145 0.0042983842673127385 -0.8556394104099905 -0.00842098801992687 0.9999620072780869 0.0022518834369672997 -2.260241534094597 -0.0042792801614929266 -0.0022879796627368883 0.9999882263835677 118.10517023999276
0.999954255833027 0.008014056619823597 0.0052212188607955335 -0.854954207337669 -0.008030704980057642 0.9999627117068824 0.0031753724069923587 -2.289244309078911 -0.0051955769931692165 -0.00321715728585208 0.9999813277624955 119.46083346880992
0.9999393948032173 0.009081989215446392 0.006222875427736117 -0.8520519505955252 -0.009095187380286444 0.9999564416370651 0.002095808869954651 -2.315492499268384 -0.006203570778999664 -0.0021522801154323272 0.9999784414646191 120.79410286073394
0.9999147972441743 0.01053460263124197 0.007708461712865499 -0.8528596086096067 -0.01055030535623169 0.9999423455462472 0.0019991659162582006 -2.3377284215889778 -0.007686957515782817 -0.002080322249524585 0.9999682909657948 122.09825986801594
0.9998899172810393 0.011955234611263773 0.008787813340284072 -0.8565323519608241 -0.0119673425082341 0.9999275090424795 0.0013264244832558638 -2.3600496122170274 -0.008771319328225344 -0.0014314452692147212 0.9999605066776228 123.46223583751527
0.9998686633507909 0.012759768903270897 0.009992213076576465 -0.858751069463868 -0.012765506028484454 0.9999183873053676 0.000510505356284302 -2.3871473286306766 -0.009984884498855531 -0.0006379939787089053 0.9999499462665361 124.79009794644008
0.9998443848830317 0.013736142193822982 0.011069073470532641 -0.8528307315310215 -0.013732295307321922 0.9999056178996739 -0.0004235479811596348 -2.411211560653456 -0.011073847600330167 0.0002714782888585159 0.9999386462139768 126.12625250260983
0.9998458945557681 0.012908003771347355 0.011898342449481118 -0.8481579941395261 -0.012902309894766355 0.9999166075850772 -0.0005552538101535149 -2.4414809667052455 -0.011904518443408132 0.0004016521487215494 0.999929058038563 127.46669532290733
0.9998372934417907 0.012561978823274545 0.012945397097265235 -0.8480798586955482 -0.012565287729857617 0.9999210384909634 0.00017423567527112717 -2.471980461300505 -0.012942187258545151 -0.00033686997101361565 0.9999161896388955 128.80793751892037
0.9998326507832864 0.012017103913272825 0.013793462846881243 -0.8368128937632826 -0.012030385166700791 0.9999272448763168 0.0008802361074020239 -2.499790050839277 -0.013781882577600936 -0.0010460294900101988 0.9999044782027996 130.15498582495755
0.9998489362252718 0.01016555125862207 0.014098449500934045 -0.8233377880696862 -0.01018867296209904 0.9999468630124274 0.0015691137306673157 -2.5204149185712215 -0.014081750635015291 -0.0017125212157356182 0.9998993807206733 131.4780357244782
0.9998667996656668 0.008318856810957521 0.014042063042657494 -0.8095641439603003 -0.008343967995734423 0.9999636909506773 0.0017306057205406964 -2.5484578156786277 -0.014027157711954626 -0.0018475417592665694 0.9998999077064652 132.82087895400196
0.999883190862943 0.006345982224857595 0.013904428479553055 -0.8018107655001884 -0.006381925580021271 0.9999764039643478 0.0025421551786089396 -2.5669739792719315 -0.013887969090508906 -0.0026305953048455727 0.9999000971488858 134.16461415478764
0.9998969243748104 0.005367365771867716 0.013316606371643412 -0.786799696858204 -0.005399474521093954 0.9999825991135236 0.0023763743985572208 -2.6009695260658146 -0.013303620902906162 -0.0024480321706197815 0.9999085062166171 135.5198504285018
0.9999170324978917 0.004434082883459338 0.01209409059220048 -0.7769558452003381 -0.0044579762261262226 0.9999881631661353 0.0019493547079068576 -2.6283386426794615 -0.012085304856085489 -0.0020031081761892468 0.9999249636639338 136.8420470410452
0.9999363722513241 0.002268910097196866 0.011050045176509777 -0.7717004558811316 -0.002300455468507756 0.9999933129303107 0.0028428863559156374 -2.649766671542813 -0.011043521961618256 -0.0028681256555867667 0.9999349051172295 138.20585907218134
0.9999491024713025 0.0015208705692911937 0.00997393722587508 -0.7584402995407729 -0.0015533225052663307 0.9999935229644382 0.003246724564248171 -2.677127617685376 -0.009968935616401218 -0.0032620521124932375 0.99994498815306 139.52552498503837
0.9999626689054417 0.0003120601838421406 0.00863501131172359 -0.7575117129419175 -0.00033859519281037413 0.9999952251107528 0.0030716622448341484 -2.6976804177332125 -0.008634012264183996 -0.003074471403447565 0.9999579998437182 140.88438393892523
0.9999721967357424 0.00025974604986248474 0.007452401879485834 -0.7569255202056653 -0.00027903342948687286 0.9999966143910002 0.0025871503355940615 -2.7203614505926685 -0.007451705274130221 -0.0025891579187884233 0.9999688836876437 142.20313728287712
0.9999792727587061 0.0003939464354708192 0.006426419288641231 -0.7524525350625468 -0.0004059071541249624 0.9999981878605396 0.0018599772496646837 -2.7409136355776065 -0.006425675453199846 -0.0018625472588135105 0.999977620552895 143.54957071921694
0.9999841245864701 -0.0008145044534287778 0.005575586491099672 -0.7459936324220591 0.0008138422625351797 0.9999996615039318 0.00012104336026812406 -2.769478332707136 -0.005575683665181542 -0.0001165037878642531 0.9999844489654017 144.9168876561507
0.9999832938154429 -0.003592642720410145 0.004528246737386888 -0.7556308243885934 0.0035963184347473677 0.9999932101758934 -0.0008037978000636364 -2.8203948937318857 -0.004525328615919259 0.000820069411484561 0.9999894243849723 146.2272594419755
0.9999055008125705 -0.013351667979643841 0.003274510835768013 -0.7512312531506538 0.01334581744622898 0.9999093162426934 0.0018023421742864093 -2.8323305935803247 -0.003298278441450488 -0.0017584708523338786 0.9999930145434728 147.58866721828457
0.9997770590423447 -0.021046376307218263 0.0016977234398519224 -0.7406834571776666 0.021040588965330488 0.999772981671213 0.00335838206984001 -2.8586400491128945 -0.0017680199434613963 -0.003321912295786854 0.9999929194761292 148.89583685991676
0.9996556467334708 -0.02622941719329709 0.000778220291600033 -0.7262693767000032 0.026229096299065044 0.9996558690502769 0.00042187976012482257 -2.8753383131227577 -0.0007890182064625904 -0.00040132245669059687 0.9999996081946517 150.21143774901583
0.9996921364300532 -0.024790065801005415 0.0010416331003323897 -0.7335740283555923 0.024793319405160705 0.999687365454269 -0.0032346040836466338 -2.905532031507789 -0.0009611214837364113 0.0032594338930287494 0.9999942261506168 151.5894031403053
0.9997751448258962 -0.021105299720929182 0.002055752981655174 -0.7465123466888486 0.021115875495849472 0.9997631685239687 -0.005265611026918521 -2.9411022341732345 -0.0019441339827332709 0.005307836173386157 0.999984023480081 152.920332628372
0.9997717002751942 -0.021174344612975807 0.0028625981480179157 -0.7499411590170252 0.02118970136118692 0.9997606473997904 -0.005444672769473034 -2.9732868493129034 -0.0027466258351814977 0.0055040874789666515 0.9999810803529514 154.29221875358922
0.9997023849230897 -0.024177172047002538 0.0032566756755348873 -0.7537948676156494 0.024185030564273416 0.9997046300773769 -0.0023951820669326574 -3.00286339477559 -0.003197805292974154 0.00247323209522793 0.9999918285466528 155.6209495428016
0.9994974282804007 -0.03150657816673201 0.0034966247082225113 -0.7527897178336275 0.03150319213510756 0.999503130959309 0.0010198533183196476 -3.0290093447920046 -0.003527019726764436 -0.0009091859198371219 0.9999933667322972 156.95479944567597
0.9993377182971039 -0.03622101007664575 0.003487577381081711 -0.7424609061560286 0.036212994458899236 0.9993413656626801 0.0023353658285744524 -3.0479055133708184 -0.00356986994901398 -0.0022075235510576486 0.9999911913933597 158.29071115742263
0.9993462172312173 -0.03599195748304761 0.003423022210982181 -0.7313376355906542 0.035984897927413495 0.9993501215989467 0.002102761624474874 -3.0847818682081054 -0.0034964804607120316 -0.0019782097789244556 0.9999919306206779 159.63972986057823
0.9993935597205643 -0.03453005393317693 0.004493122358000316 -0.7361994763556232 0.03451996855400927 0.9994013532884812 0.0023036573000942313 -3.105137009746829 -0.004569978357558544 -0.002147157839213751 0.9999872524218283 161.0033546337229
0.9994445651954461 -0.03283130685151365 0.005715451100016414 -0.7412353067550641 0.03282107525729266 0.9994594841741935 0.0018752411568648969 -3.1211213534972306 -0.005773928910029475 -0.0016866123354196253 0.9999819083753546 162.33281585495612
0.9995821211175179 -0.02810834465371795 0.006745672988542697 -0.7457534596527908 0.028110815481958904 0.9996047760829726 -0.0002714600252697356 -3.1549075627803855 -0.006735377212658563 0.00046097299260173695 0.9999772108359125 163.70556579737516
0.9996404893699019 -0.025759081901827026 0.007440545512713319 -0.7462915252546574 0.025766363056484408 0.9996676011707009 -0.0008841411800288783 -3.1812243199861965 -0.007415298244559744 0.0010755391658285878 0.9999719278862933 165.0350323807736
0.9997056619928297 -0.02300395920683962 0.007707609890756427 -0.7461580404109573 0.023000781223337995 0.9997353215467363 0.0005009109318207923 -3.207369890774969 -0.0077170934372710834 -0.00032348242834291126 0.9999701704657281 166.39461711859565
0.99971906807651 -0.022447477050764393 0.007608922981589866 -0.7423993508734786 0.02244717431282061 0.9997480225734315 0.00012538738701512215 -3.2331526657078618 -0.007609820976669342 4.544668306449026e-05 0.9999710438570399 167.74376420403598
0.9997540982124286 -0.020999102660897672 0.007126065332448249 -0.7410249131767672 0.021014536544995143 0.9997769695497317 -0.0020977145432482746 -3.256058748274422 -0.007080426478436368 0.0022469497379552106 0.9999724090048564 169.10804742759314
0.9998359111264941 -0.01693367074867344 0.0064344100094425455 -0.7495525438766217 0.01696959634851572 0.9998404900049243 -0.0055702188039049895 -3.2942409365585217 -0.006339059944588464 0.005678494263613018 0.9999637848519983 170.52314993718593
0.9999255320967356 -0.01041226570448058 0.006365139449366394 -0.7507816114750776 0.010454901659585595 0.9999228856104619 -0.006702078313232162 -3.332919942256588 -0.006294865322097555 0.006768126276994395 0.9999572826531358 171.86352912619125
0.9999552657333891 -0.006663620854552722 0.00671287595724527 -0.7537885776549593 0.006702317926881361 0.9999609577807074 -0.0057586318484306965 -3.361265856796507 -0.00667424110068359 0.005803366194042498 0.9999608869551028 173.2342824338506
0.9999707891583149 -0.001302802927627916 0.007531503394310619 -0.7641070025862653 0.0013295954478977703 0.9999928024848653 -0.003553470498584443 -3.4117678284613153 -0.007526820353322946 0.0035633806287063024 0.9999653240422585 174.62853283563837
0.9999676977270778 -0.003072083863796697 0.007427369268005909 -0.7660900188227491 0.0030814823503538587 0.9999944656487892 -0.0012542464070405596 -3.424707183523546 -0.007423475640358853 0.0012770932329051743 0.9999716301153033 175.98373790528467
0.999963690567046 -0.005390561970331591 0.006599954734399071 -0.7644385447914326 0.005393069083150334 0.9999853917429532 -0.00036207693591521666 -3.4534625392566363 -0.006597907079927073 0.00039765781826957167 0.9999781545033641 177.40310444009228
0.9999515664634833 -0.00844074988844929 0.005061470463954771 -0.7624656277315249 0.008442070939530585 0.9999643363781285 -0.00023958507458847334 -3.476413541770558 -0.005059268103075441 0.00028230277949291825 0.9999871619704844 178.78633572851228
0.9999545958646652 -0.00907025435998924 0.002921764563615428 -0.7600586220402205 0.009082406097956297 0.9999500476894523 -0.004172770789365063 -3.5081788745676468 -0.0028837707687596518 0.004199118072656269 0.9999870255506581 180.12727427931725
0.99997859830296 -0.0064101237560364455 0.0013089152416660454 -0.7731849139636247 0.0064209380299146135 0.9999438369194759 -0.008431758621376621 -3.550859882426558 -0.0012547932251958192 0.008439982803362493 0.9999635954287205 181.54463973035874
0.9999966059954052 -0.0024528055404401013 0.0008784916239716238 -0.7990069105317846 0.0024610457418691913 0.9999517994661823 -0.009504840559157188 -3.5835354794888663 -0.0008551358344900976 0.009506970497707433 0.9999544420892 182.94444023082372
0.999998015416336 0.0019126098840804573 0.0005577493149449338 -0.819210931709201 -0.00190782786535663 0.9999624606410726 -0.008452071023489877 -3.617377614592404 -0.0005738939475041383 0.00845099032553122 0.9999641250603333 184.26752268863476
0.9999956625893616 0.0028169013290301357 0.0008601543591570909 -0.8134065058393856 -0.0028124299104466156 0.999982751249453 -0.005156301664707758 -3.6467640190380064 -0.0008746643938885308 0.005153860275998243 0.9999863362491578 185.71159234578118
0.999993621228478 0.0033150964552501414 0.0013295238343019355 -0.8278908719975727 -0.003311598624443771 0.9999910721479851 -0.002624680019719492 -3.6837981737728605 -0.0013382131473835199 0.0026202604783794044 0.9999956716998765 187.0726847722422
0.9999939172209096 0.0031528007065988522 0.001491765800888295 -0.8329516410685897 -0.0031494572746737304 0.9999925350804133 -0.0022384611468855248 -3.714620443369904 -0.0014988122155523515 0.002233749320999073 0.99999638195526 188.5193755876517
0.9999985817313533 0.0010690390503635015 0.00130141877445496 -0.8322048996422041 -0.0010668645950985753 0.9999980357180532 -0.0016704376533883325 -3.745550677431244 -0.001303202092746135 0.001669046879783423 0.9999977579698864 189.9335210421337
0.9999974820671149 -0.0017320631117672281 0.0014268221489210015 -0.8390483017017477 0.0017337109073613105 0.9999978308384242 -0.0011543666816727397 -3.7750409526204725 -0.001424819739198781 0.0011568374974636885 0.9999983158053707 191.2950678562338
0.9999931828989639 -0.003257951620283972 0.0017377899356076437 -0.8444875394338991 0.003259560115213186 0.9999942612361914 -0.0009234489839255248 -3.8092124000591308 -0.0017347715578625053 0.0009291071416613143 0.9999980636606519 192.75170374188247
0.9999749995355256 -0.00674633322654509 0.0021183254750991778 -0.8463583620708399 0.006746403145200638 0.9999772424302097 -2.5656360566317315e-05 -3.83811511607257 -0.0021181043593578065 3.994680446778644e-05 0.9999977560151355 194.1187418169117
0.9999310136349847 -0.011502442639379178 0.0023794532047509372 -0.8451807526750095 0.0114986826625002 0.9999326267038717 0.0015881875646854826 -3.8591808322286782 -0.002397561130025703 -0.0015607174440947287 0.9999959079210049 195.5843320410888
0.9998977362895735 -0.014055615428401565 0.002637546481569011 -0.8405105653160707 0.014051413743970812 0.9998999855508743 0.001605196826261303 -3.8881431770225867 -0.0026598449405660207 -0.0015679714339813596 0.9999952333322658 196.99002996348273
0.999925149463026 -0.011893238648370613 0.0028716475570308986 -0.8498769229549881 0.011900223941838492 0.9999262431735623 -0.002427524030319315 -3.921954872111678 -0.002842564872170137 0.0024615156377825976 0.9999929303559307 198.39434035422119
0.99998263934492 -0.0049830617562492355 0.003144855288150561 -0.8691839431771284 0.005007637147891101 0.9999566065032224 -0.007855486873156426 -3.954023652619626 -0.0031055747141953884 0.00787109895240211 0.9999641999607952 199.82775656569552
0.9999800225238981 0.00423758837916839 0.004690138067525535 -0.881142670772916 -0.004198175812314079 0.9999560616967103 -0.008381527523621478 -3.985483179477068 -0.0047254498608967485 0.00836167022307064 0.9999538752310814 201.27663233290664
0.9999159923643137 0.011453821818677361 0.006067796870777506 -0.9024832899611728 -0.01142780938275988 0.999925435233349 -0.004304552643416667 -4.0221428432482815 -0.00611664852698728 0.004234849481786198 0.9999723259442151 202.72302916137994
0.9998969638712456 0.012461532317919946 0.007125435398601616 -0.8950365098400426 -0.012445011521402444 0.9999197767621546 -0.0023583381219113237 -4.0497715898997395 -0.007154252887047414 0.0022694190432572935 0.9999718328013179 204.16628146282443
0.9999181493655032 0.011015522288442896 0.006507904329857577 -0.8905473626221081 -0.011004002816158293 0.999937828009835 -0.0018033477090011662 -4.0842058451938135 -0.006527365091097725 0.0017315871372782239 0.9999771972922199 205.59414314879004
0.9999634236425369 0.006829325604342007 0.005148949445120508 -0.8875700325438736 -0.0068207623225205755 0.9999753289033942 -0.0016789282866706342 -4.108626346329487 -0.005160288800694661 0.0016437471485811542 0.999985334646963 207.04366990999907
0.9999762882754242 0.005618456354419648 0.003981937802616908 -0.883249023062977 -0.005609829419398386 0.9999819005759261 -0.0021744759901901377 -4.146054459692468 -0.0039940832699325675 0.0021520864791479337 0.9999897078558689 208.51040403726432
0.9999756217069455 0.006042576853186769 0.0034990354244105832 -0.8941931508876013 -0.00603260833957564 0.9999777348447886 -0.002852624008539853 -4.172028056311403 -0.0035161950174959905 0.0028314462101949748 0.9999898095882829 209.97297159726728
0.9999663930122621 0.007423409367503234 0.0034793430496860922 -0.8985740331817483 -0.007413300768823835 0.9999682886758471 -0.0029094037694109808 -4.210341708043593 -0.003500830708984096 0.0028835126306057768 0.9999897147144676 211.45563552325586
0.9999562326939493 0.008765629539041819 0.0032705382071553596 -0.9065128195995189 -0.00875815604861705 0.9999590184330253 -0.0022926352848312553 -4.234906498098373 -0.003290500847429853 0.0022638910989646313 0.9999920236666635 212.87489541297808
0.9999592464564221 0.008552494903728437 0.002891408356671281 -0.9195576040948625 -0.008545386211283047 0.9999604561336668 -0.0024622271083059085 -4.273770101638234 -0.002912352452653412 0.002437418606584309 0.99999278856889 214.33573484565423
0.9999565291599437 0.008946414250306655 0.0026270603628820305 -0.9185319989259588 -0.00893781164404827 0.9999547151525476 -0.003268514525035903 -4.310070021125694 -0.0026561831094648125 0.0032448923285278916 0.9999912076420362 215.78930074442675
0.9999657617971313 0.007977064588679911 0.002200377213723412 -0.9291865880969206 -0.007968767291922385 0.9999612007814206 -0.003754423655482476 -4.343162634306613 -0.002230241312833334 0.0037367608861487668 0.9999905312744495 217.2407668306072
0.9999699088966469 0.007565941010749957 0.0017140082278958412 -0.9285703007249719 -0.007559677111544984 0.9999648282891868 -0.0036322834174679574 -4.3769441984024855 -0.0017414297359686667 0.003619216836238875 0.9999919343121405 218.73439280922364
0.9999559660696715 0.00923608379887093 0.0016615232408915108 -0.9395226298545768 -0.009229042337514703 0.9999486028355572 -0.004197199729219405 -4.418576581860297 -0.0017002036794090797 0.004181680718412832 0.9999898113737211 220.22927013100323
0.9999679238771781 0.007869619721174163 0.001490062912156617 -0.9460976293405122 -0.007863095470091732 0.9999596880210572 -0.004335213896493519 -4.448060257678354 -0.0015241194623802701 0.004323358413130294 0.9999894927595757 221.72467056036578
0.9999672036342868 0.008041635570593193 0.0009611125269203356 -0.9533600786373788 -0.008037055669631114 0.999956759128121 -0.004678207741373422 -4.473483902005169 -0.000998691498080745 0.004670329884981993 0.9999885952511752 223.1703073280221
0.9999662251036997 0.008194357021267442 0.000633362544690365 -0.9645150070238334 -0.00819111730345141 0.9999541529823892 -0.004959591567744182 -4.512327616887773 -0.0006739742324170911 0.0049542362030727165 0.9999875005724844 224.64236573944126
0.9999655757052055 0.00829656381760959 0.0001200649699253807 -0.9767151760305276 -0.008295888698107235 0.9999539522169407 -0.004824074485666305 -4.5443321514932284 -0.00016008270102673056 0.004822912463510814 0.9999883568764505 226.1142466226721
0.9999676057375001 0.008048930225290851 4.669704225164907e-05 -0.9877814790691781 -0.008048604195497161 0.9999555398037774 -0.004913084955981393 -4.586605780239413 -8.624005590723892e-05 0.004912550044937578 0.9999879296343481 227.58804104509198
0.9999737336507053 0.007241931878611752 0.0002939669916506432 -0.9908362528419896 -0.007240276804195298 0.9999598045336894 -0.005288451961168841 -4.626056214830394 -0.0003322538172158356 0.005286184749364326 0.9999859728303876 229.13589156779346
0.9999760366088248 0.006918779332851188 0.00023808957809911472 -1.0073737640562348 -0.006917481242881484 0.9999631704103146 -0.005079989251610827 -4.665518807170674 -0.0002732281616839526 0.00507822063266401 0.9999870684268823 230.6036088581486
0.9999862922630143 0.0052126302866918545 0.0004937226494260098 -1.0079629602083722 -0.005210403046535217 0.9999766994789562 -0.004410465933674585 -4.7032074067662 -0.0005167013213365768 0.004407833065476277 0.9999901519647252 232.09564639277178
0.9999888893475407 0.004697515685057746 0.0003930895241300355 -1.0164166019278746 -0.004695865686877151 0.9999805738483912 -0.004098875530645625 -4.740170656756443 -0.0004123364585044691 0.004096984171344211 0.9999915223133183 233.62672987757418
0.9999922050760315 0.003914119928860734 0.000519081657879446 -1.015780445053231 -0.003911861118667411 0.9999831726232803 -0.004283902481096869 -4.765382767983368 -0.0005358406802039614 0.004281838594880106 0.9999906893226573 235.06861005263465
0.9999838359399648 0.005625612305588218 0.000824824211316867 -1.0291009064640753 -0.0056215306984101696 0.9999723383945658 -0.004870405500546465 -4.8062626020207775 -0.0008522004848259552 0.004865690092681136 0.9999877993319861 236.62740497492914
0.9999771038909713 0.006663585056344221 0.0011782682149600006 -1.0428974884928208 -0.006658466175970623 0.9999686015620282 -0.00429659542364395 -4.84492841911912 -0.0012068620541559078 0.004288651669677743 0.9999900754252041 238.09675324278982
0.9999626164661638 0.008480007583893076 0.0016897116336133198 -1.0519797360626253 -0.008475850627259373 0.999961071513044 -0.0024526380333553836 -4.880085817950911 -0.0017104443918970632 0.0024382246446224554 0.9999955647091578 239.60867280105177
0.9999788114321393 0.006025485824981918 0.002463777270281707 -1.0504786487407 -0.006021654622020572 0.9999806534142721 -0.0015596426209142998 -4.907814969581118 -0.002473127419757808 0.0015447735863787716 0.9999957486469165 241.15346947769743
0.9999698636635066 0.00722443315999833 0.002842414261092469 -1.0587218257193212 -0.007215353889132552 0.9999688751671361 -0.0031917676307813723 -4.943271438428539 -0.0028653847485342852 0.0031711624771062564 0.9999908666057293 242.62346316576273
0.9999668964620397 0.007267568442379715 0.0036590187521669372 -1.055327843762986 -0.007250641213412734 0.9999630481600668 -0.004618498877696932 -4.981535116226696 -0.0036924491176422514 0.004591815844821114 0.9999826403703624 244.18862978632694
0.9999593849660753 0.00816522211738952 0.0038154361534409056 -1.0629183372534032 -0.008148737658089307 0.999957482669284 -0.004316357969631948 -5.011707742477863 -0.003850518282259032 0.004285091753678741 0.9999834056087068 245.66763071583875
0.9999565126276188 0.008498869595277797 0.0038395384267301555 -1.0728488570317096 -0.008486535901605067 0.9999588127451317 -0.003217380998245652 -5.047792764699576 -0.003866724718135101 0.0031846567615021995 0.999987453119487 247.1838263333369
0.9999572900543752 0.008489132445321715 0.003654132374891473 -1.0739801891297374 -0.008480102628998587 0.9999609686817228 -0.002479715955202313 -5.094164139835355 -0.0036750406995687355 0.0024486226738603028 0.999990249111547 248.7512488745817
0.9999579966695852 0.008617207335022884 0.003122277920465796 -1.091625949450149 -0.00860903938298798 0.9999595085149798 -0.0026202653393293325 -5.122859313183224 -0.0031447311329188925 0.002593275512948475 0.9999916927575107 250.2451063716528
0.9999411024838889 0.010293401816629634 0.0034405556225356746 -1.0826687003511493 -0.01028479731172174 0.9999439611063717 -0.002509504931565483 -5.160541470338001 -0.0034661944558174833 0.002473971754438595 0.9999909324365204 251.81504456225917
0.9999275754285833 0.011550036701695502 0.0033823847312733036 -1.097353526844406 -0.011542051061281835 0.9999305767216142 -0.0023712490686691877 -5.194643579561348 -0.003409538219570178 0.0023320377145855413 0.9999914682860018 253.31237107347272
0.9999232751644712 0.011848766943827672 0.003612545129241785 -1.0951763391592948 -0.011840041550772822 0.9999269578950287 -0.0024274100347740205 -5.2204104448581035 -0.0036410433875063283 0.0023844511485877507 0.9999905285507058 254.869486173203
0.9999377240419042 0.010554339120416274 0.0036268365926408466 -1.1038974025810662 -0.010546986945244299 0.9999422970005231 -0.002040529414953868 -5.259086408556645 -0.0036481640633211467 0.002002150175180885 0.9999913411070129 256.3656573760798
0.999960423375064 0.008165329798874528 0.003532571242011119 -1.0963019179201074 -0.008160736693810984 0.9999658388498766 -0.0013128319134376684 -5.283563679941669 -0.0035431705718557915 0.0012839515941593983 0.9999928986778379 257.9160014146525
0.9999770484669623 0.005693097705545595 0.0036730329338450847 -1.0980308677139297 -0.005691831822851054 0.9999837383492735 -0.00035510410135807674 -5.328199611235343 -0.0036749951578216814 0.0003341896706532631 0.9999931913384849 259.43532435809885
0.9999878877052092 0.003679588205016797 0.0032688026478359974 -1.0948731275770238 -0.0036757874163839393 0.9999925620786313 -0.0011680673265808312 -5.350014563205778 -0.003273076619282055 0.0011560377775967792 0.9999939752527868 261.012380030254
0.9999862473886639 0.004154072341296049 0.0032013610662100784 -1.092281675586185 -0.004146584254665853 0.9999886598737713 -0.0023422149695390844 -5.396515671285195 -0.0032110547663244202 0.0023289080899105436 0.9999921326241299 262.5295606529131
0.9999919118031566 0.0017556477240360776 0.0036185674945843397 -1.1056977801289252 -0.0017535226981957985 0.9999982883068672 -0.0005903766679045494 -5.429957284984642 -0.003619598100638259 0.0005840266656977273 0.9999932786863818 264.06893408869536
0.9999914174668652 -0.0012237294334605329 0.003958217466932879 -1.1033238194981996 0.0012188560191936822 0.9999984965396391 0.0012334124954756615 -5.448988697081778 -0.003959721212630267 -0.0012285774325423847 0.999991405563498 265.62582958091133
0.9999899285599158 -0.00111665850998088 0.004346936772379445 -1.091410329977413 0.001112179926360174 0.9999988484128475 0.0010325826366476758 -5.4958655835535986 -0.004348085175227944 -0.0010277376770966554 0.999990018903023 267.19264086546116
0.9999891280433203 -0.0017460571968209923 0.004323781575336765 -1.1054748881475644 0.0017483254184306636 0.9999983360382976 -0.0005208418984765705 -5.5209379362750015 -0.004322865326612206 0.0005283956284074586 0.9999905167691971 268.6884769888904
0.9999852640798248 -0.0010746238038779974 0.005321354556236793 -1.0972191256372525 0.001078601075362293 0.9999991411010221 -0.0007445907238794974 -5.552497425274265 -0.005320550280981454 0.0007503193903385405 0.9999855642756457 270.26831438639914
0.9999802509059076 0.00032891372459234024 0.0062761150131630675 -1.1114205309002267 -0.0003251644494039023 0.9999997680915842 -0.0005984024303168371 -5.5803105699712185 -0.006276310911357299 0.0005963498595389737 0.9999801259434311 271.76595240425104
0.9999720138842775 0.002057712251874992 0.007192862540528865 -1.1121117366117033 -0.002050189247931598 0.9999973438146075 -0.0010531341367751865 -5.613689777938346 -0.007195011090986964 0.001038357958945705 0.9999735764615986 273.3120658717461
0.9999617423264636 0.0029561300646535164 0.008232568248199575 -1.1005474841552139 -0.0029450465009305538 0.9999947410838059 -0.00135812788323611 -5.646749463178586 -0.008236540453815801 0.0013338306588404336 0.9999651895391762 274.89915216191946
0.9999542335559934 0.0029005287402517456 0.009116892460652146 -1.1040567787799906 -0.002886674595565096 0.9999946593798894 -0.001532425163999315 -5.679697257240464 -0.00912128938626371 0.0015060375633799187 0.9999572660487638 276.40823405377824
0.9999437401690815 0.0033056455278332965 0.01007914704070101 -1.0987732593210189 -0.0032824759278037158 0.999991934274504 -0.0023144640801851073 -5.713621846784641 -0.010086717397388223 0.0022812493619362496 0.9999465255834832 277.9817766591293
0.9999326035576033 0.0037683439681825658 0.010981253380873992 -1.087374490080311 -0.003738408968256636 0.999989243800949 -0.002745284688248077 -5.753817024106881 -0.01099148137264143 0.0027040473090635454 0.9999359356771778 279.487062165006
0.9999249753912488 0.00313684375643077 0.011840768581119192 -1.0800311687587616 -0.0031076489291542216 0.9999920880129196 -0.0024832308799857187 -5.7887721635581375 -0.011848465407882326 0.002446247680218145 0.9999268121884334 281.0330507134849
0.999916511753579 0.0013480335475107167 0.012851160706927807 -1.049698698683353 -0.001328024976051093 0.9999978929978239 -0.001565360028064249 -5.822075677355664 -0.012853244874888061 0.0015481627164569288 0.9999161951296427 282.6154257371404
0.9999184237430961 9.065073357260311e-06 0.012772853350025759 -1.0608003047736527 6.294724505789134e-06 0.9999992769841446 -0.0012024939450531733 -5.8496833053327055 -0.012772856096133546 0.0012024762857840228 0.999917700709439 284.113100470634
0.99991615581888 -0.0014558215656972438 0.01286708684612327 -1.0428332285217357 0.0014995802799405242 0.9999931233682889 -0.0033918244422014585 -5.8894556177854245 -0.012862061562361088 0.0034108353659662136 0.9999114628648879 285.6891201236271
0.9999228622462358 1.5335149016790228e-05 0.01242052044333216 -1.0406419828247235 5.817606032123071e-05 0.9999824859284268 -0.005918145990390408 -5.933074858940521 -0.012420394719547395 0.005918412181599012 0.9999053486137026 287.2416797655372
0.9999284802504058 -0.0005453994138484575 0.01194725619932179 -1.0125101666510763 0.000613786742314229 0.9999834455355173 -0.005721181687179497 -5.962845287088961 -0.011943939103745554 0.0057281057002005606 0.9999122617097594 288.7721828179768
0.9999347935967181 -0.002182361964483402 0.011209186443946069 -1.0088748499997569 0.0022443730890050074 0.9999822318973297 -0.005522560626360975 -6.007023991897669 -0.011196936002316306 0.0055473582365728 0.9999219246692037 290.3276405950111
0.999946590382219 -0.002522035209002002 0.010022760694141158 -1.0029104172652472 0.0025872906018938723 0.9999755076375548 -0.006503079931693525 -6.041301053943158 -0.010006115067247558 0.006528664537982988 0.9999286245496809 291.8679775035654
0.9999474953281233 -0.0022028617459686987 0.010007696901586604 -0.9757054546819113 0.0022680845052964107 0.9999762338032133 -0.006510577400016457 -6.083168426467499 -0.00999311800446999 0.006532934005145816 0.9999287266395726 293.47649589101525
0.99995502324537 -0.0018586738750919554 0.009300367063261386 -0.9760932681738048 0.001918232893962887 0.9999776856184356 -0.006399112822621227 -6.121073072552604 -0.009288266457534267 0.006416665416774808 0.9999362752217034 295.0306518318367
0.9999637673151585 -0.0020747614972578144 0.008255872551466465 -0.9812018563665754 0.0021249350021054197 0.9999793004067085 -0.006073171021350513 -6.165569317293297 -0.008243101978294365 0.006090494294956197 0.9999474771917418 296.5850996830655
0.999970876773034 -0.0021665933481493215 0.007317888283967789 -0.963480318970994 0.002203474577383473 0.9999848938149405 -0.005035557426981379 -6.203735459466365 -0.007306868354826378 0.005051535663263606 0.9999605450493998 298.1938530274214
0.9999756464796048 -0.0021808356128192544 0.006629510796906461 -0.9656123758053894 0.0022062848747482003 0.9999902167991069 -0.0038338766367864204 -6.239453300642247 -0.0066210854468871285 0.003848409940701343 0.9999706750509305 299.72047960579346
0.9999699774250593 -0.0019133021401476265 0.00750889692682653 -0.954722725730579 0.0019406106075666191 0.9999915241748527 -0.003631199007220524 -6.269099565160946 -0.00750188633870613 0.003645661913729421 0.9999652148168231 301.3277090161473
0.9999641349346508 -0.0006336674180134737 0.008445550183900608 -0.9653752956261394 0.0006652549018317921 0.9999927929518643 -0.0037378442204955725 -6.30392382220652 -0.008443121482835663 0.003743328687264555 0.9999573496819172 302.8948753816003
0.9999602882614259 -0.0007458549991643023 0.008880631090059456 -0.9572012779385073 0.0007804919164760508 0.9999921003476175 -0.0038974445114893386 -6.3457784876707475 -0.008877654761051049 0.003904221082719373 0.9999529710424274 304.5104766642021
0.9999527214991796 -0.003392169863291229 0.009113065440187019 -0.9428920804135844 0.003437886769100536 0.9999815620966438 -0.005005636487539726 -6.378186918333637 -0.009095918217677225 0.005036729624927028 0.9999459463488121 306.0960839763153
0.9999361556884298 -0.006005893742972666 0.009571509899170962 -0.9387306770480867 0.006070008913361853 0.9999592414812747 -0.006683588890292796 -6.417625202720543 -0.009530979664431963 0.006741261476787134 0.9999318555849249 307.6920633608735
0.9999319201032213 -0.0066744874049024 0.009571122790137424 -0.9378338341661783 0.006750486898388596 0.999945769512354 -0.007930255525332176 -6.4544253017755295 -0.009517674163236005 0.007994325543774009 0.9999227493316716 309.3111388516452
0.9999552841129663 -0.005441518462202274 0.007734317365609306 -0.9277074002587964 0.005508732318196473 0.9999470177281543 -0.008695722938811863 -6.501343170553121 -0.007686590303324959 0.008737940568521896 0.9999322800658991 310.9081870298817
0.999975780672494 -0.004569938720523728 0.005249165678708777 -0.9261117388381968 0.004613595508730093 0.9999546196730444 -0.008335065961781619 -6.540669189126173 -0.005210837176043915 0.008359081791782817 0.9999514852842403 312.52058352003615
0.9999826245518194 -0.002862926767171259 0.005153082044481076 -0.9286691606385509 0.0028894258420139145 0.9999826040349228 -0.005142260381127764 -6.5789991943040205 -0.005138270924990402 0.00515706058849179 0.9999735010950151 314.1548297592355
0.999973613367119 -0.004583082354339633 0.005636305322425732 -0.9273622408007156 0.00459489965766822 0.9999872688587494 -0.002085428403492199 -6.6235740908211636 -0.005626676352609873 0.002111271683155337 0.9999819413564351 315.76551897811953
0.9999697732587876 -0.00518448544497821 0.0057942809885525495 -0.9284433985605564 0.005192054462308778 0.9999856866055441 -0.0012919550794118996 -6.652768255338599 -0.005787500420224056 0.0013220002850177705 0.9999823784187248 317.3850489154825
0.9999630354337176 -0.006197716869471107 0.005959537357680939 -0.9288465024678461 0.006212624107294978 0.9999776110730033 -0.0024860907085881125 -6.693437158714658 -0.005943996347646988 0.0025230232360896818 0.9999791514100995 319.02218228225223
0.9999550847402277 -0.006892072152881 0.006505986330482743 -0.926939593224303 0.006909106398367433 0.9999727534689931 -0.0025993384650352855 -6.723638797108917 -0.006487894786622277 0.002644172329528145 0.9999754574825129 320.6322636774799
0.9999501487530079 -0.00736403365798838 0.006743221194673298 -0.9234679850825659 0.007380649366269726 0.9999697798166958 -0.002442429115445597 -6.761678510813829 -0.006725031852909436 0.0024920767687736495 0.9999742814159241 322.25904047009686
0.9999462562593667 -0.007329568825042647 0.007332259464426458 -0.9228879802032434 0.007345616962302907 0.9999706788423185 -0.00216410692729491 -6.8052817087851505 -0.007316183122988214 0.002217850644865539 0.9999707768710907 323.88370723028663
0.9999507239549438 -0.006161473751210778 0.007783695624106333 -0.9159680488760695 0.006185097651286024 0.9999763281515323 -0.003014580606856525 -6.8390572573198884 -0.007764937768625844 0.0030625750491686584 0.9999651625774436 325.5084116067855
0.9999494357341986 -0.005478989263776525 0.008432476823866246 -0.9219751838503258 0.005511783913111053 0.9999773185711419 -0.003870733077496959 -6.878161313697863 -0.008411078571881576 0.0039170154350698025 0.999956954443673 327.1326216197687
0.9999397507175796 -0.005826988871479163 0.009302749581547334 -0.9153926996236814 0.005851437255218623 0.9999794923499966 -0.0026029895084800675 -6.919619615224138 -0.009287391999732216 0.002657267200101789 0.9999533405483277 328.7533325164302
0.9999294601958051 -0.007484996860737092 0.009222226955221045 -0.9054064094394574 0.007497236937439132 0.9999710589477883 -0.0012933277660165147 -6.956008941804421 -0.009212280279093727 0.0013623777955832914 0.9999566379657375 330.3816572009417
0.9999284251945392 -0.0077520203915819735 0.009113214772154956 -0.9021069025502777 0.00777309206217346 0.999967192026234 -0.0022790134717701038 -6.995698595379944 -0.00909524959712553 0.0023496882688790657 0.9999558767229161 331.9942009352847
0.9999342835832883 -0.007016458924801683 0.009066302118546473 -0.8863570010739039 0.007035659746326743 0.9999730703084264 -0.002087616297046158 -7.0484758635162645 -0.0090514110580028 0.0021512665783863646 0.9999567210648992 333.6347123631256
0.9999436042874876 -0.005440771379797907 0.009120650482235596 -0.8967166119174815 0.005477841700303106 0.9999768179398192 -0.004044357362989569 -7.0663862564514055 -0.009098435394824297 0.004094090850384049 0.9999502272045232 335.2236633351468
0.9999554536680808 -0.003669704884727216 0.008696203628591113 -0.8962737359279902 0.0037342071974564503 0.9999655533700832 -0.007412675938674867 -7.114173231749222 -0.008668702478978782 0.007444819313932882 0.9999347119967299 336.84561743719513
0.9999686140665326 -0.002416420336672588 0.0075453167536711175 -0.8900408707820122 0.002466274355454672 0.9999751456861654 -0.006604960039487415 -7.160219203444563 -0.007529169501751094 0.006623361696386971 0.9999497200758479 338.42887861456336
0.9999758572083418 -0.0015112272950273033 0.0067824185446840185 -0.8925241444514498 0.0015351098404354623 0.9999926356201372 -0.003517405456650407 -7.205251399769418 -0.0067770535727299675 0.0035277323703167634 0.9999708128953103 340.0536369821049
0.9999825572626614 -0.0008073138170788148 0.005850933444055883 -0.895821493452468 0.0008118668824349112 0.999999369474981 -0.0007758354328201594 -7.235070853486304 -0.005850303907209217 0.0007805720999857354 0.999982582170929 341.66388004078675
0.9999903252822255 -0.0001984778307544295 0.0043943092649997755 -0.8977414599955336 0.00020574032681569022 0.9999986137673704 -0.0016523117417862104 -7.2723807097863515 -0.004393975598873265 0.00165319987907289 0.9999889798909497 343.2615902874548
0.9999965601948421 -0.00017355761050303307 0.002617151113044061 -0.8989585629438874 0.0001816732531466931 0.9999951753140386 -0.0031010229617198697 -7.314528306654707 -0.0026166005036154477 0.003101487824553282 0.9999917670518265 344.8733317236751
0.9999990688667943 -0.0009751647395566249 0.0009546319631618179 -0.9124821812550945 0.0009773315818232837 0.99999694158239 -0.002271925949019098 -7.3451140249174545 -0.0009524136236939763 0.0022728568718387823 0.9999969635095629 346.4510177734909
0.9999921705073578 -0.003942942879216257 -0.00033485865974286944 -0.908972233218229 0.003942519159893855 0.99999143759413 -0.0012574879007217538 -7.397109922243182 0.00033981402347741155 0.0012561578960477025 0.9999991532967215 348.0734731196204
0.9999924348192819 -0.003831277971681011 -0.0006720249433017913 -0.9280483855628344 0.003829912246575867 0.9999906210619741 -0.0020222648611826185 -7.428617533860548 0.000679766555301998 0.002019675808009794 0.9999977294113953 349.66932749859535
0.9999914919243881 -0.004053408492041928 -0.0007654820335324215 -0.936350616839284 0.004051153127507439 0.9999875144722702 -0.0029255858536277567 -7.466223587374741 0.0007773311342177576 0.0029224599376587224 0.9999954274821619 351.25854933033867
0.9999905822722219 -0.0043004038090785155 -0.0005847211449941853 -0.9450777771353163 0.00429846954896284 0.999985413608554 -0.0032704317875015512 -7.499523844194546 0.0005987768415744942 0.0032678876486422525 0.9999944811734327 352.8562739680949
0.9999893164967762 -0.004554173355530832 -0.0007914557224072587 -0.9505854330752934 0.00455162562346619 0.9999845470010351 -0.003191936318396762 -7.541927452873817 0.0008059801892053692 0.0031882998728592167 0.9999945925558347 354.4571324561668
0.9999866716832794 -0.005095812101674296 -0.0008301566733652389 -0.9544393613589737 0.0050926989400644895 0.9999801485052727 -0.003710391687087038 -7.585783604091812 0.0008490477214595561 0.0037061145720566862 0.9999927718908129 356.0339233645102
0.9999863670480856 -0.005196267218812412 -0.0005143256353058001 -0.978582854346193 0.0051939463036632435 0.9999767603525719 -0.0044160695240532104 -7.626203022905232 0.0005372608020283781 0.004413338030782788 0.9999901168506053 357.6487693164095
0.9999843040583388 -0.0055722713267549635 -0.000584324698532939 -0.993794880818162 0.005569716774087671 0.999975301783127 -0.004286498795816428 -7.667699193366047 0.0006081958493799396 0.0042831770802964865 0.9999906422025403 359.2299368398977
0.9999855650499481 -0.0053487210996485 -0.0005107645061773864 -0.9958528754389506 0.005346130324596946 0.9999734759118745 -0.004946347801429264 -7.7029538860564815 0.0005372076352045318 0.004943545888622936 0.9999876363048997 360.84358005116786
0.9999808874169419 -0.0061548768861498186 -0.0005850623716721652 -1.0046217668222772 0.006151483888161637 0.9999652027498945 -0.005634938141526436 -7.7552593516285855 0.0006197244118397506 0.005631231556746361 0.999983952458062 362.4125584597869
0.999968451646198 -0.007897015553362377 -0.0008560754012156525 -1.0209912375908778 0.007892556049588249 0.9999558799107795 -0.005093700243374873 -7.7857633939616395 0.0008962627332877062 0.005086783028003842 0.9999866605874274 363.9840491326062
0.9999297799019925 -0.011842157453008102 -0.00044562483717340107 -1.0264054433395065 0.011840406438277998 0.9999228780027557 -0.0037473740191108903 -7.824260333106339 0.0004899675020748593 0.0037418345813620534 0.999992879277823 365.59943239690983
0.9999331829983871 -0.01154999973064056 -0.0004765021916040737 -1.042395599679211 0.011547872293689969 0.9999242877271988 -0.00425034689570436 -7.863855340992654 0.0005255576618246121 0.004244560405881972 0.9999908537065283 367.1717902931294
0.999947173821027 -0.010278244121680604 8.529435797274116e-05 -1.0520742831589476 0.010278551825424932 0.9999332435373529 -0.005278241320732434 -7.903970016913971 -3.1037617390066406e-05 0.005278839305825332 0.9999860663489459 368.80565430410826
0.9999631920622496 -0.008579838451932905 3.0034216387864405e-05 -1.0640349847737527 0.008579888782040032 0.9999539168095338 -0.004306942851501105 -7.937590932747402 6.920039252758699e-06 0.004307042103503853 0.9999907246270968 370.3917105565542
0.999970895441821 -0.0075763999543889595 0.0008980216769965328 -1.0765323675825176 0.007579689376440591 0.9999643639109678 -0.003717419624358541 -7.97796126337143 -0.0008698250931527343 0.0037241182357751817 0.9999926871463515 371.9855840416607
0.999973758346055 -0.00719448141787732 0.0008497446610543065 -1.0722778649290783 0.0071976740018574875 0.9999668182181557 -0.003815225216216769 -8.018296256884147 -0.0008222679701866418 0.0038212413649427895 0.9999923609650181 373.5795526752745
0.9999743940443224 -0.0070770873120136624 0.001061178906402671 -1.0902103406245303 0.007081638513507158 0.9999654730367068 -0.00434777211121158 -8.05785628073409 -0.0010303727944022897 0.0043551757598588635 0.9999899853370083 375.18560131537305
0.9999764451756401 -0.006612256618304278 0.0018404257021349916 -1.092835297548479 0.006621131188745709 0.9999662786760731 -0.004858201798422387 -8.094937120193878 -0.00180824011986813 0.004870273166873025 0.9999865052610861 376.80899296682844
0.9999798590462634 -0.006074389363911097 0.0018393764425400285 -1.1047536541463097 0.006083163943985028 0.9999699637551052 -0.004802780100252502 -8.133614025987915 -0.001810147394693675 0.004813872697137454 0.9999867749092441 378.40275982326284
0.9999823492317536 -0.005399042499328099 0.0024802369264458383 -1.110716156978126 0.005410437091856488 0.9999747348663823 -0.00461050893506285 -8.174406359039981 -0.002455282140129797 0.0046238468191666 0.9999862957194815 380.0297628776607
0.9999878061876899 -0.004345961851006858 0.0023452293059524412 -1.1242584631360135 0.004355762885906982 0.9999817345292209 -0.004190218603445065 -8.214767937586235 -0.002326976138808644 0.004200382859484066 0.9999884709148269 381.6391512058625
0.9999915709055316 -0.003129492028501109 0.002657894930837647 -1.1209905681876249 0.003142735846228154 0.9999825950625877 -0.004993273373040861 -8.25304074580997 -0.0026422224882782395 0.0050015844490678505 0.9999840012768728 383.2637197065279
0.9999912296075077 -0.0023636897932203405 0.003457410359776841 -1.145378062533965 0.0023818794160102453 0.9999832957604299 -0.005266388439210828 -8.293354192595668 -0.00344490479302689 0.00527457749405893 0.9999801555325084 384.8906144284284
0.9999938915765453 -0.0012416411841596198 0.003267283701851711 -1.1430257787973421 0.0012585061864591046 0.9999858705368906 -0.0051647736612635605 -8.343695080062869 -0.0032608250208991446 0.005168854114871243 0.9999813248071604 386.48439395020563
0.999992601152857 -0.00020717609152988946 0.003841187652178362 -1.1489425937006117 0.00022508995033911593 0.9999890992021898 -0.004663776489465759 -8.377503379404681 -0.0038401798854985026 0.004664606690855953 0.9999817470624455 388.12323447859205
0.999990930173652 0.001394689937749511 0.004024228225173946 -1.1601051067091084 -0.0013775030882940738 0.9999899326843116 -0.004270482157630605 -8.417957432357408 -0.004030144054641939 0.0042649001245626105 0.9999827841322262 389.71279831586276
0.9999893770277618 0.0021145606425214663 0.004095664297687654 -1.157293208223227 -0.0020959695400157635 0.9999875055914385 -0.0045382349671972055 -8.457883188356979 -0.004105209848589612 0.00452960246103789 0.9999813147997342 391.33410564449775
0.9999837665377673 0.0026816636040847275 0.005027458799884515 -1.1704821508368024 -0.002660077984349107 0.9999872368500248 -0.0042953611246682585 -8.507419600105292 -0.005038913776765315 0.004281918050057759 0.9999781370210107 392.98418363238454
