1.0 -3.469446951953614e-18 0.0 -1.7787691892340307e-19 0.0 0.9999999999999999 -3.5575383784680614e-19 0.0 2.168404344971009e-19 -2.371692252312041e-19 1.0 0.0
0.9999999398638733 -7.08535559765227e-05 -0.00033948727388392647 0.05569069961672338 7.123806521749064e-05 0.9999993559314045 0.0011327230995349811 -0.026761272848715878 0.0003394068273799933 -0.0011327472383819146 0.9999993008434594 1.3159701006825606
0.9999991075624272 -0.0005587901877283866 0.0012135198795759842 0.11108300046058615 0.0005566348298350308 0.9999982684086526 0.0017757635472657302 -0.04833477912174309 -0.0012145101586562628 -0.0017750865086460634 0.9999976870130872 2.5650198957187875
0.9999987654723937 -0.0014719842786292594 -0.0005498339379943996 0.04083207486917629 0.001472783119866837 0.9999978567459836 0.001455132581313016 -0.07839540698323832 0.0005476908748461302 -0.0014559405990690933 0.9999987901356587 3.9285964450170128
0.9999976624248837 -0.0021550882928973794 0.00017533593452807622 0.03537394655908339 0.002154830909861318 0.9999966185066922 0.0014559105366735514 -0.09751362506015518 -0.00017847297113532824 -0.001455529340974869 0.9999989247902737 5.237668357426361
0.9999967415025229 -0.0025430119951110365 -0.00022378047633146302 0.02791996438837056 0.0025434245755311027 0.9999950312711905 0.0018623695460764057 -0.11494619785165741 0.00021904335653178254 -0.001862932681262157 0.9999982407496991 6.566892437203612
0.9999933592499956 -0.003643078182396904 -9.71709091339098e-05 0.020232079408459495 0.003643365303987815 0.9999884436554003 0.0031366286427172837 -0.1449316542861607 8.574281286489191e-05 -0.0031369619013788624 0.9999950760473519 7.900030183003577
0.9999924300013919 -0.0038843362079085657 0.00022776703804754843 0.009493833267751304 0.003883483495014802 0.9999858603943146 0.003632844796242221 -0.16228893699615055 -0.00024187502531306491 -0.003631932834493 0.9999933752584272 9.21374634435263
0.999994849839017 -0.003171557169607238 -0.0004914512167071726 0.0004858848277746776 0.0031729158088655268 0.999991078543945 0.0027884462984062554 -0.1904220098521609 0.00048260315866634185 -0.002789991323748236 0.9999959915139139 10.555924363148893
0.999999977623186 -0.00018115230959455005 -0.00010925928966642865 -0.012805159738529255 0.0001812161983143594 0.9999998125225511 0.0005849061235754109 -0.2110719767090126 0.00010915332180003135 -0.0005849259215189783 0.9999998229737206 11.872364029904093
0.9999962461467705 0.0027072482428321266 -0.00042248523813049146 -0.02193754580219824 -0.0027072846468189265 0.9999963316708923 -8.520265391664872e-05 -0.23755829139916754 0.0004222530590139485 8.634612116238633e-05 0.9999999071236715 13.223455682993839
0.9999850047035046 0.005464543995387212 -0.0003593266832616253 -0.03821584099401827 -0.005464617899819071 0.9999850480558001 -0.00020402672601493329 -0.25897995856953304 0.00035820642735458143 0.00020598724918263268 0.9999999146289669 14.56135877447813
0.9999806507080629 0.00621276039518833 0.00031592026498748803 -0.05062239980726981 -0.0062130264728823175 0.999980340218827 0.0008470480282738691 -0.28625534389322516 -0.00031065157358814845 -0.0008489944807023996 0.999999591351733 15.89816967406133
0.9999907068814494 0.0043070959913090595 0.00018726166798193992 -0.050781790202198474 -0.004307706176351405 0.9999849801768291 0.0033886716794607388 -0.3072548487782475 -0.00017266353325986572 -0.003389446926339241 0.999994240902046 17.259635034315828
0.9999997354798623 1.969817100839176e-05 0.0007270854310085218 -0.05619993525937849 -2.3807455753746196e-05 0.9999840261896867 0.005652149795796108 -0.33097971616612476 -0.0007269625365190695 -0.005652165721568412 0.9999837621423882 18.6078577426855
0.9999975051731381 -0.002227939287767459 0.00016105147685863954 -0.05819774440179125 0.0022272931962987966 0.9999898863607245 0.0039072160374985475 -0.36037872737452165 -0.00016975489917779216 -0.003906847655971125 0.9999923538333867 19.95763193052298
0.9999953349417776 -0.0029951210990364525 0.0005994576425768362 -0.06590544857744135 0.0029939458046505385 0.9999936123712294 0.001952306491398121 -0.37442187692808987 -0.0006053012571895187 -0.0019505026757389006 0.9999979145723958 21.301939303970926
0.9999992576518565 -0.000995584294028835 0.0007025028395570229 -0.07474969299725717 0.0009949741516987153 0.9999991279226322 0.0008684346414874147 -0.41625510858420967 -0.0007033668854763812 -0.0008677350404078626 0.9999993761548154 22.66658615315179
0.9999979374826135 0.001461342539182309 0.0014104991942015539 -0.08620771349042605 -0.001464152675491946 0.9999969415811084 0.0019932605303244503 -0.41664340172321246 -0.0014075821613274198 -0.0019953216446593493 0.9999970186967305 24.029972355180625
0.999995141171326 0.0019078525978990183 0.002465305685698618 -0.08993350606554495 -0.001924402909787121 0.9999755123610621 0.006728399008875254 -0.4349693438515153 -0.0024524087245693825 -0.006733110690344272 0.9999743251256046 25.41192386122067
0.9999966847247473 -3.2789044357016406e-05 0.002574775296702154 -0.08746667118841256 1.294296017875611e-05 0.9999702964601447 0.007707530581006438 -0.44899561199329274 -0.0025749517506775945 -0.007707471852997528 0.9999669817048531 26.782639045249958
0.9999889004308461 -0.003933381604227895 0.0025937488440530986 -0.0990474714532754 0.00391481993650316 0.9999669674934156 0.0071230681303136485 -0.4819000945835781 -0.00262168112669086 -0.0071128351426880745 0.9999712667685992 28.150816069494088
0.9999896818536246 -0.003884159543149461 0.0023557375518481923 -0.10353973440428495 0.003873588874191404 0.9999824829251648 0.004475393362780955 -0.4891399433944771 -0.00237307962470673 -0.004466222109368787 0.9999872105937084 29.52084254528799
0.9999867489309185 -0.00412343855789093 0.003082081530174928 -0.10932868642060728 0.00411506165725955 0.9999878353779061 0.0027194406907587007 -0.5263232547264041 -0.003093257743338901 -0.0027067217474074775 0.9999915526695631 30.90262304104818
0.9999930518314242 -0.0014803214896788527 0.0034212488478844068 -0.11722396099732851 0.0014750342182985286 0.999997714822331 0.0015474565126175385 -0.5298654542630801 -0.003423532050814156 -0.0015423993279894065 0.9999929501894527 32.287241478578444
0.9999924589506438 -0.00020146441150662754 0.0038783319776257053 -0.12282081033780126 0.0002025837368407491 0.999999937945526 -0.00028821603595035987 -0.5651766189145451 -0.0038782739996505574 0.00028899955849051405 0.9999924377040738 33.66863637626508
0.9999918677697841 0.00019780545036594994 0.0040280605474878346 -0.13192530186291818 -0.0001980936599971818 0.9999999778485615 7.114838842321738e-05 -0.5809605892117018 -0.00402804672507857 -7.194574137577544e-05 0.9999918847963735 35.066158013174125
0.9999932268714101 -5.544825845614672e-05 0.003680100728981963 -0.1291884808930357 4.926033610966503e-05 0.9999985850222396 0.0016815250740061932 -0.6106808667314558 -0.0036801890689932464 -0.0016813324319225659 0.9999918146292259 36.45220364282957
0.9999933448058458 0.0010832745174048008 0.003483800052503753 -0.13994128803428962 -0.0010945055362190873 0.999994205616821 0.0032234750856272513 -0.625689720988477 -0.003480288249177119 -0.0032272667328243515 0.99998873610629 37.857288415310464
0.999989195050641 0.0032743466598323936 0.0032997627231946963 -0.14346092743425695 -0.0032856143051211975 0.9999887711850477 0.0034150033373811285 -0.6442626218039511 -0.003288544041341497 -0.003425808253402028 0.9999887245926592 39.24634865177034
0.9999733343786833 0.006333343883371308 0.0036358325557512565 -0.15136743719267323 -0.006346727556656221 0.9999730832773436 0.003681274543321703 -0.6766105818405485 -0.003612420216125425 -0.0037042520934413166 0.999986614376878 40.641506702248336
0.9999609832538661 0.008071035154725202 0.003590313153528228 -0.15886274123080946 -0.008086101505388287 0.9999584794495432 0.004201708679924274 -0.6926316433156575 -0.0035562522409013798 -0.0042305764661891305 0.9999847275280189 42.065752358287966
0.9999517643328835 0.00925025859482119 0.003301773313545026 -0.16491661665114377 -0.009264866362910077 0.9999472384581087 0.0044365043524529175 -0.713523445698001 -0.0032605605668859327 -0.004466880935688291 0.9999847077412609 43.45554796842395
0.9999616139439104 0.008259393129255539 0.0029245597473696455 -0.17258912306677177 -0.008271895656334982 0.9999565898020032 0.004288854240729565 -0.7310543154171002 -0.0028890096995782123 -0.004312881350580894 0.9999865262465402 44.882166492068954
0.9999660984376119 0.007969402039045108 0.002071374500712894 -0.1708099043890377 -0.00797718875305303 0.9999610438059421 0.0037782729383640384 -0.7580832588439068 -0.0020411834017152156 -0.0037946686736126684 0.999990716985907 46.27948739176661
0.9999717424623982 0.007416004549841154 0.001231722109599297 -0.18211768786696814 -0.007421313605297172 0.9999629446617162 0.004362731079671218 -0.7771139861254076 -0.0011993225324656233 -0.004371748886552736 0.9999897246653985 47.71170086830088
0.9999692409160379 0.0078405133863817 0.00020869885803765525 -0.1890196504623386 -0.007841486957707979 0.9999559287921187 0.005162515980055307 -0.7961114406770328 -0.00016821289530729883 -0.0051639938028145305 0.9999866523476164 49.112060703986145
0.9999623473428039 0.008646503778527659 -0.0007361039255241364 -0.20014154906744286 -0.00864236588763266 0.9999477968688203 0.005450969323593881 -0.8205927416502018 0.0007831973954978162 -0.0054444025152256366 0.9999848724284132 50.53330599876627
0.9999627411560449 0.00842403559712058 -0.0018846491597899985 -0.21311313313592956 -0.008413629309760617 0.9999496803070054 0.005463306017276837 -0.834134158190829 0.0019305775762198402 -0.0054472458367869825 0.9999833000543681 51.980808198245725
0.9999572079143982 0.00877283239555185 -0.0029359372125167945 -0.22669286640710262 -0.008752958284695455 0.9999391441855036 0.006715181617217122 -0.8554419289877282 0.0029946699644379368 -0.006689196265640176 0.9999731429454921 53.38432830313401
0.9999647289778568 0.007499064570281568 -0.0037821697433669922 -0.23474228505535255 -0.007469530379358622 0.9999419653214141 0.007763511995572613 -0.874496512875235 0.003840169654421979 -0.007734987298092487 0.9999627108437205 54.84429858224047
0.9999766254228681 0.005353670893142148 -0.00425285753979243 -0.24726847549885905 -0.005316418687918642 0.999947821558189 0.008722950252127137 -0.891826646932544 0.004299335807210776 -0.008700136564626166 0.9999529105644158 56.24360602943809
0.999983328199035 0.0031303257501381467 -0.004852254067160975 -0.2589372483200873 -0.003092314839942381 0.9999646301852233 0.007821506940037916 -0.9066243688032127 0.004876566726645581 -0.007806372004396969 0.9999576389352121 57.67003764798848
0.9999845785531158 0.0027369796060828025 -0.004832347697815743 -0.27547703055727724 -0.0026980082988852915 0.999963935193157 0.008052891822092956 -0.9263992048404254 0.004854214437374698 -0.008039730085162695 0.9999558987046384 59.12732098108065
0.9999884845512774 0.0017386617992143395 -0.004473008878061819 -0.28268141240467554 -0.0016990740795124817 0.9999594917298452 0.008839007119416903 -0.9442411914184181 0.0044881961145628495 -0.008831305539886003 0.999950930870844 60.52567055779124
0.9999925545993309 8.371735823787044e-05 -0.003857943753649084 -0.301622387919083 -4.468295059977673e-05 0.9999488218085396 0.010116904854521325 -0.9643880947849978 0.0038585936058853406 -0.01011665734839996 0.9999413805369256 61.97968340568906
0.999992096580762 -0.001756128802185555 -0.003566901142782709 -0.30646282148675563 0.0017906245241579282 0.9999514382156296 0.0096909683967823 -0.9802652417250102 0.0035497096469321704 -0.00969727897833115 0.9999466797542547 63.37442027639785
0.9999908132038249 -0.0029400676930209976 -0.0031192160134651675 -0.3173566458378001 0.0029671686721859433 0.9999575815697312 0.008719573635776514 -0.9932015537938154 0.0030934478331735454 -0.008728748943174337 0.9999571188459335 64.79036212343591
0.999993422551115 -0.0026101138212208646 -0.002518364501163088 -0.3290389717537402 0.0026316266528835976 0.9999597526909885 0.00857715179582348 -1.0142053379175155 0.002495876019378572 -0.008583722944403505 0.9999600443569253 66.247952085093
0.9999976685679072 -0.0009951070448477855 -0.0019164078453777727 -0.34296560140560495 0.0010113559300362635 0.9999633921003228 0.008496564850657999 -1.0314954190253514 0.0019078828663598455 -0.00849848338022526 0.9999620671650656 67.62735469683365
0.9999974133824081 0.0019627196294972928 -0.001149327992327118 -0.361753294175965 -0.001951270990367477 0.9999492969959336 0.0098790677189177 -1.0490374847398587 0.0011686596647089982 -0.009876799712299203 0.9999505403104754 69.08258168852777
0.999987786040531 0.004924957454711454 -0.0004153957021455527 -0.3748488977816701 -0.004920037988612881 0.9999261482456723 0.011112663331572932 -1.0593288474601563 0.0004700944669583623 -0.011110484062455888 0.999938166168174 70.44840060415679
0.9999603173965526 0.00888806909133374 0.0006048481828964782 -0.3950477540641616 -0.008894714132342307 0.9998878339498137 0.012050045419036664 -1.0800612217038847 -0.0004976787361009648 -0.012054947437543985 0.9999272126319473 71.89407428912097
0.9999158290814417 0.012930649120397021 0.0010644413336347045 -0.4077326292520609 -0.012942349491855777 0.999846186620342 0.011836330415746959 -1.0892574750747313 -0.0009112262410641021 -0.011849110755402384 0.9999293816285572 73.2668785061449
0.9998609269047845 0.016573259623241028 0.0018584596706335626 -0.42327387665068616 -0.0165931484112726 0.9997990115607346 0.01125184200562318 -1.1053305113928982 -0.001671606576074238 -0.011281115107943817 0.9999349689730098 74.66275479527715
0.9998271144204476 0.01839047409181492 0.002744391385501017 -0.43867503355248094 -0.018420991944502228 0.9997636880532021 0.011542753289001903 -1.1226410901658268 -0.0025314663533828234 -0.01159131236550629 0.9999296141012021 76.08948972978328
0.9998242707113608 0.0185139436656832 0.0029430490769086 -0.44205785735689906 -0.01854776723851958 0.9997569950921796 0.011913485738742196 -1.1335789418662072 -0.0027217685191597727 -0.011965979427434 0.999924700821674 77.46137400530672
0.9998406207187805 0.017597743334154026 0.0030087448147872262 -0.44671817544954595 -0.01763260322961889 0.9997727483277983 0.011980945225385488 -1.1530375335095002 -0.002797223701244003 -0.012032087962840285 0.9999236992889117 78.87729969547294
0.9998608686696931 0.016463308608542233 0.0026837905819124745 -0.45174929248411966 -0.01649190532349603 0.9998034248860551 0.011005847773907455 -1.164323443178697 -0.0025020705505833024 -0.011048577564191116 0.9999358322299082 80.25896579385777
0.9998623553595128 0.016415109823147908 0.0024113198552028524 -0.45341612269228915 -0.016441371711912865 0.9998008902497946 0.011307572325037447 -1.1856359882872571 -0.002225224876233226 -0.01134566153875009 0.9999331599359722 81.63415467729057
0.9998707301295456 0.01594688323699271 0.0020542408792801697 -0.46063326237245 -0.015970032203400042 0.99980291835229 0.01179332707747116 -1.1963173038666821 -0.0018657693653075203 -0.011824609092361112 0.9999283461959876 83.03952155600895
0.9998718611045969 0.01592400614316656 0.0016393167836314475 -0.46895621046580166 -0.01594090845881513 0.9998138216086873 0.010872423652579422 -1.208040169904727 -0.0014658791532708652 -0.010897162896791237 0.9999395496932965 84.40712949497077
0.999867376536679 0.0162634676681856 0.0008537650168997442 -0.47844032829847993 -0.016272108360040782 0.9998033083827487 0.011338565858033217 -1.2195812367648422 -0.0006691927376044147 -0.011350954890667874 0.9999353519139244 85.79687772416435
0.9998785200479534 0.015585837393285736 -0.00016364018016939551 -0.4882179602088951 -0.015582698145569528 0.999804690012184 0.012155714063381897 -1.2335477510789385 0.00035306524110818296 -0.012151687684021629 0.9999261031878681 87.16524181840244
0.9999058650464712 0.013654093368058538 -0.001351570731612041 -0.4928283212353264 -0.013634762625377965 0.9998171731684646 0.013405726916883265 -1.2452131908298725 0.0015343668148482638 -0.013386036898848186 0.9999092257512886 88.53430431821013
0.9999284440386598 0.011712597253801624 -0.0024334822419711144 -0.5052024591489481 -0.011677197436477976 0.9998326138545341 0.014085004601077136 -1.2584949615937264 0.0025980471271503662 -0.014055580770550753 0.99989784018705 89.91832352310304
0.999943379999222 0.010132857495144894 -0.0032499178000183187 -0.5127020009569822 -0.010085624290921953 0.9998478100541809 0.014235059865962059 -1.2715249108429938 0.0033936653258900074 -0.014201476717382188 0.9998933948710944 91.28791039034789
0.9999497934949494 0.009287825225900144 -0.0037612184630312663 -0.526966466877788 -0.009234544944560611 0.9998601377505494 0.013943748841666617 -1.28346861042579 0.003890199852197475 -0.013908315918233308 0.9998957071147185 92.66314494430908
0.9999587448673447 0.008131960151332818 -0.0040471919062059405 -0.538934255663359 -0.008075430863447221 0.99987225790319 0.013793306475584228 -1.2983600662336465 0.004158841890100035 -0.0137600548932834 0.9998966771306821 94.02025858280186
0.9999604110504431 0.007849133968373874 -0.004191348602938211 -0.5571830413840888 -0.007793068245488812 0.9998821172295835 0.013229502750639853 -1.3026102513609157 0.004294695027682781 -0.013196315812419455 0.9999037017918473 95.39302130626155
0.9999612669656629 0.0077814858043117295 -0.00411254456440999 -0.5698379532741524 -0.007728353495900391 0.9998884478976543 0.012781405416125668 -1.31460904289274 0.00421154449194514 -0.012749127416016014 0.9999098572651851 96.74398006034617
0.9999551784729402 0.008593233911576818 -0.0039745880170625565 -0.5857619814125348 -0.008543728468470069 0.9998877371458041 0.01230925761868962 -1.3308733849889864 0.004079918502630406 -0.012274748350005995 0.9999163389155705 98.08746971724516
0.9999440131787388 0.009944377254320215 -0.003616606115185438 -0.6052068991415281 -0.00989915591207783 0.999875178167589 0.012314008859030282 -1.3336875781409658 0.0037386101586348638 -0.012277518341654373 0.999917639282887 99.43900791691523
0.9999367606466298 0.010723640423476788 -0.0033879510824006195 -0.6173041115415696 -0.010676147463191345 0.9998486247588522 0.013738539301335463 -1.3468204576563445 0.003534765695016196 -0.013701500500781363 0.9998998821520112 100.77649404998108
0.9999306592358266 0.011283499519980691 -0.003370359930298481 -0.6348165136398246 -0.011230295652684878 0.9998182131632927 0.015408475133336175 -1.3567385193244983 0.0035436090761685394 -0.015369556873876818 0.9998756020473363 102.11165996277154
0.9999371910114193 0.010730284259877518 -0.0032365106419158227 -0.646773617904949 -0.010682362342597106 0.9998381311860541 0.01447751980187436 -1.3706479390906208 0.003391334952218573 -0.01444203719972128 0.9998899571558207 103.4628894639822
0.9999383347621862 0.010662762558449834 -0.0031035684891192027 -0.6619435840631297 -0.01062383875727204 0.9998679235828495 0.012299165009844019 -1.3813655529086672 0.0032343019396534702 -0.01226543502025419 0.999919545966199 104.7934713565505
0.9999453582933777 0.0099281570765442 -0.0032729338727534706 -0.675991825541375 -0.009891624364202475 0.9998906202089243 0.010995608398469654 -1.389943390363337 0.0033817423012909974 -0.010962633173648512 0.9999341900860087 106.11182568479249
0.9999597459146474 0.008399892033284971 -0.003154098957537073 -0.6906871820534726 -0.008360792606629067 0.999890481103315 0.012211591188711112 -1.4055913338022736 0.003256329856145549 -0.012184729104271628 0.9999204611883097 107.46200875383367
0.999984101816519 0.005011221024793042 -0.0025852976126423464 -0.6966872952345518 -0.004973466313898998 0.9998838142320877 0.014409117705963257 -1.40876826673514 0.0026572047473148977 -0.014396031026318111 0.9998928410406671 108.78981844439322
0.9999912549468755 0.003828516588992972 -0.0016829974761370724 -0.7080574821206614 -0.0038022552997211013 0.9998751108190546 0.015339674688325202 -1.4240934796879392 0.0017415156462828765 -0.015333141662541148 0.9998809238602772 110.12673176722386
0.9999930916400808 0.0035705014327310413 -0.0010335295458904364 -0.717785935967129 -0.0035555360970233544 0.9998937495651059 0.014136751549618553 -1.4347138469992164 0.0010838951273755735 -0.014132979418414649 0.9998995369894622 111.46280153835858
0.9999869261504366 0.00510383405893847 -0.00031368075690805424 -0.7276728003287589 -0.005099770700577013 0.9999171452206135 0.011819265552571796 -1.4404754723156254 0.00037397837786972907 -0.01181751156646998 0.9999301008397983 112.77919423885513
0.9999704190838081 0.0076587892232601335 0.0007098519316480626 -0.7363547190275687 -0.007665715996491959 0.9999172533393228 0.01033069626250514 -1.4627109762719321 -0.0006306726139893549 -0.010335832403420082 0.9999463849742852 114.1237877671123
0.9999486046685384 0.009889471757079259 0.0022330137419888053 -0.7489846247955905 -0.00991125936530878 0.9999012167727211 0.009966125288404442 -1.4654978313135636 -0.0021342336160199587 -0.00998774525714755 0.999947843635831 115.42866899237215
0.9999265961777601 0.01152304425404433 0.0037445540007048344 -0.7597427033009205 -0.011566937591906325 0.999862056697444 0.011919461161183085 -1.4757479440024466 -0.0036066892819596854 -0.011961899491266225 0.9999219493305099 116.78505885840976
0.9999199324492499 0.011775523873521473 0.004633109680934684 -0.7635079474286957 -0.01183931076073561 0.999832045027056 0.01398972766256962 -1.4794008706246964 -0.0044675955219902 -0.014043460646816388 0.9998914050054846 118.105128492375
0.9999144035164341 0.011872841089531315 0.005497386855132623 -0.7634805620997734 -0.011952262415467435 0.9998212909865746 0.014646826800443713 -1.4918028760126083 -0.0053225054141423 -0.014711279588582362 0.9998776171058902 119.46017301409155
0.9999052595480251 0.012123689847127247 0.0065182858031975375 -0.7637579751205416 -0.01221638701133181 0.9998220525957731 0.014374388850684795 -1.5011426495834717 -0.006342855784100428 -0.01445265720559102 0.9998754366818942 120.79101683267326
0.9998746593273822 0.013729043668494832 0.007885364110071921 -0.7661661300992333 -0.013839177622246054 0.9998050078303016 0.01408628797830893 -1.5092174334515822 -0.007690435902326003 -0.014193649632043193 0.9998696902620307 122.1013090955936
0.9998431198045524 0.015274370899904108 0.008968240633091925 -0.7688151245873169 -0.01539734433141841 0.9997861225721615 0.013806916170205066 -1.5100659102853882 -0.008755431299867302 -0.01394283750695526 0.9998644606663433 123.46753836069799
0.9998138250552372 0.016336945394874347 0.010267395311845517 -0.7682001464317455 -0.016470239148577155 0.9997793921482044 0.013034504098533854 -1.522600224941307 -0.010052187101938495 -0.013201184121196034 0.9998623316589224 124.78506911203668
0.999785273377948 0.017421675084152988 0.011220175236623258 -0.7645714292484678 -0.017559296357429137 0.9997703365893195 0.012285977010240997 -1.528208484663688 -0.011003556994206702 -0.012480357516434445 0.9998615716226196 126.13859017354554
0.9997828283835223 0.01691606686857416 0.01217138903992407 -0.7579390443848362 -0.017063532593393833 0.9997810002418906 0.012115587172919606 -1.5406102522264873 -0.011963776428007623 -0.01232064315091389 0.9998525240274807 127.48468785184565
0.9997779633349991 0.016462767294925698 0.01315299524258387 -0.7538369353571752 -0.01663619046873737 0.9997746552472973 0.013186202307526596 -1.5487217218185851 -0.012932950987149607 -0.013402090487465688 0.999826546331279 128.80489264057664
0.9997865925591047 0.015210174036272131 0.01397926714668462 -0.7440839156148267 -0.01540883880101299 0.9997802235799961 0.014215212251561032 -1.5543615699218563 -0.013759980133205837 -0.014427583178323645 0.9998012341415816 130.161853598192
0.9998024586026047 0.01383181604277758 0.01427321291264531 -0.7319784813412851 -0.014044832746248168 0.999789845437866 0.014933441042155186 -1.5622116067469363 -0.014063657899594486 -0.01513095625482411 0.99978661107793 131.48271090293323
0.9998143986572022 0.012915981966666188 0.014294950868691718 -0.7204958042357201 -0.013130792100934985 0.9998007231137298 0.015036501781135029 -1.5722503555440805 -0.01409789220945446 -0.015221415312586972 0.9997847558112791 132.8384568444334
0.9998431609219701 0.010774096965362499 0.014056043963104847 -0.7103288447667262 -0.010995972040808285 0.9998146381193624 0.01580436710310621 -1.5722966954808373 -0.013883161885764331 -0.01595644853860782 0.99977629976307 134.1831653180658
0.9998666767917358 0.009249491282863644 0.01345643107016038 -0.6985471955220568 -0.009461410871710098 0.9998308636219854 0.015771045214783713 -1.5839150389696641 -0.013308282065334898 -0.01589625970121762 0.9997850761825553 135.50610495389967
0.9998853521130661 0.008906006745872259 0.012246046709080402 -0.6894967082603884 -0.009096399766912153 0.9998372390666717 0.015580465329159833 -1.5898005077027808 -0.012105294812666801 -0.0156900743043734 0.9998036224210908 136.85020351494472
0.9999162315066388 0.0064575414121302525 0.011217402631333348 -0.6785389546666037 -0.006643947525283798 0.9998391292742931 0.016660538379224547 -1.58895631666807 -0.011108012888737483 -0.01673367091119479 0.9997982778082775 138.18232308746812
0.999934213101907 0.005345192568131488 0.010148811800278818 -0.6702766275211051 -0.005515834180975664 0.9998426279756657 0.016861045605967843 -1.594933082614761 -0.010057089962167169 -0.016915915862415237 0.9998063346132726 139.52360053428245
0.9999505356424057 0.004545065692091947 0.008846956793819385 -0.6653217369774942 -0.004697805673121139 0.9998389414804041 0.01732113512157141 -1.6033171426278638 -0.008766806946227656 -0.017361839965104753 0.9998108369137163 140.8731645088172
0.9999628733622745 0.004120999286954382 0.007567645662729441 -0.6644840803302088 -0.004247282935698303 0.9998507259934526 0.016747725762345893 -1.6036224826504542 -0.007497499264348955 -0.016779246235650688 0.9998311079384493 142.2024217695097
0.9999701614173545 0.004000635927194119 0.006608417814008219 -0.6628838835167687 -0.004109191062334766 0.9998554930018166 0.016495686193463695 -1.6051253453824617 -0.006541470156295099 -0.016522349560373496 0.9998420981006133 143.54366404515395
0.999981421407486 0.0021643408374797755 0.005698462139650261 -0.6559112469602606 -0.0022462358738323564 0.9998937275632385 0.014404443827818249 -1.6140772039145577 -0.005666680891552674 -0.01441697658480768 0.9998800125583945 144.89563205415257
0.9999861514255628 -0.0025699137619099796 0.004592658201244666 -0.6593992817166043 0.0025077536063986185 0.9999058664423575 0.013489604033387104 -1.6259222836844192 -0.004626893376976971 -0.013477900226345447 0.9998984638768036 146.2152183775353
0.99993575755682 -0.010768718034208046 0.003537723214584349 -0.6499718849651697 0.010708921306548269 0.9998063852002903 0.016507910220694255 -1.6262319617841157 -0.0037148075893794364 -0.016468964826033404 0.9998574765460737 147.58552502293438
0.9998329100130022 -0.018176041005775488 0.00194514758319579 -0.638529019882566 0.018137262477281216 0.9996665706347222 0.01837898931993113 -1.6331212594045184 -0.002278556453804921 -0.018340639068299146 0.999829199986199 148.90455009733725
0.9997843027246621 -0.02075680906733947 0.0007091611982026986 -0.6293204882477517 0.02074357090149016 0.9996682393064067 0.015268122878902285 -1.6386869060958416 -0.0010258435106111946 -0.015250119334664372 0.9998831839322565 150.23623750454178
0.9997996469050077 -0.0199829140945547 0.0011615512127113486 -0.6374285023625602 0.019967172247679132 0.9997253162674856 0.012272083580354125 -1.6509068155046949 -0.0014064642528842585 -0.012246432162230338 0.9999240204936559 151.60294155430898
0.9998593252929804 -0.016652058002784017 0.0020096270319205616 -0.6489746130856555 0.01663155414805379 0.9998134449169384 0.009821749224422702 -1.6567426980460889 -0.002172804638019308 -0.00978694451031836 0.9999497460559728 152.9447541786329
0.9998559424394586 -0.016732459864411527 0.002849415406177165 -0.6558295251742827 0.016702818498037855 0.9998092108671265 0.010127077922279341 -1.6676401233498335 -0.003018322939236359 -0.010078025955160008 0.9999446600282157 154.30195828831341
0.9997953009393944 -0.01995620963586827 0.0033325556729650986 -0.654916470252957 0.01991121258830137 0.9997168406151935 0.01303004958638308 -1.6713258144933945 -0.0035916427212057777 -0.012961027360274845 0.9999095518460188 155.63435339591626
0.9996355959242278 -0.02672417021057121 0.0038071103985531803 -0.6461194396825016 0.026658591742998342 0.9995109671375714 0.016344603203408595 -1.6785755361493175 -0.004242044897791599 -0.016237155257688166 0.9998591700067195 156.97124540829762
0.999541548424033 -0.030043846700610118 0.003749699250259422 -0.6356996925122987 0.02997311194383511 0.9993943868541837 0.01767687999848896 -1.6823080578518426 -0.004278510200951757 -0.017556386169187692 0.9998367204991319 158.32012805160218
0.9994980829616048 -0.03146617058009681 0.003669094796000194 -0.6294833749724794 0.03139626259823013 0.9993491008981888 0.0177665200275118 -1.687346769739807 -0.00422575127566791 -0.017642407164912343 0.9998354307079838 159.66098108123134
0.999530897995993 -0.030264472431936404 0.004695280072942397 -0.6330983983444505 0.03017359304605546 0.999376224399802 0.018349833479893295 -1.6843449668504518 -0.005247699727682677 -0.01819955239737154 0.9998206028799504 161.0223815157448
0.9996115471939712 -0.027260135162295314 0.005799978418953917 -0.6402742797577472 0.027153023612160883 0.9994726566396355 0.017807917736744658 -1.6836770481165395 -0.006282366597862973 -0.017643513571958123 0.9998246037684918 162.3693868679257
0.9996997708794672 -0.02355746614332766 0.006738983700399815 -0.6445025230295527 0.023447736771923383 0.9995982466822848 0.015923217667308188 -1.6884654254809068 -0.007111387538875715 -0.015760423424580807 0.9998505074364757 163.71558515837037
0.9997504615414857 -0.02107037160259779 0.007419845035924854 -0.6454987395396385 0.02095694491047618 0.9996671460657209 0.015046711440949373 -1.687248562881947 -0.007734415752777482 -0.014887459695122039 0.999859261274403 165.07329581098372
0.9997731308884462 -0.01982803873805336 0.007780465726378103 -0.6461868419649279 0.019698153815195945 0.9996709689615555 0.01642974551806393 -1.6903016068335763 -0.008103676012455123 -0.016272757604629068 0.9998347502439449 166.42181818757277
0.999794378546917 -0.018803265005179558 0.007591960589037194 -0.6443750418434147 0.018675562266872947 0.9996885239662874 0.01655531362350413 -1.6908463551351305 -0.00790089047761447 -0.01641012566577418 0.9998341280961491 167.75883130740715
0.99984368163216 -0.016177410457585195 0.0071346833943852685 -0.6446469919454907 0.016074309429200247 0.9997688385421991 0.01427886694905078 -1.6991432353250233 -0.007364029831762375 -0.014161950052069494 0.9998725970014198 169.13360123352098
0.9999102216754894 -0.01165884162251324 0.0066045452149281975 -0.6474628645061522 0.011582307418542234 0.9998666725717968 0.011510309333311802 -1.711129378003997 -0.006737862080759805 -0.011432780294915993 0.99991194249635 170.51653075583644
0.9999557502615137 -0.0069349531391899675 0.006356410809918705 -0.6509225752670709 0.006870112717751219 0.9999247185161784 0.010166554980002324 -1.7139530404740313 -0.0064264374066599714 -0.010122436042829244 0.9999281160102202 171.88159597164773
0.9999743512211248 -0.002701150231944319 0.006633302170035863 -0.6596319454419899 0.0026270175133359403 0.9999342826518091 0.011159262917029362 -1.7219007451059203 -0.006663009646502923 -0.011141551106694852 0.9999157315187956 173.25443590845933
0.9999726761430865 -6.054211111561e-05 0.007392111246849647 -0.6670969721047554 -3.991946626586383e-05 0.9999076580390712 0.013589473714780406 -1.7276848795986803 -0.007392251993948955 -0.013589397748858825 0.9998803342790044 174.6143691928495
0.9999711264990656 0.000691395208297807 0.007567572031122307 -0.6680258547055067 -0.0008127600523194752 0.999870921526313 0.016046174039996433 -1.7338139591333477 -0.007555501598223812 -0.016051861661770424 0.9998426136813218 176.01019504058206
0.9999761135877028 -0.0015101942730134533 0.0067447443306525735 -0.6624401085637743 0.0013942293092566293 0.9998516962491677 0.01716512808175958 -1.737429273292853 -0.0067696672960433435 -0.017155314679662012 0.9998299189284047 177.4085205057727
0.9999797111859804 -0.0037519711596062082 0.0051478092098025275 -0.6640500466895027 0.003663590721282032 0.9998475520346897 0.01707192959859194 -1.7348669266264403 -0.005211078250615414 -0.017052724092320542 0.9998410119947589 178.78775779566737
0.9999821900220927 -0.005145697995093672 0.003023481648759996 -0.663623576510885 0.005104245002811087 0.9998950060820059 0.013561839228047629 -1.7451121581715576 -0.0030929495805726227 -0.013546165361427623 0.9999034628744636 180.12364096342844
0.9999944475330912 -0.0030174931678833353 0.00141408779324607 -0.6761072912207835 0.003003931601818206 0.9999503959968651 0.009496416867619732 -1.7573956229123466 -0.0014426731358695324 -0.009492116499671457 0.9999539081475618 181.54010641098466
0.9999993648100145 0.0007812423180545789 0.0008124283877065095 -0.6954228449644797 -0.0007881528596979563 0.9999632166800992 0.008540731852691585 -1.7588504789768105 -0.0008057261839634511 -0.008541366913750853 0.9999631972517603 182.92850833950885
0.9999872866411816 0.005007615987044406 0.0005918861673889168 -0.7093713006205562 -0.005013178734066088 0.9999393830894815 0.009802968535130685 -1.7726857542007286 -0.0005427608253749999 -0.009805811334283394 0.999951774575738 184.27583712950968
0.9999768680999109 0.006748998823526161 0.0008451433432857963 -0.7166284946074286 -0.006759460479326619 0.9998919175011114 0.013056148692500748 -1.7785993096027377 -0.0007569361197585487 -0.013061559653992968 0.9999144076925364 185.71661373525043
0.9999737119284844 0.007117705047887246 0.0013833704885078766 -0.728048200896446 -0.007138431188531127 0.9998527697050441 0.015603900831505169 -1.7827405695949643 -0.0012721029461011558 -0.01561336604223399 0.9998772947517091 187.08631835774815
0.9999785261196915 0.006371705091913843 0.0015325347818799149 -0.7350714651370303 -0.006395715863478447 0.9998481747220006 0.016208711522177382 -1.7820164665021514 -0.0014290250827049412 -0.016218165438632515 0.9998674557172266 188.5314096000456
0.9999855319338282 0.005210309577150893 0.001337381316481004 -0.737154827458295 -0.005232144127522558 0.9998438706788227 0.016877764546192137 -1.786935317143011 -0.0012492342260705521 -0.01688451806513989 0.9998566659624972 189.9280169957448
0.9999965025145594 0.00228177700814326 0.0013373294951999687 -0.7396819128074661 -0.0023050505171749672 0.9998412570829315 0.017667692900623047 -1.789620237110645 -0.0012968035636511765 -0.017670714069143712 0.9998430197643351 191.30449971466652
0.99999846622732 0.00040074200253701654 0.0017049781691725367 -0.744356067738972 -0.0004308708611661504 0.9998431155070222 0.017707589210329354 -1.7918481200309475 -0.0016976146389776664 -0.017708297024273848 0.9998417546428062 192.7484003275077
0.9999942005364841 -0.002693336191028583 0.002084428050638785 -0.7464088427495044 0.002654145965104479 0.9998238304350645 0.018581269877211322 -1.7891369027081052 -0.0021341066096748507 -0.018575630101834398 0.9998251804999017 194.1418452366354
0.9999689928867834 -0.007492993467212796 0.002422462727185322 -0.7439465302906232 0.007442520506778497 0.9997679903117849 0.020213223824214987 -1.7840621347069032 -0.0025733584470977494 -0.020194568232169505 0.9997927571489602 195.59314720646594
0.9999360777019256 -0.010977614882451683 0.002707858040528104 -0.7420157710134473 0.010918717260439678 0.9997223049735007 0.020882876496089997 -1.7888363328497157 -0.0029363504881898634 -0.020851975678502218 0.9997782618979237 196.9983663348841
0.9999505215334837 -0.009550224960470838 0.002783469303109752 -0.7448574153659356 0.009502818032909041 0.9998174747090366 0.016574489399518496 -1.7846949923264517 -0.0029412515864581028 -0.016547218833349 0.9998587593214188 198.42234044714212
0.9999919766056407 -0.0024562048476087315 0.0031644572515679417 -0.7625703012304096 0.002419807571301811 0.9999314626441137 0.011454891447399907 -1.7901561824227707 -0.0031923761882877953 -0.01144714238381243 0.9999293833394237 199.85339155052918
0.9999671654545598 0.006751513717276418 0.0044816365892112785 -0.7754002237786233 -0.0068017064522336995 0.9999132407384599 0.01128041644469177 -1.7934469799848674 -0.004405088242919386 -0.01131052905836231 0.999926330850856 201.2824977468917
0.9998835474587343 0.014090409538631755 0.0058610451828790665 -0.7957296207103146 -0.014175526187133863 0.9997908197703812 0.014743513478080153 -1.7924799367399469 -0.005652077491704202 -0.01482488025632906 0.9998741305512696 202.7370715947593
0.9998564755780671 0.015516248769833117 0.006802516766516199 -0.7985442527883262 -0.015631477679804915 0.9997294175363423 0.017226394012399657 -1.7960856569334702 -0.006533387648965261 -0.017330255341301594 0.9998284738380451 204.16023458506223
0.9998815697280383 0.014021893134576593 0.00634294898745549 -0.7954432125901741 -0.014133475212766962 0.9997398369466768 0.017902606711309766 -1.7971919595887185 -0.0060902708493827925 -0.017990134773381586 0.9998196155578551 205.62092561891214
0.9999296291921962 0.01074106490350295 0.005036483783390453 -0.7909097173746638 -0.010830445669401275 0.999778091647154 0.01806845109647178 -1.7976123487493705 -0.004841292134830751 -0.01812172733041248 0.9998240669699713 207.05770875159178
0.9999512777135163 0.00907688672789204 0.0038797307881032125 -0.7877233513681752 -0.009145050874621367 0.9997974538090046 0.01792817371690919 -1.806328622278661 -0.0037162132614854274 -0.017962780908697407 0.9998317499785532 208.49544393983615
0.999950536157015 0.009344443466915847 0.003406845895742433 -0.793347522152341 -0.009402135381168535 0.9998056058153423 0.017330621541287863 -1.8037739288708214 -0.0032442388722258263 -0.017361796275190824 0.9998440093076297 209.96407355797535
0.9999367284511465 0.010757643121398465 0.003288189167492188 -0.8006474696570847 -0.010813598312491587 0.9997883660654275 0.0175011196282092 -1.8037823147336443 -0.0030992227243387977 -0.017535569813433533 0.9998414367359608 211.42624567773387
0.9999226162230674 0.012023811690113488 0.0031920985484402142 -0.8059339003975703 -0.012079592668941545 0.9997637220097009 0.01807162455785271 -1.799045825462317 -0.0029740547526733068 -0.018108785721220634 0.9998315992621192 212.8921960125247
0.9999278220757689 0.011652077761330832 0.002929112262760147 -0.8127133106196561 -0.011703212842920073 0.9997678210182873 0.01809250906306751 -1.8033276076607994 -0.002717617077731827 -0.018125483571531275 0.9998320265964797 214.35500587175486
0.999931531736204 0.011413940732697933 0.0025794908423570477 -0.8192462361149125 -0.011457090023407111 0.9997832693211498 0.017382447820971023 -1.8061620960013713 -0.002380529746183347 -0.017410811483709758 0.9998455864415761 215.80624503592404
0.9999387723573828 0.010838417035227699 0.002231642964947522 -0.8258309449095 -0.010874737476281343 0.9997969860892938 0.01696250891525776 -1.8072634669548058 -0.002047343324789031 -0.016985739213626835 0.9998536358156732 217.29066229849445
0.999936323077802 0.011165999226008121 0.0016340829090228024 -0.8299925356834468 -0.011192311116930873 0.9997912837492128 0.01709155139045843 -1.8084125868583643 -0.00144289770860164 -0.017108752561964702 0.9998525934546464 218.74856381544618
0.9999230964210654 0.012317011788053089 0.001446525659115744 -0.8389175404137476 -0.012339626226616704 0.9997821904182741 0.016831677539539545 -1.8122796591421344 -0.001238894713169859 -0.01684823304975717 0.9998572909115883 220.23732970452502
0.9999322933802935 0.011561091433351371 0.0013227979800878472 -0.8452761320865674 -0.01158179547696036 0.9997902466449442 0.016891558439174628 -1.814783900589922 -0.0011272357495500929 -0.016905735485657918 0.9998564524238072 221.71598509472858
0.9999223239391093 0.012438483900050295 0.0007938371196550343 -0.8561240970739372 -0.012449890376906976 0.9997864149541654 0.01649620335398602 -1.8112658289583166 -0.0005884798452732425 -0.016504805513359432 0.9998636132459011 223.20834325213474
0.9999237485777593 0.012340323153051936 0.00046197988954784007 -0.8646751670715082 -0.012346323286276852 0.9997840238732917 0.01671747382006309 -1.8166403157598925 -0.00025558109255219047 -0.01672190318080352 0.9998601465403519 224.68859181775449
0.9999136323677987 0.01314235081664568 7.992239344936842e-05 -0.8743618486167075 -0.013141847713615425 0.9997734807657007 0.016741535794539544 -1.8153196497207618 0.00014011887166675316 -0.016741140535800433 0.9998598474727683 226.16796943920207
0.9999223388868295 0.012462096302572162 0.00011099848029009606 -0.8844450848854242 -0.012462187980108156 0.9997786462683368 0.016951470693266867 -1.8232473727125837 0.00010027697126371209 -0.016951537850846125 0.9998563073347742 227.67014568819883
0.999935695471644 0.011339835773956558 0.0001141036624036629 -0.8926859181377338 -0.011340148399737276 0.9997935514398187 0.016859879959211767 -1.8259307083810883 7.710818344988028e-05 -0.016860090086102387 0.9998578556097947 229.15982482924494
0.9999445706097717 0.010525668253276051 0.00025688896450793385 -0.90181992811167 -0.010528537278984607 0.9997950689457051 0.01729074985145692 -1.8273632491446974 -7.483961623070507e-05 -0.01729249644960534 0.999850470807353 230.66609520667492
0.9999610299675142 0.008818376599972259 0.0004180450733967231 -0.9089766481983674 -0.00882449110922652 0.999797835295485 0.01806701152410091 -1.8299475469185642 -0.00025863885562622205 -0.01806999684980467 0.9998366908291917 232.16777181605153
0.9999619839002936 0.008713458759273509 0.0003261472504921777 -0.9150384663212985 -0.008717989826837034 0.9997922176163191 0.018426021190304703 -1.8307093298472574 -0.00016552510678182549 -0.018428164423008837 0.9998301732626216 233.66208894163591
0.9999587901066592 0.00907459573414051 0.00026416090178957665 -0.9254187427043585 -0.009077901543820597 0.9997930721459916 0.01820452150725052 -1.8302345801865325 -9.890756058097278e-05 -0.018206169693225607 0.9998342490689317 235.14359933494157
0.9999480618722278 0.010166490276689023 0.0007183392248356645 -0.9306047641644815 -0.010177715069602265 0.9997882209243273 0.017886515345461932 -1.8328585218672546 -0.0005363440428104666 -0.017892897765308995 0.9998397654387138 236.66729328315992
0.9999354015156636 0.011314830838154964 0.0010804506731174356 -0.9432805489605096 -0.011332938169478326 0.9997635790203747 0.018556685963955034 -1.8328581425721167 -0.0008702295285920782 -0.01856773228476288 0.9998272260877763 238.16583323840064
0.9999341446621636 0.011350335172375228 0.0016959380158923273 -0.9495761510092506 -0.011383155537741479 0.9997190573987251 0.020790143314462297 -1.8278340402099427 -0.0014594865670444041 -0.020808079716393774 0.9997824231935251 239.67687154978196
0.9999381023735537 0.0108538898130536 0.0024463187529840556 -0.9509241199037577 -0.010904201627272453 0.9997074858425964 0.021587986245391037 -1.8262541091685052 -0.0022112897162757657 -0.021613325585714417 0.9997639593243963 241.20811098187596
0.999926613988734 0.011776357755048178 0.0028432394491590047 -0.9585327861548985 -0.01183157020176682 0.9997248830447429 0.020252708087330967 -1.825128825180765 -0.0026039542942849873 -0.02028486221571873 0.9997908500252805 242.6938984672124
0.9999230385309681 0.011878994228280745 0.0035786152400590857 -0.9613874639474467 -0.011944700544431964 0.9997493494152672 0.01893574639043913 -1.8242908563452231 -0.00335278090476074 -0.018977034935386793 0.9998142982627526 244.2373611221322
0.9999145649668594 0.012526670517668736 0.003734336200360866 -0.9671386507740034 -0.012596198005701522 0.999736014022319 0.019215568768564416 -1.8151957703102297 -0.0034926435696094426 -0.01926096591038903 0.9998083899620878 245.73781490727643
0.9999151580264493 0.01248373665058004 0.0037192798073367155 -0.9749665863955278 -0.012557272421334014 0.9997119825745417 0.02045157268929071 -1.8151084199896097 -0.0034628968193108414 -0.020496541957977035 0.9997839267161823 247.24826979707478
0.9999112478225022 0.012814053681758999 0.0036464337712103015 -0.9745153748322559 -0.012888820803885414 0.999690518818985 0.02127780301703089 -1.8160343496168598 -0.0033726506271356694 -0.021322913224468828 0.9997669521477949 248.79594097337468
0.9999156040482384 0.012589461508816839 0.003207836193294079 -0.9829628289810578 -0.012655333912078954 0.9996905485477551 0.02141610810776648 -1.8088988346213162 -0.0029372264867640542 -0.021454897343222423 0.9997655025498015 250.30288935893736
0.9998924691804284 0.014263646426476845 0.0034056474742738463 -0.9864662014099604 -0.014334067099002189 0.9996631628224876 0.021635513401673592 -1.8071062865933818 -0.003095899257228282 -0.021682004132349112 0.9997601242861955 251.8495595344448
0.9998678260777578 0.015877273026937984 0.0034989338247362 -0.9950053876381609 -0.015949741392684284 0.9996359745247051 0.02176061155344275 -1.803180698744448 -0.003152161202614649 -0.021813542897253502 0.9997570871137893 253.37449080214984
0.9998631133662786 0.01610859126559349 0.0037772712997026685 -0.9928846917011903 -0.01618737306575136 0.9996302786804668 0.02184662282500454 -1.7919265882496282 -0.003423956717055414 -0.0219047768553365 0.9997541984304743 254.91036852159655
0.9998814666877491 0.014949482673148808 0.0036831383135591802 -1.0001415852061843 -0.015027711991185331 0.9996402396493934 0.022216191659609644 -1.7925018054369695 -0.0033496929602224593 -0.022268907890264998 0.9997464054983782 256.4577182044097
0.9999037393594106 0.013409368776096168 0.0035638202814014842 -0.9973242438692681 -0.013487724777296563 0.9996454922361351 0.022955852240293294 -1.782050523413759 -0.003254733648560386 -0.02300171078334112 0.9997301275940632 258.00137195370274
0.9999374890130872 0.010556387124346546 0.0036852051736981327 -0.9975977096188648 -0.010642268382190331 0.9996524422400852 0.024119221725668095 -1.780382476944166 -0.003429312781414608 -0.024156933433235148 0.9997022968820884 259.52136542464444
0.9999527411075299 0.009146568572020192 0.003294816946601483 -0.9945216606972682 -0.009221598892222465 0.999680688930836 0.0235262045118977 -1.7713110557532317 -0.0030785810740713484 -0.02355547663860275 0.9997177911135653 261.07577339339406
0.9999597537909853 0.008427380549688192 0.0030773431615134066 -1.0000467488456972 -0.008494812859563609 0.9997085079775695 0.022599496384373682 -1.76949680162378 -0.0028859918104897943 -0.022624728744610762 0.9997398625191588 262.60434406343427
0.9999714062930463 0.006583238139245096 0.0037212313703289444 -0.9980429763565615 -0.006670919818603524 0.9996881917647297 0.02406279438818698 -1.7603281031498148 -0.00356166023603296 -0.02408693085668081 0.9997035232249792 264.1405767692633
0.9999862577523726 0.0033409324828492107 0.004040108314769138 -1.0004313466251409 -0.0034459103073735268 0.9996491477343169 0.026262275706876583 -1.7437510429312482 -0.003950950656628227 -0.026275837172294626 0.9996469228592978 265.6827288238215
0.9999851602150944 0.0032898953501210347 0.004342342360416105 -0.9967941797714033 -0.0034008657058489386 0.9996613311653096 0.025800330904768642 -1.7401822923538428 -0.004255991694853 -0.025814716264477518 0.9996576848953524 267.2480655310646
0.999987366589149 0.0027258600852688294 0.00422331018689288 -1.0052968092267744 -0.0028297958328679746 0.9996883616680826 0.024802656923609872 -1.7309225045343677 -0.004154385800344463 -0.02481429517480878 0.9996834458187343 268.75297215472705
0.9999805561559267 0.0034991658136774772 0.005161700093285827 -1.0034515040729757 -0.0036252952283590623 0.9996900108835142 0.02463208000869182 -1.720930934091803 -0.005073908699347404 -0.02465031423748524 0.9996832585714409 270.33280924081816
0.9999670295648281 0.005110905315453571 0.006310184342238997 -1.0095817761415165 -0.005266302527790572 0.9996770609051127 0.024860409337486872 -1.710395828877961 -0.006181087841468904 -0.024892821508235505 0.9996710166847625 271.84212199405647
0.9999526134071021 0.006635624102556015 0.007123161238958371 -1.0139193596804017 -0.006807744617787403 0.9996786687410284 0.02441749119299731 -1.7024771311656661 -0.006958847620346793 -0.024464827275478475 0.9996764710017143 273.38641892899176
0.9999359494934952 0.007760183851291694 0.008238716373013355 -1.0070370120400816 -0.007959067003012917 0.9996708820305894 0.024388129784083144 -1.6932626086442961 -0.008046749153355614 -0.024452140688984814 0.9996686164183158 274.95345239846665
0.999918601353693 0.009077549491002495 0.00896597729890352 -1.0112700964633006 -0.009294101577138753 0.9996587369003483 0.024413713769120125 -1.6931734125150888 -0.008741301566302363 -0.02449505771224736 0.9996617336891829 276.4692376814657
0.9999047415829843 0.009378177757782541 0.010127069056443469 -0.9997456193881012 -0.009617529051855521 0.9996692725423925 0.023850548764287886 -1.6843014165677075 -0.00990004588869046 -0.023945674650711738 0.9996642405148848 278.0406331320558
0.9999033905576137 0.008822067955827583 0.010741538793572385 -1.0012273675939751 -0.0090712834914658 0.9996855475230445 0.023377722198821522 -1.6753689119882278 -0.010531922107924929 -0.023472903694471442 0.9996689959260224 279.5540749677851
0.9998952740510727 0.008563645989266682 0.011666399845679335 -0.9903925316495412 -0.008835264873298566 0.9996863668455586 0.023433011818255346 -1.6675479906418251 -0.01146206980848617 -0.023533633967676947 0.9996573358082225 281.10428327087214
0.999896960693746 0.006866592429260855 0.01260626413532772 -0.9684567474860872 -0.007180398749618043 0.9996611956790694 0.025018707527009063 -1.6611918333882563 -0.01243020084160075 -0.025106648109957615 0.9996074961388884 282.67757762535496
0.9999032857588976 0.005899375658519986 0.012594303847890198 -0.9669113687990617 -0.00621553474950897 0.9996627652776509 0.025213544805499675 -1.6498088964089341 -0.01244131347029974 -0.02528938712269332 0.9996027514105983 284.19592176140145
0.9999025447132521 0.004893166187846767 0.013075090694502217 -0.94550818858085 -0.005193878963917761 0.9997204808409302 0.023064774113400684 -1.6485297878213823 -0.012958577260151163 -0.023130437216823584 0.9996484672909209 285.7751361553862
0.9999097405557701 0.0049058337619316585 0.012507738931206075 -0.9415215382397826 -0.005168876808011912 0.9997643135991953 0.021085539225670556 -1.6411109575279743 -0.012401349908327591 -0.02114828742878555 0.9996994330620268 287.2914567860393
0.9999177925549135 0.004986076665111049 0.011813008429664729 -0.9239680975250979 -0.005238432755863214 0.999756653294704 0.02142878935965029 -1.6362395535768668 -0.011703289158451317 -0.02148890982175721 0.999700585066749 288.84529198434285
0.9999338048111405 0.0031584537617942885 0.011063912804920776 -0.9203745615701084 -0.0033962514797355545 0.9997622048841082 0.021540639620494805 -1.6286483389869648 -0.01099324765811501 -0.021576789982761257 0.9997067523254284 290.4156519776438
0.9999435477704341 0.0037397155929087336 0.009945642233316657 -0.9113693281747348 -0.003945538314093503 0.9997767798951247 0.020756278711650714 -1.6242842136123186 -0.009865800404109505 -0.020794348290610457 0.9997350954456258 291.96047729902483
0.999947138388837 0.003950092578397734 0.009493007746386083 -0.9078124767005022 -0.004147038349475779 0.9997747012447804 0.020817031974205414 -1.6207727431592958 -0.009408640558626577 -0.020855299825947218 0.9997382327170227 293.5538912509706
0.9999529953092827 0.003908711808640377 0.008872944469987805 -0.9005664569318177 -0.004094483733270525 0.9997707516982088 0.021016166344726517 -1.6111931139531976 -0.00878876495100245 -0.02105150902388177 0.9997397619294751 295.0882890027403
0.9999593399046073 0.004194538443421882 0.007982755392422906 -0.9019273550591054 -0.004364161112058515 0.9997625127958211 0.02135116161469893 -1.6121043712482193 -0.00789130197189726 -0.021385131923362707 0.9997401679889719 296.6668305779008
0.9999695503192193 0.0034523091361633356 0.006998571010517363 -0.895052289351917 -0.003609253346184488 0.9997394728969842 0.02253795943468319 -1.599976767797054 -0.006918940256599273 -0.022562533218561685 0.9997214913998634 298.2697601603143
0.9999706067228242 0.004469122749115765 0.0062299783248552995 -0.8990589145495717 -0.004618694978529491 0.9996963600568431 0.02420444875851776 -1.5934912249889022 -0.006119914500005624 -0.024232512156106334 0.9996876172132567 299.82080561015715
0.999962089652744 0.004854604496965756 0.0072285593111796305 -0.8949584868067095 -0.005030042542171622 0.999688325690483 0.02445301913321962 -1.5848653021251982 -0.00710759719958013 -0.024488452552216697 0.9996748460183836 301.42126705194454
0.9999502973157932 0.0056572484630730635 0.008209654893567092 -0.8978438697477887 -0.0058543998300971895 0.999690174392009 0.024192586125298895 -1.5691620719970816 -0.008070248524456307 -0.024239446766557798 0.9996736068922148 303.00622849404647
0.9999509556463112 0.004994567342747424 0.008552227560755198 -0.8902709110015674 -0.005202047101310494 0.9996884381170165 0.024412402505598108 -1.5608478149330511 -0.00842763431719205 -0.024455694784664122 0.9996653910085473 304.5965696377441
0.9999581599412055 0.0025062212016786585 0.008797569251090646 -0.8799140768687868 -0.00271248728897261 0.999719858634104 0.02351269138221148 -1.5522753528376452 -0.008736177401890902 -0.023535571363273517 0.9996848283793475 306.1967529247873
0.9999586515593003 0.0006035894244784783 0.009073635293588303 -0.8674276943830509 -0.0008015781167974778 0.9997613225921027 0.02183243711517508 -1.545256928005356 -0.00905829254164644 -0.021838808028957536 0.9997204678334838 307.7907316716746
0.9999574811886704 0.0004020616732590193 0.009212717703729145 -0.8670866330654914 -0.0005939424816996065 0.999782760678258 0.02083455477062478 -1.5385212605847358 -0.009202340324151053 -0.020839141138085555 0.9997404898939106 309.4117366597901
0.9999737850623313 0.0009583366733910779 0.00717710136134217 -0.8601092985113358 -0.0011031091181502636 0.9997954574744295 0.020194711061150807 -1.5356642507769749 -0.007156280595238941 -0.020202099177096904 0.9997703050405081 311.0108223127806
0.9999864939279439 0.0019794857122266713 0.004805580083943045 -0.8597556475622923 -0.0020797354485888216 0.9997784347454332 0.020946505927151377 -1.53211430820996 -0.004763052410934478 -0.020956217768062585 0.9997690484679637 312.61474118014615
0.9999816665194939 0.003601982190933651 0.00486747860164429 -0.8647583884175338 -0.0037182085188507278 0.9997030274436909 0.024083850137655793 -1.5201495496750328 -0.004779283879539669 -0.02410150737116046 0.9996980923244614 314.22870939354027
0.9999850034012064 0.0019758628054502812 0.005107733451255073 -0.8633809568217765 -0.002114604990076553 0.9996249944341261 0.027301995047469288 -1.5096027932663607 -0.0050518734313780445 -0.027312386984765034 0.9996141816243996 315.8598246975286
0.999983407943357 0.0014748215237324622 0.0055685494364925035 -0.8673977417727219 -0.0016308757665112776 0.9996030986796755 0.028124461552050995 -1.490710830925531 -0.005524861155042458 -0.028133077072846957 0.9995889184544311 317.47840821737077
0.9999846195761622 0.0003861281286686334 0.005532767972080153 -0.8657412530607191 -0.000536526780071254 0.9996296605246157 0.02720760777909279 -1.4813135122819914 -0.005520213791694322 -0.027210158324842797 0.9996144929600507 319.11702886490633
0.9999805213584734 -0.0003328224956062331 0.006232667135137412 -0.869295633491775 0.0001637691088179176 0.9996325877962717 0.027104659691827585 -1.4632443090932004 -0.006239398723145622 -0.027103111540393972 0.9996131708115921 320.7364294103727
0.9999816315174894 -0.0006032616252303977 0.006030979203340489 -0.8555327151567094 0.00043753981832068793 0.9996232993177976 0.02744208448130068 -1.4486078176283441 -0.006045262574647499 -0.027438942153735525 0.99960520170015 322.3680664738986
0.9999780598470707 -0.000587182505891912 0.006598109467944733 -0.8537092461061616 0.0004045103427039159 0.9996175051518438 0.027652843361040076 -1.444387996444588 -0.006611823527443038 -0.027649568189036734 0.9995958109059281 323.9975271738164
0.9999720090977471 0.0009789900803379636 0.007417722324911997 -0.8648671065386971 -0.001178453880285815 0.9996365278902228 0.026933684078775437 -1.4270785312150278 -0.007388658983022866 -0.02694167215005898 0.9996097008488443 325.6222544952252
0.9999688859145527 0.0013812985346293716 0.007766545022581767 -0.8569486482904227 -0.0015855970824627096 0.9996512412300638 0.026360610283292733 -1.4174662347861373 -0.007727425131478294 -0.02637210522269202 0.9996223281705527 327.23544541743513
0.99996078714646 0.0006792593931595004 0.008829653555152589 -0.8531149668607902 -0.0009260463669642617 0.9996081712817512 0.027975816828078436 -1.4055351940019438 -0.008807191728824992 -0.027982897029949556 0.9995696028089033 328.8587023664417
0.9999623053448042 -0.0004741062563748573 0.008669666685787036 -0.8453737172180351 0.00021947570363937963 0.9995692398733133 0.029347683183168882 -1.3938576507820677 -0.008679846769226677 -0.02934467472211786 0.9995316655009575 330.48878075537726
0.9999633220774979 -0.0010799298996368271 0.008496367443695045 -0.8380185188496905 0.0008374099821735603 0.9995935581454041 0.028495916156525948 -1.3792168753496787 -0.008523688453620898 -0.028487756596329357 0.9995577994652409 332.10646434021163
0.9999614055765714 -0.00037498139236120075 0.008777628028893557 -0.8353919319362093 0.00012311531786425925 0.9995887207445938 0.028677067188429953 -1.3756587731078112 -0.008784772058512767 -0.02867488031082392 0.9995501883506323 333.7259888643012
0.9999641774845585 0.0014510458278215723 0.008338957850250938 -0.8297999396757725 -0.0016735406700646186 0.999641111749587 0.02673662182870524 -1.3490830318019411 -0.008297169712499013 -0.02674962016234689 0.9996077304655081 335.3394032011993
0.9999623179473004 0.0031320600899334295 0.008096473687729613 -0.8411524128285053 -0.0033299843576623436 0.9996930832073894 0.02454894259024593 -1.355054655800322 -0.00801710063862024 -0.02457497914666549 0.9996658424220326 336.93698439033346
0.9999674007073296 0.004402776246817609 0.006768536179586729 -0.8279242936309428 -0.004568878860857177 0.9996838748662954 0.024723989797160662 -1.3393300568922042 -0.006657542823183777 -0.024754108920297533 0.9996714016234667 338.5534667769839
0.999969424828636 0.005145857064898292 0.005888086186996275 -0.8356869249279342 -0.005308848053376579 0.9995935717190231 0.028009061057856922 -1.3349119568687815 -0.005741562940563104 -0.0280394641828217 0.9995903275424175 340.16923436247873
0.9999645970080492 0.006510878607553962 0.00533040173908376 -0.8459655144847811 -0.006672101466508296 0.9995030348596903 0.030808543601493918 -1.3138704059006123 -0.005127162436756401 -0.030843018476850382 0.9995110907006559 341.7741420578286
0.999969642748852 0.006968259599828731 0.0034866787497050567 -0.83630276585975 -0.007070544186800061 0.9995177193153649 0.030237992192328682 -1.2994054215535693 -0.0032742912654042345 -0.03026172756528931 0.9995366460912486 343.3849279600441
0.9999765044855188 0.006459961023514527 0.002293331712875159 -0.8606826683306256 -0.006523646703216409 0.9995597763827754 0.02894296916298843 -1.288014396671946 -0.0021053518364958436 -0.02895725059287558 0.9995784337155519 344.9798283924803
0.9999846610321397 0.0055343438922357754 0.00022074297504903512 -0.8591265607782903 -0.005538461899570234 0.9995419224306525 0.029753499503441225 -1.2630478447389764 -5.597574061320834e-05 -0.029754266282663356 0.9995572422458233 346.57720087174977
0.9999933533216114 0.0035588010026325534 -0.0007926160124643743 -0.8678566380090762 -0.003532395617109143 0.9995088289377135 0.03113877068600459 -1.2655773741921097 0.0009030434917998273 -0.031135764500415844 0.9995147566225495 348.184984505924
0.9999937874774292 0.003412597013464821 -0.0008827119827300888 -0.8843397760404776 -0.003384184158856005 0.9995319971761077 0.0304028601037194 -1.2453183587611751 0.0009860516881092496 -0.030399684567937627 0.9995373364233061 349.7876319665287
0.9999942250852041 0.003023441309766354 -0.0015519635292716451 -0.8881245888508691 -0.0029757610059081077 0.9995497621023175 0.02985662257044648 -1.2319359963872076 0.0016415346850005457 -0.02985183247046104 0.9995529868328382 351.3814745664738
0.9999955267891981 0.00272158626203455 -0.0012407106324125849 -0.9067301517595564 -0.0026836913128694753 0.999558675479072 0.029584659182178775 -1.2085071694963938 0.0013206804135505916 -0.02958119774560841 0.9995615081457738 352.97936338945334
0.9999962417383054 0.0023888451803662 -0.0013453332295671621 -0.917810028012821 -0.0023479162925185114 0.9995577552578753 0.029644243550265296 -1.1972265042146293 0.0014155539146037995 -0.029640973996824947 0.9995596074728896 354.57403010442425
0.9999972164881682 0.0017647585989086058 -0.001566089819902662 -0.9184219007940495 -0.0017178446766287925 0.9995642433164023 0.02946816035637278 -1.1891848728991616 0.001617411735393891 -0.02946538861575836 0.9995644926050871 356.16940710813554
0.9999981257804407 0.001462941359628169 -0.001268161498668683 -0.9425791385134296 -0.001425731877177423 0.9995823975949375 0.028861699344345435 -1.174947425377551 0.001309855018820394 -0.028859837763912252 0.9995826099260602 357.7669269153851
0.9999984522797024 0.0011992014063858117 -0.0012873810743190223 -0.9531623599431498 -0.0011612381299846812 0.9995759701057711 0.029095214287285218 -1.1601961673549042 0.0013217263431201409 -0.02909367487545905 0.99957581560608 359.35390569484093
0.9999989046994132 0.0012462435458202034 -0.0007984194342119997 -0.9694155150522993 -0.001223219831072788 0.9996011083081918 0.02821574001885817 -1.137955971496505 0.0008332647282126392 -0.028214733029389955 0.9996015378793919 360.9520008721204
0.9999991603656819 0.0004811784434861962 -0.001203217550386865 -0.9786796633789167 -0.0004474125899185822 0.999610410202182 0.027907483207957624 -1.1350353388673549 0.0012161773935940113 -0.027906921992589304 0.999609786185893 362.5324663371711
0.9999986757717768 -0.000933299933696622 -0.001333193608278245 -0.9860257751144026 0.0009709617074359946 0.999592361547354 0.028533628373735558 -1.1079894574532294 0.0013060198471729944 -0.028534885631401653 0.9995919440633095 364.12512780975754
0.9999911005354002 -0.004145994391109882 -0.0007807591781900451 -0.9952772075785521 0.004167920722950488 0.9995241775907302 0.030562179575838615 -1.107627091558323 0.0006536771304191491 -0.030565162330947714 0.9995325625418621 365.7259751316221
0.9999912287884277 -0.0040256040663002625 -0.0011562273691532532 -0.9991801615959788 0.004058368913925943 0.999544921798569 0.029891117768587588 -1.0894094787085147 0.0010353715018091164 -0.029895548571472728 0.9995524919707025 367.30901133191077
0.9999951924993085 -0.003090161647270174 -0.00025667737789964026 -1.018965237260243 0.003096331361264989 0.9995701743600639 0.02915268833105643 -1.071467675727777 0.00016648056966587078 -0.029153343510073208 0.9995749370944416 368.91662047780085
0.9999991118369148 -0.0012948042009625783 -0.00031592557484433933 -1.0281005054580736 0.001303686521730624 0.9995504358761262 0.029953739626621827 -1.047020869528445 0.000276999365666017 -0.029954125480348315 0.9995512361356129 370.4983726206286
0.9999997416920219 -0.00041599978966017255 0.0005861412789885904 -1.0404552367339515 0.00039787244141092915 0.9995317980056426 0.030594549350001027 -1.025759789126722 -0.0005985941985884567 -0.030594308839919662 0.9995317053366826 372.118586339731
0.9999998591573153 3.1548224682801176e-05 0.0005298025999580088 -1.0433081667394313 -4.779712607048611e-05 0.9995287097934026 0.030697817374003344 -1.011404220981708 -0.000528584467594707 -0.030697838978118664 0.999528570528347 373.7123718611056
0.9999998180602268 -5.8065064430134344e-05 0.0006004239708808313 -1.0713033497211701 3.982370396204103e-05 0.9995397463595901 0.030336345184960527 -0.9927676377447323 -0.0006019091319298018 -0.030336316351849198 0.9995395668190987 375.3219521616134
0.9999990846125993 -0.0001319609768279089 0.0013466114459130603 -1.0756213017231464 9.157224846652323e-05 0.9995514243338594 0.02994898503805783 -0.9677780737441574 -0.0013499595761560551 -0.02994883489997679 0.9995505214430237 376.93348974430097
0.999999230277105 0.000204134971406646 0.0012238363955715135 -1.0789594381128889 -0.00024069361309512604 0.9995514640015913 0.02994683384808617 -0.9483910193755144 -0.0012171743436717633 -0.02994710595633816 0.9995507437601053 378.5293380076273
0.9999974400567493 0.0009256679822859269 0.0020647082053987546 -1.1001123260764518 -0.000987458111823417 0.9995455211858868 0.030129320990938426 -0.9295985336246922 -0.00203588023943554 -0.030131283267380425 0.9995438764653648 380.1656382543643
0.9999955943872476 0.002346973300494267 0.00181739394413707 -1.1026948482001795 -0.002401975430677855 0.9995202777942773 0.03087790105054754 -0.910266055366443 -0.0017440526133458457 -0.030882130959127292 0.9995215116686446 381.7652511012187
0.9999935486880277 0.002952115746538959 0.002046360758420411 -1.1103302974850613 -0.0030129247738817843 0.9995339266435508 0.030378475206797047 -0.8896484567885445 -0.001955726370282106 -0.03038444535633624 0.9995363728420714 383.3781229659518
0.9999879788593047 0.0038336116379494786 0.003057050112490604 -1.1278826085050082 -0.003923754577727455 0.9995407773073234 0.030047273341081183 -0.8721368320923376 -0.0029404568935740886 -0.030058907845946097 0.9995438038376904 384.9987125637744
0.999984500595801 0.004700734194484853 0.002983565137762753 -1.1380267575634972 -0.0047886835161733456 0.999532732529644 0.03018915532140999 -0.8539478251693725 -0.0028402600362172157 -0.03020297535326109 0.9995397506957838 386.60662767408076
0.999976217016028 0.005925347384486481 0.003529256737154424 -1.1444552885701793 -0.0060324016351385075 0.9994969141469654 0.031137256298140622 -0.8324721916656074 -0.0033429824157713258 -0.031157806271310585 0.9995088872020734 388.239732838803
0.9999696440017154 0.006907865637569093 0.003604505167062313 -1.1437534718128075 -0.007018040269946793 0.9994789503462205 0.03150515697530057 -0.8076151259475479 -0.00338499391085485 -0.03152949779119489 0.9994970898430484 389.84608063895644
0.9999606152686281 0.007950516275303968 0.003944260415854291 -1.1480304898434879 -0.008070455828102382 0.9994747332702303 0.03138670563207758 -0.7911334828111627 -0.003692648400518939 -0.03141730207687509 0.9994995335151532 391.4719934027434
0.9999544669649764 0.008380002353289812 0.004565034981705452 -1.1538382917607233 -0.008521000785804365 0.9994580451414052 0.031796360509653405 -0.7708003401533019 -0.004296107701007043 -0.03183381202187688 0.9994839427873823 393.1188345340118
