1.0 -3.469446951953614e-18 0.0 -1.7787691892340307e-19 0.0 0.9999999999999999 -3.5405977195229754e-19 0.0 2.168404344971009e-19 -2.354751593366955e-19 1.0 0.0
0.9999998184236251 -0.0001920850232811945 -0.0005711877703400902 0.0023623220759034095 0.0001924746445146272 0.9999997488292218 0.0006821250560820844 -0.022605926090915572 0.0005710566496940094 -0.0006822348851515522 0.9999996042253559 1.3271691435190551
0.9999996106291743 -0.0006537789352943687 -0.0005927180634304468 -0.007919513178060316 0.0006544457365945475 0.9999991525635218 0.001125420722648312 -0.03902273942997718 0.0005919818357649513 -0.0011258082084223669 0.9999991910569219 2.628002273801946
0.9999973832899088 -0.0019937086674420568 -0.0011218468019708059 -0.008759953344667578 0.0019945155600127936 0.9999977528434629 0.0007184793747183268 -0.07711639794851069 0.001120411937854995 -0.0007207150491590187 0.9999991126240254 3.955735294441481
0.9999971045036963 -0.00234465359597826 -0.0005418360853393339 -0.022314284571407154 0.00234515795545006 0.9999968159865029 0.0009317979502876442 -0.09229038351814023 0.000539649663235237 -0.0009330659605108013 0.9999994190834058 5.2702952648408585
0.9999963246155651 -0.002556356879655634 -0.000903214896917451 -0.021307332653229094 0.0025577220405807854 0.9999955838994663 0.0015133524196071992 -0.11297010466064261 0.0008993423167698448 -0.0015156570587523763 0.9999984469831815 6.57778738579801
0.9999922920531311 -0.003858137399337623 -0.0007284327607202179 -0.02158816229551668 0.0038600663306310335 0.9999889984088679 0.002665134771663405 -0.15161176317328384 0.0007181423537875029 -0.002667926077934813 0.9999961832145408 7.920722998978852
0.9999937909494826 -0.0034928809121244943 -0.0004667435878719162 -0.046973214450045556 0.0034943764710833637 0.9999886383775007 0.0032422898492413697 -0.1712968800653773 0.0004554133939439547 -0.0032439007571442437 0.9999946348395482 9.23357382579832
0.9999946573840877 -0.0030975438526770257 -0.0010442356485811325 -0.04614997752835318 0.0030997411071169417 0.9999929718996171 0.0021089693348911275 -0.19405392579890518 0.001037695774213148 -0.0021121949677471766 0.9999972309071437 10.567898421483559
0.9999992247440515 -0.0007875438657637991 -0.0009645131628116575 -0.06366050648290356 0.0007875007104702521 0.9999996889002598 -4.517497987508686e-05 -0.20753932862037627 0.0009645485215595212 4.441539074541395e-05 0.9999995338373774 11.882955055568761
0.9999957061545055 0.002755838652874677 -0.0009965035295801197 -0.06238186479139116 -0.0027567098092179058 0.9999958185773223 -0.0008737184812255108 -0.24154541393729437 0.0009940916187272863 0.0008764618150239207 0.999999121798635 13.23253173266973
0.9999813562591553 0.006053084964159421 -0.0008045390018588572 -0.08579321477277889 -0.006053842254794149 0.9999812319254173 -0.0009417023012224863 -0.2652106220435841 0.000798823764512174 0.0009465553099445816 0.9999992329571079 14.574298363495434
0.9999810116841602 0.00615233006946409 -0.0003536846368460268 -0.11291950937920726 -0.006152263203477551 0.9999810564233332 0.00019095650363500847 -0.2904901572902054 0.00035485279397373 -0.00018877692543675434 0.9999999192216704 15.916883669294688
0.9999941997103594 0.003399577370931421 -0.00020835722272647263 -0.10125098252706571 -0.003398971193428444 0.9999901772447447 0.002844716958132918 -0.3089386520636212 0.00021802603199304522 -0.0028439923165871866 0.9999959320783436 17.26357335121288
0.9999999822365347 -0.00018637315056046697 -2.8146701515393028e-05 -0.11850788802772 0.00018651445776359833 0.999986946232234 0.005106131214929744 -0.3344040230984388 2.7194694789111143e-05 -0.005106136474513372 0.9999869632310202 18.627896230825325
0.9999975286485032 -0.00216240836258488 -0.0005164197535974494 -0.11026509344701413 0.0021639364658332227 0.999993228121957 0.0029767575336021295 -0.3775679230944119 0.0005099793367469546 -0.0029778677339766402 0.9999954361026939 19.959224270211283
0.9999951484051047 -0.0030922768188166947 -0.000375491883082808 -0.1250466210633171 0.0030926139510505466 0.9999948127948517 0.0009000654378962514 -0.37874919592300704 0.0003727067162826651 -0.0009012223382783686 0.9999995244442476 21.325427875713117
0.9999998386439377 -0.0005354763670238349 0.00018967946401970406 -0.12777826945902038 0.0005355189895445232 0.9999998313986951 -0.00022454658564063454 -0.43648014387596445 -0.00018955920881541283 0.00022464813135553266 0.9999999568001026 22.670201676827133
0.9999986901789795 0.001491174529314891 0.000629314871721615 -0.14424123245192966 -0.0014918843074893775 0.9999982501047696 0.0011287475375437836 -0.4239947746223366 -0.0006276306631294551 -0.0011296849469647693 0.9999991649451113 24.041191729457143
0.9999963094891154 0.0021587805963731417 0.0016494462602607788 -0.1575207548882535 -0.0021680675720483523 0.9999816917845429 0.0056493876790766565 -0.4447423681319572 -0.0016372204072553204 -0.005652943052636552 0.9999826817216785 25.43002576782258
0.9999983501968598 0.00031928043166617667 0.0017882017520481589 -0.14926419001670424 -0.00033102658145723555 0.9999783477734551 0.006572245010383113 -0.4755517185656367 -0.0017860647899017967 -0.006572826238124412 0.9999768036944983 26.797193197261418
0.9999914861745286 -0.0037562065296262333 0.001708361359138997 -0.15897619296114987 0.0037462623540005773 0.9999762351979288 0.0057874477237482074 -0.49831596766958364 -0.0017300597504532674 -0.005780998590239604 0.9999817933080517 28.171759924928622
0.9999891338733766 -0.0044105859896798605 0.0015095941305825825 -0.16753892227342285 0.004405333477532716 0.999984291803345 0.003465425936402162 -0.5065423627574092 -0.001524855102412019 -0.0034587380786375234 0.9999928559476693 29.53558015443515
0.9999876538792176 -0.004262114389711812 0.0025546974748790214 -0.17236874951234452 0.004257961013892017 0.9999896077978985 0.001629128046667374 -0.5510951267004152 -0.00256161467090356 -0.0016182301575528633 0.9999954097186299 30.91477985053043
0.9999953271919398 -0.001388638315442784 0.0027234690365623257 -0.17787019910794294 0.0013869615725046833 0.999998847520343 0.0006174895622910744 -0.5502827023543595 -0.00272432359711877 -0.0006137093387989658 0.9999961007015622 32.304628922748606
0.9999948782141205 0.00023164829718962457 0.003192160434411735 -0.18652901613109724 -0.00022666105837323286 0.9999987534245613 -0.0015626178750610827 -0.5983699588880542 -0.0031925187039935103 0.0015618863664094433 0.9999936841456155 33.679113085888325
0.9999945975348339 0.00017229116912245365 0.0032825631344882674 -0.20613731746467823 -0.00016844849247662878 0.9999993003358891 -0.0011708771263392466 -0.5950136581717036 -0.0032827628479696804 0.0011703178835112179 0.9999939268915062 35.080908223100415
0.9999953186273052 8.389116630499842e-05 0.0030587071619391677 -0.19753695533024296 -8.627968596526883e-05 0.9999996914796295 0.0007807666003302677 -0.637028451769232 -0.0030586409766951836 -0.0007810268625328948 0.9999950173419045 36.48153516353946
0.9999942861295512 0.0018275514945527782 0.002843899481967508 -0.20975394226392852 -0.0018335343033104527 0.9999961087964457 0.002102509631447727 -0.6590356028405521 -0.002840046209572261 -0.002107712045865572 0.9999937458225199 37.872079091886235
0.9999897248636002 0.0037924811291810594 0.0024833949106758567 -0.2075916412967146 -0.003799117793129264 0.999989210631344 0.002673075288113391 -0.6829407534671008 -0.002473230735904393 -0.002682482585454671 0.9999933436849112 39.257451692406846
0.9999748173758018 0.006475948686716604 0.0029028767303856547 -0.2256556874375059 -0.006483841844363883 0.9999752863188931 0.0027178224962805674 -0.7079008393343369 -0.0028852047526110947 -0.002736575904539731 0.9999920933400646 40.668899717956016
0.999949801045995 0.009567631698264537 0.0029758686233827296 -0.2357190356960845 -0.009577172958514324 0.9999489905213703 0.0032084473287318067 -0.7494522393680125 -0.0029450198303708174 -0.0032367867452670774 0.9999904249874676 42.09391171073363
0.999946548603106 0.00999538736835121 0.002644267158767055 -0.23787208353258332 -0.010003460982828578 0.9999452894263227 0.0030576043878707934 -0.7542051819913606 -0.0026135607681162234 -0.0030838928443073003 0.9999918294177219 43.48151564702305
0.9999619439007257 0.008461009511609984 0.0021265118831657894 -0.24219765207630717 -0.008467330259851824 0.9999597085365435 0.0029808789962955462 -0.7714588882683033 -0.002101205133025681 -0.0029987714979596972 0.9999932961296388 44.8999278319423
0.9999675759515895 0.007956572259324017 0.0012409625705663164 -0.23994141337374092 -0.007960240799429677 0.9999638782148262 0.0029794040388090213 -0.8075707720580956 -0.001217212002206969 -0.002989185859371951 0.9999947915672736 46.300702637460525
0.9999692746579545 0.007817715027183637 0.0005771100152652513 -0.2596760611216018 -0.00781969979328842 0.9999632301058029 0.0035200493516671432 -0.8281358933898841 -0.0005495700963626543 -0.0035244540990196863 0.9999936380777203 47.733775011401676
0.9999672393821177 0.008080469713533708 -0.0004755560814831332 -0.27113420302475044 -0.00807817424057307 0.9999565749280243 0.004646652065493001 -0.8507702513117316 0.0005130826083192882 -0.004642658311524104 0.9999890911764504 49.13256138980062
0.9999617412146375 0.008647270653819133 -0.001319392339519105 -0.28467193326772045 -0.008641030201444496 0.9999517850553004 0.0046647807618717275 -0.8747798446406725 0.0013596664650049842 -0.00465320148341462 0.9999882494441436 50.55715111875987
0.9999554656959299 0.009081286704705415 -0.0025684298730521554 -0.2927542425117291 -0.009068918230212934 0.9999474176573809 0.0047871349878842815 -0.8949718555013727 0.002611768388313735 -0.004763629018630289 0.9999852431461902 52.00367310805504
0.999948184501568 0.009520534904909582 -0.003603845052775601 -0.3029002424938583 -0.009497736575654905 0.9999351035655399 0.006291397054147401 -0.9238726443534421 0.003663508955401443 -0.006256842824895268 0.9999737149687465 53.41042081802026
0.9999611476158801 0.007588302452881119 -0.004485632616570793 -0.31182041797201876 -0.007555549748358386 0.9999449983667593 0.007274195707219143 -0.9338626483022948 0.004540585085677504 -0.0072400218191899105 0.9999634819241635 54.87219201982844
0.9999681936181344 0.0059856122197284945 -0.005271069717114024 -0.3274146600082989 -0.005944769815383515 0.999952449528475 0.007730355976075582 -0.9546762148695309 0.005317090443647785 -0.007698774965921972 0.9999562277550169 56.274186224059285
0.9999806088266584 0.003221105067265602 -0.005329768882201403 -0.34938521793674915 -0.0031820196609085383 0.9999681035447512 0.007325752367028042 -0.9641516561087737 0.0053531963576417 -0.007308651033595151 0.9999589626187405 57.692472892183616
0.9999825550853638 0.0021342145218317815 -0.005507689039674708 -0.35914280333826354 -0.0020939879114440325 0.9999711680172763 0.007299202040153687 -0.9893233483399463 0.00552310877758851 -0.007287541821690311 0.9999581926344516 59.14868654842939
0.9999831157973171 0.0024141329510817327 -0.005285836511293288 -0.3657416163707413 -0.0023699654515770717 0.9999623611657878 0.008346227722193157 -1.0319830334958897 0.005305786916909042 -0.008333559723294606 0.999951199019532 60.557976305958675
0.9999891203673836 0.001131136436925224 -0.004525446568474414 -0.3833430593030131 -0.0010888836050413327 0.9999558973318396 0.009328329037294482 -1.0443125600550944 0.004535798987867721 -0.00932330005224278 0.9999462498631627 62.0000473723578
0.9999899749096742 -0.001853629751016406 -0.004076043675302608 -0.3983525540364816 0.0018895953693613913 0.9999591627283959 0.008837550526815773 -1.0570590486149707 0.004059496024574143 -0.008845164179046267 0.9999526406650846 63.393617486943086
0.9999888437534387 -0.0028116862648882805 -0.003795627226354504 -0.40975944620959653 0.0028429680145668143 0.9999618327548792 0.008261389704057676 -1.0724254600650425 0.0037722542474460698 -0.008272088548713447 0.9999586704751503 64.80371955397665
0.9999921173714914 -0.0026019148651727064 -0.0029992052877441757 -0.41220347928350815 0.0026270011434402947 0.9999613452545321 0.008390879299748256 -1.097115228194697 0.00297725725923493 -0.00839869223924982 0.9999602981697603 66.29995845282595
0.9999966446840406 -0.0008782487191684608 -0.002437067293557773 -0.4338838570605974 0.0008980365890063815 0.9999665450303155 0.00813033496356084 -1.1191486368964043 0.0024298455172721044 -0.008132496420910774 0.9999639785309167 67.62569461053715
0.9999975497654752 0.0014947467588851153 -0.0016328471668378482 -0.4467601512589503 -0.0014791692765213768 0.9999537796177804 0.00950003609635972 -1.1313227362043148 0.001646971990959444 -0.009497597751359468 0.9999535404837826 69.09698515474703
0.9999829481253899 0.005777146361733981 -0.0008532440662420337 -0.4718279801581738 -0.0057674799958535245 0.9999236573582527 0.010927746218121185 -1.154826574511562 0.0009163102025433209 -0.0109226390319301 0.9999399263643332 70.46255386245586
0.9999544370413028 0.009544876100731044 -0.00013841958916004917 -0.4901125898336679 -0.009542550561604177 0.9998835035006737 0.011912983373031186 -1.1759846856456375 0.00025211144438227594 -0.01191111994861303 0.9999290283146052 71.94591256012926
0.9999146949641231 0.013060643794742597 0.00014948709130412313 -0.5048428025615719 -0.013061498322442605 0.9998550255583876 0.010923605424610834 -1.184252068148631 -6.796092638350435e-06 -0.010924626336770292 0.9999403244679318 73.29316604079696
0.999836814457065 0.018025484429894847 0.0011942858682754995 -0.521234851243873 -0.018037383358732187 0.9997785487843728 0.01084002945270483 -1.2131860666658691 -0.000998624686792329 -0.010859802535700536 0.9999405319517505 74.68462423734582
0.9997923204699983 0.020273998721168515 0.002069021084112223 -0.5284519573011847 -0.020295188101481038 0.9997357782399308 0.010792548473297935 -1.2303382373989247 -0.0018496664385288333 -0.010832298481522533 0.999939618199456 76.1420906730306
0.9998196520412397 0.01885328314807834 0.00228408756668953 -0.537123962808782 -0.018877888650365146 0.999758193710308 0.01127738793602784 -1.2300236987784665 -0.0020709196390076064 -0.011318473068728786 0.9999337995389738 77.52214196933181
0.9998378889406483 0.01785625490403657 0.0023129965144735596 -0.5434989333848008 -0.01788188633892615 0.9997730479009139 0.011579761533405003 -1.249009029384207 -0.00210570057102145 -0.011619245307748865 0.9999302771518248 78.90370981843535
0.9998593945192571 0.016637572456098246 0.0020934020569471036 -0.5521461158415161 -0.016658678501531486 0.9998060568090296 0.010504153454213067 -1.263400048265536 -0.0019182325962802823 -0.01053755004338522 0.9999426385667043 80.30184107256694
0.9998614322503638 0.01653629088182712 0.001915030055241978 -0.554328135827147 -0.016555798895715325 0.9998060870650899 0.010662730947911975 -1.2828083241015968 -0.0017383368248532452 -0.010692958511762437 0.9999413176904985 81.64563509885366
0.9998873028138624 0.01495466860916988 0.0013189091899460017 -0.5655589779066497 -0.014968156501600506 0.9998286723005603 0.010889461486188965 -1.2898235916610536 -0.0011558350261821578 -0.010907976139195872 0.9999398382423215 83.09961560130363
0.9998650483951028 0.016385314591428474 0.0011859263182379613 -0.5789524265453863 -0.016396867316171067 0.9998105024509362 0.010492948645338245 -1.3156465234441415 -0.0010137714017270582 -0.010510978300461575 0.9999442442480616 84.43152811585155
0.9998637491884094 0.016500552382811236 0.00046345027391394493 -0.5803101132370974 -0.016504667411459464 0.9998027596432969 0.011047072173909987 -1.321639551066252 -0.0002810760855501697 -0.011053216324261435 0.9999388718359716 85.85188858128582
0.9998827383862423 0.015295116807655704 -0.0007542133776716884 -0.5947687005728894 -0.015285073905966725 0.9998124733947404 0.0118905254434177 -1.3481390817755752 0.000935939005921622 -0.011877603180579822 0.9999290207643602 87.19536616712566
0.9999110469569807 0.013209273957553783 -0.0018474899167777968 -0.5963455096031738 -0.013184022768650036 0.9998276527586878 0.013070820556038478 -1.3539091012246123 0.002019827736980217 -0.013045300786528057 0.9999128664198188 88.5611111859691
0.9999267043815383 0.011719175365418302 -0.003040848570159271 -0.6006908698839379 -0.011676311235944755 0.9998372780756656 0.013750678098546826 -1.3756116686020694 0.0032015006463625663 -0.013714164621647556 0.9999008311296378 89.95886420241632
0.9999411859317228 0.010118828024485238 -0.0039030714200799345 -0.6171035285377084 -0.01006319057476437 0.9998510681021373 0.01402047885858935 -1.3934502311855284 0.004044361295078623 -0.013980377192250284 0.9998940904959305 91.33266409406991
0.9999684934362418 0.006476178869241135 -0.004590339861467038 -0.6346081870985469 -0.00641424780529099 0.9998899051587053 0.013380395900126303 -1.3860487064088132 0.004676488731498091 -0.013350531024346081 0.9998999418886563 92.68139130719331
0.9999822856465796 0.0037266972216407285 -0.004641131863154882 -0.6450032368962783 -0.0036655819370129007 0.9999073696603903 0.013107845341921574 -1.3921404444371288 0.004689551331000823 -0.013090600960471524 0.9999033174707902 94.08367354686344
0.9999623830870652 0.007277299659336533 -0.004719459304472712 -0.6670241498490765 -0.007215414389655799 0.9998894634311323 0.012999950941161 -1.4258990798543874 0.004813542586991603 -0.01296540933359427 0.9999043594179743 95.44853338020539
0.9999628968099172 0.007235529236882234 -0.0046746225530370274 -0.6754364223019169 -0.007177136534275038 0.999897485361673 0.012389813911160053 -1.4380608026032655 0.004763790608700007 -0.012355804058175388 0.9999123163653392 96.77272551581324
0.9999531270035011 0.0084707947121808 -0.004689286235222953 -0.697263763284819 -0.008414448433954683 0.9998936909253143 0.011908145070849644 -1.455880527398175 0.004789659587667602 -0.011868129387489957 0.9999180999860038 98.09039747916447
0.9999472403167933 0.009390576954982521 -0.00416336624034013 -0.7167803111016882 -0.009339578855322873 0.9998831243552295 0.01210412791507416 -1.4616134929889635 0.004276544759452614 -0.012064605466275318 0.9999180748804072 99.46288787862582
0.9999568527730922 0.008252386101389009 -0.00426505449672619 -0.72907414861182 -0.008193059199135181 0.9998719625135473 0.0137452672653522 -1.4638721390196614 0.004377940042937045 -0.013709730631303254 0.9998964331074366 100.77755239784939
0.9999359463266965 0.010621157434367045 -0.003910783376601295 -0.7402531848370367 -0.010559573088244619 0.9998249576172997 0.015445049664184076 -1.490272286120631 0.00407414348389622 -0.015402764464154079 0.9998730700525109 102.1715147008
0.9999497524974202 0.009281650119223807 -0.0037872712760645836 -0.7600294592042147 -0.009226521600543637 0.999854849479892 0.014323103191935159 -1.4999255525620963 0.003919663926318884 -0.014287440443432985 0.9998902466239102 103.46758814521834
0.9999453959829158 0.009745274621177746 -0.003772883001013875 -0.7787692506589964 -0.009699484172570036 0.9998813043753431 0.011970680210811048 -1.513199046185375 0.0038890930800627495 -0.011933431790462927 0.9999212309839429 104.81683170420887
0.9999444098303298 0.009794665166311667 -0.0039040688948632756 -0.7913110603812669 -0.009752919761303238 0.9998965483559719 0.010572282638535688 -1.5172909976041866 0.0040072173275547286 -0.010533619071251893 0.9999364905281348 106.16889569052282
0.9999684647745829 0.00700738764992795 -0.0037371049226030996 -0.8042927588446954 -0.006961615033285438 0.999902270406184 0.012123760245577068 -1.541298901360249 0.0038216959169730426 -0.012097361881165046 0.9999195210053226 107.50216815859577
0.9999818487342218 0.005188928350967969 -0.00306222288338134 -0.8109232507421729 -0.00514715092449723 0.9998956679603996 0.013496667587208588 -1.5336107444499547 0.0031319369117456843 -0.013480661154483452 0.9999042267923034 108.86769984520873
0.9999937499474951 0.00282107988584586 -0.0021310948996170454 -0.824559122766716 -0.0027890586911806904 0.9998853639478996 0.014882207934220928 -1.5564373966009295 0.002172834692228653 -0.014876171468020194 0.9998869827745553 110.20592772129591
0.9999945112939417 0.002972015764483682 -0.0014644099338067841 -0.8355996685636136 -0.002951530785129229 0.9999004509286539 0.01379770627270841 -1.57237978661677 0.0015052712918769784 -0.013793308565514098 0.9999037347691513 111.49199534756913
0.9999957305141185 0.002788600174316813 -0.0008733018713130996 -0.8479527026622331 -0.002777936530284626 0.9999243435837456 0.011982911906958717 -1.5824420707204545 0.0009066514367845697 -0.01198043500791802 0.9999278209781522 112.83636290811984
0.9999757795709143 0.006954539240185232 0.0002732058898832954 -0.8525717815125667 -0.0069568689597948406 0.999928462050326 0.009729993171602593 -1.6076688042617082 -0.0002055187359118922 -0.009731658361534066 0.9999526251730381 114.1643816265438
0.9999485478412492 0.009973812369495445 0.0018505990541365224 -0.8640175001333353 -0.009990902215830688 0.9999052727633294 0.009467174475110574 -1.6006499734019908 -0.0017560000714664662 -0.00948517671589672 0.9999534728611209 115.46595544848742
0.9999448233799367 0.009971353284298282 0.0033048889254069934 -0.8802551486709272 -0.010009591110663574 0.9998807167780039 0.011762666346833353 -1.6096726930920264 -0.0031872052663351426 -0.011795098146991364 0.9999253559054024 116.83792101371652
0.9999403203089106 0.010109763162604864 0.0041410736674973294 -0.8894156310309718 -0.010165742627096457 0.999854094043874 0.013727647941298092 -1.6214289591375075 -0.004001686518408106 -0.01376892604448014 0.9998971963063618 118.14288498766386
0.9999422773059976 0.00947011431408425 0.005075330071824101 -0.8889144561083719 -0.009545791005945329 0.9998404248254572 0.015099760713465325 -1.6360912422489324 -0.0049315241201950775 -0.0151473374565378 0.9998731110689902 119.47890075079283
0.9999270825932454 0.010458051390321053 0.00603809901603001 -0.8911915723592087 -0.010544351643214725 0.9998401083346456 0.014442106212599986 -1.6477714525260283 -0.005886097771736333 -0.014504721260050474 0.999877475950965 120.82370022850378
0.9998938246061128 0.012385354238991904 0.007677401357280882 -0.8820485771060553 -0.012492372195093554 0.9998232303265034 0.01405164619526079 -1.6557788252156092 -0.007502010233109665 -0.014146063493631884 0.9998717961464103 122.13003744454652
0.9998658728872117 0.0139296750274641 0.008613963128793613 -0.890893047902284 -0.014047100299422455 0.999807132760615 0.013725024005717705 -1.6587818632763844 -0.008421117354693869 -0.013844184588600317 0.9998687030476215 123.51680318203958
0.9998444943550011 0.014655817517165562 0.009807858583586994 -0.892625723809845 -0.014781970969836765 0.9998073173261065 0.012915943183056238 -1.6787118708651516 -0.009616675875856585 -0.01305891442262505 0.999868483500312 124.81757789047025
0.9998292313586389 0.014933371621679615 0.010885885388029244 -0.8868885183377644 -0.015068456175565743 0.9998091442898752 0.012434494643976824 -1.6761670750306659 -0.010698119720015059 -0.012596404960123745 0.9998634310816847 126.12967533363836
0.999808562956799 0.01573127577012148 0.01163461927261361 -0.8874936354251388 -0.015870282755043534 0.9998026059131486 0.011953383285701773 -1.7008560043119365 -0.011444281657003102 -0.012135739904878944 0.9998608664370152 127.45928569476357
0.9998132421300641 0.014359262765908157 0.01293415645112419 -0.876242404559683 -0.01452987944611959 0.9998073666556467 0.013195158816692117 -1.6984234682169232 -0.012742193215522002 -0.013380626515263278 0.9998292831005647 128.84941289942014
0.999809491553389 0.01387412882755616 0.013729133951010013 -0.869093698349048 -0.014069141648743969 0.999800032058009 0.014211093539368443 -1.7127637995581977 -0.013529223154365371 -0.014401543619746954 0.9998047587717712 130.22242287511494
0.9998166177258772 0.012995094836973677 0.014066214916103683 -0.8543302523072402 -0.013198328249655257 0.9998084364475056 0.014453185330930448 -1.7130368787142627 -0.013875700989537016 -0.014636185681759718 0.999796602810609 131.53308048111947
0.9998548929181285 0.009729646470926171 0.013983099446387554 -0.842279581056979 -0.009943273561097376 0.9998336592765421 0.015290032840025117 -1.7268663550756103 -0.01383200803053405 -0.015426852231252845 0.9997853208491803 132.84523967227284
0.9998713948845147 0.008282335259628274 0.013733047785969487 -0.8356933839932454 -0.008504546755236285 0.999832568623973 0.016202080552468627 -1.7232451070527501 -0.013596558516231715 -0.016316790545886344 0.9997744225297497 134.15962314859948
0.9998845136270357 0.0074093976055968885 0.01326876881088866 -0.8144087558455511 -0.0076229242618458155 0.9998410898674933 0.016114777285712215 -1.7453149336294689 -0.013147260575291288 -0.016214063382768824 0.9997821031052164 135.48729144699445
0.9999101151345693 0.006204953052785128 0.01188529355306572 -0.81977169183159 -0.006390745131396482 0.999856976196567 0.015658401376515554 -1.7513202643259946 -0.01178643501151028 -0.015732950110370823 0.9998067584443212 136.82781702047285
0.9999376625459476 0.002142520512116276 0.01095813080979041 -0.7996337251401509 -0.0023318790578427838 0.9998476818355657 0.01729668939297525 -1.7395462761939733 -0.01091940408455609 -0.01732116453128772 0.9997903499609418 138.17490281282576
0.9999447591872984 0.003196493786219224 0.010013041611820537 -0.7872568045808095 -0.003372380315951322 0.9998394492948092 0.017598371586870703 -1.7614494307662136 -0.009955181752791422 -0.01763116756480331 0.9997949971308757 139.5331375245478
0.9999594730188918 0.002440131053475533 0.008665914999866298 -0.7858048031863444 -0.00259254283341912 0.9998413942749325 0.0176200173694917 -1.7665194175761876 -0.008621546099113777 -0.01764177038177118 0.9998071998550567 140.87953244298689
0.9999706660610681 -0.0003455901662000292 0.0076516398336476605 -0.7771787306492026 0.00021359629571369998 0.9998512795981102 0.017244507940649745 -1.7623342474362966 -0.007656462044162575 -0.017242368062725753 0.9998220238291221 142.15047189256356
0.9999801533245156 -0.0009089783306616157 0.006234318179254246 -0.7911136906200708 0.0008026826666949101 0.9998546320189818 0.01703145682146935 -1.751682463481253 -0.00624889364848096 -0.017026114954327595 0.9998355178424624 143.55775297134096
0.9999845286785569 -0.0007732491478181659 0.005508583880691886 -0.7725975084780666 0.0006914786726479761 0.9998897804357203 0.01483067193471844 -1.7738273317022801 -0.005519444985821308 -0.01482663370349853 0.9998748454983739 144.8940572303085
0.9999827097022581 -0.0039001164634029396 0.004401067889425955 -0.7906975487119041 0.003838724310340184 0.9998964006976332 0.013872709061669479 -1.7934579060867488 -0.004454717487859309 -0.013855574978577633 0.9998940836581283 146.2045412349429
0.9998961160489214 -0.014098808779683891 0.002996784138641329 -0.786161504864071 0.014045661787130573 0.999755602005147 0.017072071536112645 -1.788111925483482 -0.003236747861428818 -0.01702820652760566 0.9998497705403496 147.48704829935994
0.9997440328156912 -0.022565265955273837 0.0016363458650197368 -0.7688919943868142 0.02253081054281752 0.9995717041499103 0.018675407000030196 -1.7861628824553326 -0.0020570607077467834 -0.01863375885834844 0.9998242603270635 148.87960610138649
0.9997006460345593 -0.024455040073430377 0.0007545430652295272 -0.745882943973027 0.024440157234357412 0.999577529527197 0.01573026290939981 -1.807228523809513 -0.0011389085845592188 -0.015707113131617646 0.9998759870552086 150.2356516678308
0.9997279178711979 -0.023295441211529287 0.0011885504289539904 -0.7515277286149521 0.023278672216592897 0.9996498991912284 0.012577060851902076 -1.8156608270146433 -0.001481122611414794 -0.012545971210816926 0.9999201992583566 151.6046373571625
0.9997857942897181 -0.020596131873843744 0.0020408079567449666 -0.770870109490719 0.02057361384700488 0.9997331892293263 0.010501274081079766 -1.8203390086650741 -0.002256549253695836 -0.010457038041881861 0.999942777533475 152.91386750516554
0.9998020454048755 -0.019714267107978987 0.002686575334333374 -0.7844952668197042 0.019684932339665645 0.9997506711629139 0.010540348090544825 -1.8364841253385296 -0.002893700965870228 -0.010485376715751704 0.9999408399348733 154.29044072813343
0.999667064968214 -0.025616484751916933 0.003091104961358228 -0.7840422633902764 0.025572404326546012 0.9995812089357876 0.013544699158261642 -1.8274795554116063 -0.0034367782912518687 -0.013461142910455994 0.999903488436545 155.60485954167928
0.9995427503030494 -0.030040263379551874 0.003445705643293115 -0.7811594729295597 0.029978328667135304 0.9994092989777 0.01680336066500426 -1.8429615636919785 -0.003948447959315248 -0.016692381139985765 0.9998528762640538 156.96355357562132
0.9994074100881206 -0.03422734327928018 0.0036493310665478024 -0.7571039422688106 0.03415458823078261 0.9992468164244834 0.01841911996147335 -1.8423257724551754 -0.004277020336089115 -0.01828356390761847 0.9998236936539411 158.275793678465
0.9993497010374616 -0.03589011157061956 0.0034748966898341285 -0.7561372020529489 0.03582052287087352 0.9991895735517168 0.018359909138474375 -1.8636936707138054 -0.0041310200605492575 -0.0182234974206388 0.9998254041676583 159.62993798514185
0.9993935527125003 -0.034532596867144605 0.004475101604465613 -0.7587957831390082 0.03443927062097527 0.999216935786059 0.019479524870535385 -1.8486041806816673 -0.005144276308441809 -0.019313592680381502 0.9998002408297362 160.97756102669015
0.9995007809975207 -0.031025665024226018 0.0059663128809538495 -0.7581732618345267 0.030906948044908778 0.9993406093308347 0.01905536952220473 -1.851207244632909 -0.006553584797784462 -0.018861456540105223 0.9998006281186458 162.35713086306998
0.9995946071792978 -0.027659699111838375 0.006749988521279198 -0.7692306211346032 0.02754449729194156 0.9994827070715477 0.016601774942705008 -1.8546061679745547 -0.007205697493126155 -0.01640911995818864 0.999839396456512 163.69194959252218
0.9997202950138979 -0.022410729289929543 0.007555856053552037 -0.7725587396293359 0.022288472311708506 0.9996252300775489 0.015894130481530325 -1.8704865830636193 -0.007909224055483874 -0.015721276611825173 0.9998451308260218 165.03754074248272
0.9997735024428243 -0.019824361289459205 0.007741997563379555 -0.7739317550009722 0.0196880047741208 0.9996563360554626 0.017308732985040768 -1.880176541878246 -0.008082472161826974 -0.017152388430635993 0.9998202184472539 166.4033746004234
0.9997493266292006 -0.02107709896090505 0.007552470862115562 -0.7725164502006721 0.020941575402975456 0.9996258565856595 0.017595375854499128 -1.8724637125561057 -0.007920505286714377 -0.017432804845310037 0.9998166646503366 167.73502470078415
0.9997975761237493 -0.018807614633712368 0.00714705696006514 -0.767739181145769 0.018696028355548663 0.9997070422568576 0.015371667824655183 -1.8838339353660531 -0.007434068193644775 -0.015234934932321588 0.9998563053696451 169.0870319714687
0.9998989595181675 -0.01258723257641195 0.00660547857522597 -0.778482679139954 0.012503051799881244 0.9998420103325925 0.01263439966689143 -1.8963295019721962 -0.006763467665443541 -0.0125505346725017 0.999898364626498 170.51975180451052
0.9999408893306584 -0.008830496863804969 0.006343515223284961 -0.7802070633602727 0.008758727270967551 0.9998983108852149 0.01125400250306143 -1.9004686368184833 -0.006442249125382394 -0.011197776360362717 0.9999165501322096 171.87735712250972
0.9999650647604216 -0.004986293345912125 0.006708662335466066 -0.7859694428571524 0.004905070421119576 0.999915127938104 0.012069680768544772 -1.9037676561663357 -0.006768276488258583 -0.012036352878074457 0.9999046537748637 173.21589887459044
0.999971160075717 -0.0010999466231326766 0.007514595311654959 -0.7917780216137795 0.0009898407083544503 0.9998923347676285 0.01464032378689757 -1.9274723276938268 -0.007529890450159223 -0.01463246359015058 0.9998645867108064 174.61639234811278
0.9999718423306092 -0.0004644383539198372 0.007489916582496647 -0.7958748604858293 0.0003419065313979598 0.9998662293950891 0.01635256576660557 -1.9286207720088044 -0.007496510030841657 -0.01634954478085134 0.9998382342776083 176.0419663870001
0.9999704078880401 -0.0038570960526907744 0.006656288006915041 -0.7965921880804587 0.003735406085059099 0.9998274140697802 0.018198593403341914 -1.9187256463991746 -0.00672533350146309 -0.01817319127956331 0.9998122348772801 177.3488384013994
0.9999655156567205 -0.006518065109223989 0.00514609931131951 -0.7904054931351288 0.00642416023453905 0.9998162983260744 0.01805823220470715 -1.9157426532438782 -0.005262859127290595 -0.01802455045785454 0.9998236934067755 178.82049559996494
0.9999318000855617 -0.01132050161456793 0.002870789902590928 -0.7928465649907248 0.011277351756418034 0.9998294329360484 0.014626221524793905 -1.904888028449288 -0.0030358766487246 -0.014592849386673006 0.9998889099304876 180.18436630652923
0.999991759855538 -0.003864811389478657 0.001242361075632473 -0.803068032085893 0.0038516294937645766 0.9999380483678268 0.010443388711449376 -1.9571214809430497 -0.0012826459366482518 -0.010438517743593853 0.9999446945548683 181.43269981567596
0.9999984767867797 -0.0014522664464191506 0.0009681683321417728 -0.8284524140355113 0.0014429993276599256 0.9999537866363603 0.009504858720023197 -1.9425154801386038 -0.0009819272524072204 -0.009503447361242827 0.9999543591128294 182.83916249097615
0.9999994965298404 0.0007541304611132643 0.0006619871794586304 -0.8468041447356383 -0.0007612147717482943 0.9999417410986631 0.010767309699726746 -1.9385025886994254 -0.0006538287031710834 -0.010767808405402026 0.999941811713529 184.28544668417382
0.9999853137937645 0.005356534115885251 0.0008244572027342573 -0.8499185923993169 -0.005367293113140931 0.999892389048596 0.013652929806425022 -1.9589034404251155 -0.0007512361506152268 -0.013657154672816425 0.999906454512066 185.72604048600977
0.9999846130638359 0.00543189153264141 0.0011261353436031536 -0.8642098444598147 -0.005449876108439576 0.9998467855122428 0.01663443278839034 -1.9706472703824987 -0.0010356064431784968 -0.016640314464830042 0.9998610040700601 187.05702123409063
0.9999857500645674 0.005144080692644065 0.0014276181416895597 -0.8709450744130826 -0.005168379251700823 0.9998322233198575 0.017573077952449747 -1.9762970392359605 -0.001336981388788627 -0.017580206358556796 0.9998445623354105 188.4700829719134
0.9999964959944262 0.002328087365863515 0.001260160998176871 -0.8687128643860288 -0.0023509756157175142 0.9998265254163828 0.018476795781473966 -1.9700159041486631 -0.001216926885541556 -0.018479694011477116 0.9998284952958931 189.95507232788398
0.9999975647645477 0.0016874745969568151 0.0014222846181150214 -0.8704942896152196 -0.0017135976635244072 0.9998260884416236 0.01857031093426246 -1.988834032778071 -0.0013907004410799307 -0.018572703301002545 0.9998265452825683 191.26512774343126
0.9999979420586088 -0.0010874425378862781 0.001712702934562877 -0.8828042894889412 0.0010554745333680223 0.9998272493851432 0.01855686798840863 -1.9773876329430573 -0.0017325867230767954 -0.018555022448601126 0.9998263395670368 192.748670128747
0.999979684007207 -0.006028017830522654 0.0020723378462572917 -0.8743331736660367 0.0059856446071936045 0.9997844751092816 0.01987901837077002 -1.9667691352430747 -0.0021917224518468066 -0.01986621061608016 0.9998002450669298 194.1264567272995
0.9999298715984599 -0.011629590476250897 0.0022370792587370464 -0.8759181428590543 0.011578137965152582 0.9996957143311365 0.02178130958324498 -1.9586138529971209 -0.0024897064501138433 -0.021753881300359098 0.999760256270998 195.61103944113674
0.9999012845371453 -0.013815344960113949 0.0025607495163486307 -0.872974243285654 0.013754877374911842 0.9996568628761403 0.022292595869029957 -1.9762148084196876 -0.002867850953546125 -0.022255172875261468 0.9997482096608971 196.97396614113038
0.9998957455908979 -0.014193455978758556 0.0026540101955393474 -0.8846546774950346 0.014142633135338433 0.9997329313220094 0.018277087831338672 -1.9670335231492002 -0.002912716664501617 -0.018237648018040432 0.9998294375950293 198.3842203446777
0.9999862200313601 -0.004102345325150563 0.0032757472311509515 -0.894336905009446 0.0040590364768314305 0.999905689040899 0.01312010807514599 -1.9904629465131907 -0.0033292617767844454 -0.013106631155444925 0.999908561937891 199.85231316514046
0.9999643935856207 0.007022362190513746 0.0046795278493978265 -0.9100708308000482 -0.007080077443241904 0.9998976387383446 0.012433203882725724 -1.9947160872325687 -0.0045917387645833425 -0.012465892847826555 0.9999117548314097 201.26174104353282
0.9998764843642892 0.014479760334148755 0.006111671212898143 -0.9322495791554202 -0.014582562210754112 0.9997470077739736 0.017125108916052775 -2.01100352724306 -0.00586215801720256 -0.01721211786857786 0.9998346753857803 202.70421706628582
0.9998784378319124 0.013926624056640545 0.00701132459211584 -0.9303661498730282 -0.014056248661160693 0.9997246214123051 0.018791041519032232 -1.9822961008115683 -0.0067476986084589255 -0.018887310538633552 0.9997988488025973 204.14364203055416
0.9998908167299048 0.013304843658799307 0.006429286712853949 -0.9288169838211167 -0.01342896586376958 0.9997164479149913 0.01966435015239094 -1.9908672539856294 -0.006165833076751208 -0.019748542200542094 0.9997859658883758 205.57495379995117
0.9999437100096313 0.009313605879151103 0.005082670805484843 -0.9209818994173086 -0.009411562889920547 0.9997635713172234 0.019601631604304674 -1.9876356580987051 -0.004898907643728196 -0.01964836449499301 0.9997949502178958 207.02254077255859
0.9999708274976647 0.0066386003039962 0.003777979692254102 -0.9219840029050379 -0.006711696796407042 0.9997838835549321 0.019675856100323616 -1.9939459186086974 -0.003646543357139895 -0.01970063915097128 0.9997992736266228 208.45921364955638
0.9999593763330566 0.008342163876147871 0.003413791385012498 -0.9310776443539328 -0.008404660788295113 0.9997894089633281 0.01872162947950594 -1.9985938836067114 -0.00325689383065058 -0.018749561070143576 0.9998189069064081 209.95327975906622
0.9999548567139471 0.008968533265220737 0.0031384597212416425 -0.9391737461265861 -0.009026328740480018 0.9997803920301741 0.018912776410698256 -1.9934262727977003 -0.0029681508622325624 -0.018940251772763983 0.9998162115853998 211.4231811600211
0.9999467093788748 0.009818545533125072 0.003189756694228555 -0.9394974394623257 -0.009880027072227772 0.9997538087556103 0.019867233207983663 -1.982204999084686 -0.0029939043077875887 -0.01989768975053846 0.9997975387477981 212.83898152335962
0.9999589653115646 0.008591467925659986 0.002873039651798837 -0.9524056920113617 -0.008647041901142058 0.9997640825679033 0.019925056628616454 -1.9877013283372402 -0.0027011765794654314 -0.019949082701949058 0.9997973483418373 214.28014977889785
0.9999637194665854 0.008127199882820957 0.002551148459754987 -0.9515451558139093 -0.008174973039553385 0.9997801197955264 0.019310149789128938 -1.9854761155376899 -0.0023936502528287638 -0.01933030516174206 0.9998102868782361 215.77803156754717
0.9999653423334055 0.008034731376567796 0.002181102798461926 -0.9628709989975817 -0.008074186131681616 0.9997920330812752 0.01872693549971677 -1.9809455946046701 -0.0020301834619557884 -0.0187438974717335 0.999822256538288 217.21078760777982
0.9999616526923244 0.008611538203295962 0.0015920232441089702 -0.9675833571191776 -0.008640430480094972 0.9997796368521404 0.019131667615925725 -1.9916313878240708 -0.0014269194399905854 -0.01914469011691361 0.9998157053922446 218.67311692894907
0.9999367853829457 0.01114629291118923 0.0014782991054111522 -0.9748713942291138 -0.011172337729752143 0.9997576887650049 0.01896688274856301 -2.009886763470554 -0.0012665305586315337 -0.018982200202843715 0.9998190196148631 220.16734070359877
0.9999644490976065 0.00833244672945215 0.0012926160289448727 -0.9828978087287439 -0.008355236803678875 0.9997890987915572 0.018760276222067062 -1.9913353511403802 -0.0011360244938133652 -0.018770409765751155 0.9998231749531463 221.68946020976557
0.9999455504621191 0.010386082526552909 0.0010126096639293965 -0.9865818283560291 -0.010403259511020651 0.9997698162974812 0.01876397149364567 -1.9955028456398929 -0.0008174924758327404 -0.018773484622494535 0.9998234284059576 223.1286152275975
0.9999752458191907 0.007021053036768836 0.0004610305530618889 -0.9986450655460024 -0.007028379720909632 0.9998042561249963 0.01849462943776432 -1.965326385033377 -0.00033108854849114573 -0.018497412285837626 0.9998288534183415 224.5734656601846
0.9999710423032496 0.007610140227473315 1.7451630021993918e-05 -1.012355776179148 -0.007609095062466422 0.9997900116551555 0.019027198246722766 -1.976064050828339 0.00012735170702534446 -0.01902678043494032 0.9998189663222682 226.07875442799394
0.999951739850716 0.00982191032221436 0.00021914662737009113 -1.018792302594235 -0.009824306005988085 0.9997686653296873 0.019133709743488898 -2.000470498634386 -3.116633775497894e-05 -0.01913493969596778 0.999816909799611 227.60737512647498
0.9999734575203251 0.007284928102779723 0.00011858444036586327 -1.027245793813258 -0.007285876172589507 0.9998029417594069 0.018466013741690695 -1.9958323603528432 1.5962525902150394e-05 -0.01846638796900243 0.9998294815966453 229.08584067390328
0.9999703180082866 0.007696519143268627 0.00035592085201271344 -1.0377565269508269 -0.0077019958673279 0.9997802908110407 0.019494855000050305 -2.0100781861875023 -0.00020580013039692212 -0.01949701804486287 0.9998098939015717 230.5877594306423
0.9999730412485129 0.007320332358689886 0.000574017266851099 -1.0395895052875113 -0.007330432303379932 0.9997692238480002 0.020193162531692142 -2.0052814994588446 -0.00042606415645140097 -0.020196826347288678 0.9997959325207063 232.07345022935462
0.9999808620841604 0.006169355582516079 0.0004631471687993984 -1.044296400015396 -0.006177592219198296 0.9997684608765682 0.020612180671704363 -2.008528725626776 -0.00033587607238946696 -0.020614647742629822 0.9997874391571218 233.63076025541346
0.9999807829907547 0.0061921536635550205 0.00030144667128040857 -1.06108915700887 -0.006197042722567133 0.9997694551999674 0.0205580425120014 -1.9954046521804505 -0.0001740786146080431 -0.020559515935629488 0.9997886156643145 235.0509433261151
0.9999770898688524 0.006733760734532229 0.000690065873341063 -1.0678571428259511 -0.0067462894318363106 0.9997745949139716 0.020130746298093423 -1.9995878140320806 -0.0005543547310606226 -0.020134940885722062 0.9997971178475311 236.57086072194394
0.9999722080033685 0.007367247447245827 0.0011431850467528565 -1.078313563844087 -0.007389697577873092 0.9997508186505994 0.02106402100495937 -1.9892389976051774 -0.000987716398353666 -0.021071883805686854 0.9997774753110463 238.05140752473423
0.9999471992593502 0.01010510695362437 0.0018669457240383643 -1.0790904038709397 -0.010144988678353152 0.9996896001362559 0.022754836709413608 -1.99585340393411 -0.001636426286283421 -0.022772575835662508 0.9997393319809796 239.61314866126003
0.9999669081726414 0.007716439978871836 0.002576645234706138 -1.0819620969406023 -0.007775766942423603 0.9996848642777281 0.023868589910379684 -1.9876274488397365 -0.002391652883720929 -0.02388783592274496 0.9997117841171093 241.14816691277062
0.9999589268801851 0.008572924107892803 0.0029410049172848667 -1.0920239166934158 -0.008635819454218398 0.9997188083537825 0.022084538755493592 -1.984804032240872 -0.0027508490717814186 -0.02210903010215464 0.9997517810068034 242.6055025896052
0.9999413240019374 0.010221664928074225 0.003586934672581546 -1.0992311801119197 -0.01029524369436034 0.9997236893294944 0.021131799789151567 -1.9906930821254305 -0.003369941655873613 -0.021167488648567823 0.9997702640731637 244.1694557135272
0.9999508437242364 0.009068601444301784 0.004008813754683932 -1.0938120436296739 -0.009152830594892618 0.999726582000551 0.021517131351194926 -1.9628717139019698 -0.0038125876898179164 -0.02155276607097526 0.9997604425346712 245.6227704629874
0.9999399230395273 0.010169154385195615 0.004091282486917581 -1.0972655938616627 -0.01026070514049038 0.9996824521845591 0.02301548899963659 -1.9679139438090094 -0.003855935556165251 -0.023056086201335882 0.9997267369930961 247.1575646164789
0.999972415623519 0.0064793451384007675 0.003631262840784356 -1.1040907641549056 -0.006564675199464266 0.9996903753262989 0.02400121909665804 -1.9513380940095175 -0.003474626604674347 -0.02402439557475394 0.999705334284764 248.7500788013479
0.9999552870768524 0.00895664054917096 0.0030335492762563364 -1.1316246598585848 -0.009025534224342243 0.9996827652253217 0.023514009632225705 -1.9584848461073068 -0.0028219806169042213 -0.02354033812346861 0.9997189049511751 250.24696376019273
0.9999415976632713 0.010120110049935724 0.0037927057205238506 -1.0969609969547924 -0.01020842925973987 0.9996588889243189 0.02403942126995451 -1.963794773493194 -0.0035481306789316566 -0.024076735359036757 0.9997038169344491 251.79022861728006
0.9999395849867786 0.010349629226605175 0.0037029085949638113 -1.1197660386902597 -0.01043672968198821 0.9996494660282554 0.024331456011997484 -1.9371026567880054 -0.003449789324034831 -0.024368632768219736 0.9996970884729087 253.29878735603205
0.9999222072520074 0.01194887998406699 0.0035782240139349323 -1.1318146772187276 -0.012033215138678187 0.9996260329728893 0.024555975843294775 -1.9426777793576904 -0.003283469726347481 -0.024597123597108965 0.9996920527584005 254.87824298029162
0.9999436205871629 0.010010733805821643 0.003541304459818947 -1.1398054902219252 -0.010096273737798134 0.9996358834016412 0.02502330672303139 -1.9281727312974195 -0.0032895136080224865 -0.025057650401773525 0.9996805956244571 256.3185145296583
0.9999637503934535 0.007749264889022909 0.003527999515658611 -1.1325933033187963 -0.007838139038846764 0.9996334043022224 0.025915643523591953 -1.9023807715185648 -0.0033258792404970176 -0.025942357556985617 0.99965790779853 257.8870959089195
0.999975692678553 0.005946076083939565 0.003641184386392454 -1.1307357841321688 -0.006041178219904222 0.999625515489309 0.026689566177646132 -1.9154766560893595 -0.003481122901213564 -0.02671091499777382 0.9996371385740638 259.3956067146228
0.9999829266637303 0.004799249550185939 0.0033337035944502884 -1.1253323104853674 -0.004885819932031109 0.9996378131711763 0.026464527841241363 -1.9043077079591482 -0.003205486547509452 -0.02648036440191172 0.999644194286325 260.9153356837511
0.9999904313202597 0.0031799713166061495 0.003004171824634411 -1.132006385339449 -0.003256012514342539 0.9996655418868433 0.02565546210866347 -1.8998792487343072 -0.0029215836478549036 -0.025664998746723747 0.9996663304327573 262.4680034356107
0.9999917727975863 0.001694783832388293 0.003685382809407262 -1.1361056146817263 -0.0017949610033208205 0.9996242786235177 0.027351045428360046 -1.8874856557559214 -0.003637644308268884 -0.027357436061739928 0.9996190965812168 264.0447673418258
0.9999907803775893 5.7740106448810405e-05 0.004293696638405257 -1.1246763105419273 -0.00018368168240377215 0.9995695568265937 0.02933713186210932 -1.879522514984488 -0.004290154855902856 -0.029337650633039537 0.9995603517758974 265.56399870142707
0.9999852944036612 -0.003600248459301734 0.004055761000782354 -1.1318047625296088 0.0034804587049619574 0.9995685403487392 0.02916538233709206 -1.8575002138378613 -0.004159014054213598 -0.029150838102482837 0.9995663716110118 267.10289265681166
0.9999820192055443 -0.004284478930181187 0.004195773661891573 -1.140742316814089 0.00416657702815258 0.9996071292024736 0.027716905655150312 -1.8300468486943522 -0.004312878105174554 -0.02769892580815717 0.9996070070808637 268.64433325953934
0.9999854228391373 -0.0016886612940680591 0.0051286002437732695 -1.1362860733438338 0.0015448754396599745 0.9996091955134295 0.02791181798904048 -1.834721697242681 -0.0051737299851813915 -0.027903488609886527 0.9995972328166283 270.20241519549177
0.99997979637911 -0.00040832322604974006 0.006343509494230858 -1.1430648209627634 0.00022949523699449144 0.9996032359993876 0.028165899447548968 -1.8161779033006937 -0.006352493923159516 -0.028163875138795612 0.9995831340968869 271.714068070062
0.9999720299592844 0.0021179900900511577 0.007173103929414012 -1.146284915136124 -0.0023164797610491887 0.9996114591981685 0.027777050712493652 -1.8103690943817963 -0.00711148594653303 -0.027792890680950897 0.9995884062989494 273.19855822667887
0.9999665471041441 0.0015031359786126797 0.008040227552674679 -1.145129810333338 -0.0017254871112524894 0.9996142444577433 0.027719757492501995 -1.7884556039376718 -0.007995460079052715 -0.027732704036598523 0.9995833980997534 274.7917028369992
0.9999559571656884 0.002937434854903263 0.008913765024716963 -1.1440990181726263 -0.003181486198432726 0.9996170261928556 0.027489617640348674 -1.7948345685210758 -0.00882960304946615 -0.027516766477482284 0.9995823456243763 276.3214869497076
0.9999433253465179 0.0038404416726435173 0.009929607362206236 -1.1414214898532702 -0.004108877123038207 0.9996227558594246 0.02715627158139024 -1.7816730933444973 -0.009821570207381157 -0.02719553257659856 0.9995818824776038 277.92928584368855
0.9999358481383899 0.0027912854743449003 0.010977628830143797 -1.1232574613620003 -0.0030852165272305266 0.9996347047839118 0.026850296427328647 -1.7628277758231237 -0.01089867281207981 -0.026882442815831745 0.9995791880636281 279.40110837337335
0.9999234533723567 0.0033076694846615002 0.011922529875222085 -1.1121420391664554 -0.0036325150105698993 0.9996199076139325 0.027328467297181518 -1.7662166168203375 -0.011827605652834975 -0.027369684696256284 0.9995554052256438 280.9532537805202
0.9999177004879799 0.0007183704483972961 0.012809223211094008 -1.0855053761461244 -0.001083448617937635 0.99959271845782 0.028517070801713583 -1.7456818876644515 -0.01278352148745097 -0.028528602548316993 0.9995112307666008 282.558296204153
0.999919503844841 -0.0001211797316663342 0.0126874407261086 -1.095382440140673 -0.00025277428653869456 0.9995656747111561 0.029468593853461136 -1.7298961214460646 -0.012685502294441809 -0.029469429374145636 0.9994851828709477 284.040104931935
0.9999132357266651 -0.0011488448912519954 0.013122544774996445 -1.0668787884547681 0.0007928982415079111 0.9996324702859933 0.02709789000923511 -1.7322733883668882 -0.013148854211739287 -0.027085134560075712 0.9995466488017474 285.58304757784276
0.999918428374675 0.0005914420485944654 0.01275879296074428 -1.0574069196412617 -0.0009068628080751272 0.9996937497925984 0.024730228700141983 -1.7253169086233562 -0.012740260137446691 -0.024739782367695858 0.9996127394892167 287.0725555841368
0.9999311986144238 0.00044298543118902363 0.011721851689530329 -1.0559022690661397 -0.0007351719885848457 0.9996888267430314 0.024934096993283434 -1.7100141312430095 -0.01170715969039529 -0.02494099955226406 0.9996203724225182 288.6081952282102
0.9999316361536689 -0.0027220302433518095 0.011371612939178165 -1.0330787031058468 0.00243365581404492 0.9996770304070062 0.02529648545743487 -1.694730877272247 -0.011436798998459112 -0.025267081987055462 0.9996153131107992 290.1413171946517
0.9999510330554908 -0.0008002363943695953 0.009863626164466543 -1.0514635401394126 0.0005568267146589499 0.999695849449446 0.0246555981753482 -1.700757079333541 -0.00988035725922931 -0.024648899012652978 0.9996473429794764 291.77359190364734
0.9999501744828007 -0.0017293475684487438 0.009831475896927566 -1.0227145316719717 0.0014881684747752814 0.9996990667459508 0.024485940547987563 -1.6896715279896999 -0.009870862795024072 -0.02447009010378181 0.9996518297716622 293.3313012840677
0.999958576318495 -0.0024987985515372343 0.008752237627022845 -1.035003962354542 0.00228220844632733 0.9996930439626869 0.024670009294857 -1.6595451280395874 -0.008811197182970801 -0.024649013418349568 0.9996573357654754 294.9163767519264
0.9999616442007322 -0.0030241184798126923 0.008219783816912012 -1.019254039176435 0.0028156295380946453 0.9996769852880926 0.025258608347862744 -1.6565074417702152 -0.008293514410474075 -0.0252344961559356 0.9996471566663985 296.49383789165046
0.9999731377493797 -0.0022596249554304795 0.006972652625617909 -1.0144912839755484 0.002071829478262772 0.9996380288710975 0.026823846415233527 -1.6525991560642341 -0.007030741131908101 -0.026808680240033134 0.9996158578943304 298.0757705385054
0.9999767839484794 -0.00026703907957970063 0.006808836987615166 -0.9916408284602454 7.295259738551545e-05 0.9995940914707677 0.02848941829328598 -1.650157130313805 -0.006813681563580755 -0.028488260714881725 0.9995709043174538 299.6552477217907
0.9999736030619678 -0.0020409361335132006 0.0069733613549597655 -1.0175049025988683 0.001842610721366645 0.9995969419562855 0.02832946160855756 -1.615134872906822 -0.007028369878506614 -0.028315865157929797 0.9995743163016586 301.2520896919309
0.9999668374687634 -0.0006623311332237727 0.008116975304907459 -1.021851395499329 0.00043441569914230184 0.9996064681402154 0.028048531428147134 -1.6009123413335415 -0.00813235909682636 -0.028044075671956468 0.9995736063778817 302.8190074880865
0.9999603599248622 -0.0017182278681940315 0.008736491370508047 -1.0005555186628297 0.001470234372026218 0.9995980095421673 0.028313560504061287 -1.5918727580510932 -0.008781629252343853 -0.02829959401180176 0.9995609115900438 304.4238439566357
0.9999556282465016 -0.003458775550385467 0.008762329691485498 -0.9949406342694411 0.003217521076174847 0.9996193926103792 0.02739922357395748 -1.577598839727621 -0.008853763174659118 -0.02736981537149777 0.9995861664185415 306.0195535861887
0.9999331491054348 -0.007060241083537103 0.009156982643503966 -1.0004983166838428 0.00682109948350218 0.9996415457857635 0.02588923553074913 -1.557663931682433 -0.009336485296570853 -0.025825044618611754 0.9996228774503257 307.6097644744527
0.9999398817224323 -0.005720363158485621 0.00935469937450413 -0.9835054380029591 0.005490252008323765 0.9996861766649795 0.02444187586890623 -1.556065907869925 -0.00949158083990657 -0.02438904727699381 0.9996574834781188 309.2190616788815
0.9999563068290256 -0.0057694760522423345 0.0073551065843099695 -0.9836255706949766 0.005592408006167369 0.9996993898451895 0.02387163367942746 -1.5421001278081707 -0.0074906229968765715 -0.0238294583542634 0.9996879750647478 310.8094835919802
0.9999742530927312 -0.0051584227415641445 0.0049883703414340275 -0.9833838410745723 0.005032458077607584 0.999676211051768 0.02494288277029723 -1.524591448707156 -0.0051154215078761675 -0.024917137286583894 0.9996764320228889 312.4110239337565
0.9999844908658458 -0.0027057475539605143 0.004867953094625696 -0.9822080432724869 0.002568902591502442 0.9996073795047524 0.02790138986436837 -1.5219959782840324 -0.0049415363488754145 -0.027888452384227186 0.9995988272579637 314.06009780940167
0.9999738333955566 -0.004886469718993865 0.005334318143191573 -0.9781433006036602 0.004717454896033776 0.9995004656771629 0.03125003521541651 -1.4943561418607452 -0.005484356257097394 -0.031224053710074497 0.9994973638402738 315.6601251435595
0.9999719862818075 -0.00492052255636548 0.00564048949819493 -0.9784858257235023 0.004735046508006642 0.9994625433250911 0.03243769094086308 -1.4824731311618338 -0.005797068833014204 -0.032410074890733644 0.9994578435618301 317.28718971969477
0.9999625339892882 -0.006511981484521484 0.005703045564010396 -0.9773440047441098 0.0063333205804928724 0.9995053735458654 0.030804176228210828 -1.4632405791032523 -0.005900821385598822 -0.03076690349938895 0.999509168528464 318.9443705802532
0.9999520253442742 -0.007576560159283912 0.006208281638463729 -0.9809440132996216 0.007378672602301991 0.9994827783101807 0.03130065527002106 -1.4430258528169413 -0.006442222397063956 -0.031253345359176316 0.9994907334193943 320.54508163338124
0.9999481455349057 -0.007882025490172214 0.006448250200103657 -0.9729742802272356 0.007672895226608613 0.9994635842920493 0.03183818965269978 -1.4294718918350928 -0.006695741219634246 -0.03178706256725359 0.9994722355924985 322.17769454411325
0.9999443209142929 -0.007807584755189251 0.007099063805776687 -0.9703582896523641 0.0075762134009300115 0.9994574059292247 0.03205455803651922 -1.4165628505178183 -0.007345481169079135 -0.03199898986442872 0.999460908976178 323.79093206721916
0.9999538283935601 -0.0064856553045337505 0.0070906537623059455 -0.9774055652459265 0.006263393856944367 0.9995018994899012 0.030930935696958588 -1.3963248299975302 -0.007287729881893218 -0.030885096606589384 0.9994963730883216 325.4240792501423
0.9999535283553684 -0.005304750368030348 0.008049892350043364 -0.9796158462825382 0.00505914509775314 0.9995301652334443 0.030230015065371325 -1.3732507993972443 -0.008206473583238737 -0.03018788523768476 0.999510552916261 327.0545795339904
0.9999436418772654 -0.005658602014444904 0.008982945315936137 -0.9560079084058295 0.005367922194123251 0.99947153442927 0.03205990090019516 -1.3530284111939694 -0.009159613106461136 -0.03200987493195005 0.9994455810156413 328.6661291822471
0.999927548007603 -0.007923696898516106 0.009061665340039032 -0.9616598207327087 0.007614571631127593 0.9994045435306214 0.03365377592666883 -1.3403953243612656 -0.009322932593152748 -0.033582337591963406 0.999392470228315 330.2776454988005
0.9999222129611502 -0.008507598438679641 0.009120790085414911 -0.9544541774514312 0.008205938868968908 0.9994342634747702 0.03261618503100376 -1.3305136548982186 -0.009393116293310686 -0.03253880389584368 0.9994263332658254 331.89451181517984
0.9999340524598139 -0.007267817931321025 0.008892107126982227 -0.9436894937805771 0.006971053521687634 0.9994323052008431 0.03296167016435616 -1.3254878626777327 -0.009126619285906624 -0.03289750970399078 0.999417059437171 333.54449019940364
0.9999446987013783 -0.005770881218812678 0.008791841851290257 -0.9497698283287503 0.005497355625730931 0.9995097069613078 0.030824093524892446 -1.2779467855008022 -0.008965414187429773 -0.03077405762605937 0.9994861573534269 335.1337912208154
0.9999578456770231 -0.003904133460885929 0.008310512808788634 -0.9659762134207539 0.0036688399274374048 0.9995971978450169 0.028142168531029643 -1.283769260093775 -0.008417036786625916 -0.0281104928199645 0.9995693841336082 336.7406085786296
0.9999678705719324 -0.003092889499907185 0.007395395154750672 -0.9574317751603627 0.0028748756591695478 0.9995662127065302 0.029310774137927025 -1.2645568648032346 -0.007482842720525445 -0.029288572126805273 0.9995429888811072 338.33341526025276
0.9999778265620765 -0.0015992188983832943 0.006464432837141701 -0.9549787933487972 0.001391639763148985 0.9994872552587335 0.03198890256909415 -1.2470298583349801 -0.0065122760153395335 -0.031979197727139065 0.9994673187211182 339.9481869321495
0.9999849400788834 -0.0009796656621427046 0.005399988699930119 -0.949739353520215 0.0007911001956798919 0.9993935722741953 0.03481180586688452 -1.2240178633513512 -0.00543081835894214 -0.03480701035257955 0.9993792964959397 341.57508017254145
0.9999904456733465 -0.00015970246735002788 0.004368416472637464 -0.966183919878626 9.188857858775587e-06 0.9994069978650829 0.03443330518313471 -1.2080432067814562 -0.00437132541798535 -0.03443293673031111 0.9993974506696089 343.16162435043873
0.9999970669323129 -0.0002603304296481621 0.002407978084401478 -0.9616405021362233 0.00018043861092506726 0.9994514027102951 0.033118892432548085 -1.1870938449436983 -0.002415279107215284 -0.033118361450959456 0.9994485182261234 344.7483916714096
0.9999977505671372 -0.0021069898379272502 0.00024384010761031188 -0.9631120098616424 0.0020973852184379936 0.999409233837443 0.03430428930701033 -1.1637306685513755 -0.00031597484318782827 -0.03430370138941998 0.9994114049070163 346.366219295427
0.9999926156023672 -0.003760944208251113 -0.0007899641386215702 -0.9673482414958019 0.0037863803132285184 0.9993753191965138 0.0351373685822651 -1.1550577125111756 0.0006573210642586648 -0.03514010090888022 0.9993821797827368 347.96611237133874
0.999990661445564 -0.004150550650250318 -0.001204140620886917 -0.9806015269216786 0.00418994187000001 0.9993855739627299 0.03479826013311981 -1.1347253638882582 0.0010589689419520563 -0.0348029811305161 0.9993936317185316 349.57534017238515
0.9999903194666784 -0.004246115389571356 -0.001153898128453591 -1.0002643644058948 0.004283014415166793 0.9994086485941459 0.034117574205091726 -1.1106297478734923 0.0010083487251170318 -0.034122186761201066 0.9994171599651079 351.1805283624876
0.9999899358822245 -0.004406388712505774 -0.0008437282378113852 -1.0065974894544327 0.00443240875299057 0.9994179039763781 0.033826127938086016 -1.0851160697310567 0.0006941861246867701 -0.033829527920335986 0.9994273766385312 352.79425052836274
0.999984634528011 -0.005424381242057614 -0.0011431540057113272 -1.0252551109296915 0.005460283613504762 0.9994009375656668 0.03417530192154404 -1.0614533436052627 0.000957089427034386 -0.03418101941730637 0.9994151999647893 354.38692352528983
0.9999818270407944 -0.005868155870230318 -0.0013821504539914728 -1.030762213071307 0.005911307076393712 0.9994173368824153 0.03361611449366979 -1.0518601477247271 0.0011840806537039743 -0.03362367456433346 0.9994338629897503 355.94899765905893
0.9999806091705853 -0.0061380343133786725 -0.0010515813979293958 -1.0449432425463283 0.006169300252785594 0.9994400508643002 0.032886538731539613 -1.037554179959822 0.0008491339611939012 -0.03289238919995037 0.9994585382753032 357.55539846985005
0.9999784706618141 -0.006454037756836253 -0.0011847427413266371 -1.0614524113892914 0.006490313443667335 0.9994105139780202 0.0337120208108101 -1.0122665108238462 0.0009664658060008795 -0.03371898502548931 0.9994308860652993 359.1516368630306
0.9999809115429219 -0.006056759799839986 -0.001221562931957661 -1.072401856304634 0.006093644301584442 0.9994410475131992 0.03287035156356757 -0.9891341636470472 0.001021792425477635 -0.0328771685334639 0.9994588774716601 360.77242696314727
0.9999735374539962 -0.0072050786525748 -0.0010056043392690037 -1.0794819799141702 0.007233905715441396 0.9994477539894875 0.032432354529727085 -0.9774640771094374 0.0007713714246994831 -0.03243877136849955 0.9994734269227062 362.31932372653324
0.9999558190661053 -0.00936571402214109 -0.0008020754107032526 -1.0920491985429608 0.009387289259520867 0.9993973691270482 0.033418218783941266 -0.9490188808364673 0.0004886066437688045 -0.033424272301724185 0.9994411334900992 363.94168717936986
0.9999269066078255 -0.01202902256395686 -0.0012182225034384224 -1.09812773548323 0.01206418748414609 0.9993192910495771 0.03486272907146259 -0.9314993893076775 0.0007980287900591267 -0.034874878379828375 0.9993913678024455 365.5335353622052
0.9999268616833219 -0.012063777352860572 -0.0008582359509721276 -1.1173551564677713 0.012086172070727387 0.9993344156033973 0.03441874776546853 -0.9023371020996587 0.00044244467853091045 -0.034426603893239496 0.9994071308609972 367.1302130690555
0.9999489845282483 -0.010071684731068379 -0.0007677995796192184 -1.1280883977319038 0.010091956889691986 0.9993718569061377 0.03397122302027006 -0.8832842304410045 0.00042516990728469137 -0.03397723922487592 0.9994225164930175 368.7712317124019
0.9999666417328913 -0.008147043273344874 -0.0005840508366222576 -1.1507336618420814 0.008162389937929223 0.9993661458307187 0.034650857436541185 -0.8592355733025056 0.0003013786523563685 -0.03465446947169171 0.9993993080572838 370.35428493730274
0.9999732938331483 -0.007300765220137806 0.00033235013438318115 -1.1548398218544618 0.0072842890232220035 0.9993384928410124 0.03563026553137726 -0.8381426176160922 -0.000592258506798646 -0.03562689374524798 0.9993649852285408 371.92284086466816
0.9999794943031264 -0.00635899065619124 0.0007577730130597805 -1.1614931820341377 0.006328073895399234 0.9993492658961626 0.03551056457695819 -0.814370693223476 -0.0009830913068849753 -0.03550504185858618 0.9993690137092816 373.554784307094
0.9999749234746768 -0.007065236409560201 0.00048462901006477376 -1.1777963513403584 0.0070440534833614305 0.9993675583148118 0.034854908720275496 -0.7905313690873418 -0.0007305807139698578 -0.034850621608498195 0.9993922655558481 375.1497559336389
0.9999774543690356 -0.006657863369845862 0.0008738525100692701 -1.1863969961730212 0.0066232823833092935 0.9993678740733716 0.03492827456666249 -0.7608771033977748 -0.0011058478700891852 -0.0349216999970359 0.9993894396064553 376.75773548063194
0.9999811688060789 -0.005997828541464826 0.0012992672139211829 -1.1861812992389407 0.005948478133616987 0.9993647859725435 0.035137446261875385 -0.741268181008378 -0.001509190378234758 -0.03512905660576048 0.999381644694985 378.3526515770581
0.9999860442527719 -0.005022586612662637 0.0016385762826938697 -1.2112740686176635 0.004961541467261394 0.9993628708732879 0.0353445241949685 -0.7197240544957028 -0.001815053356835934 -0.035335901762684564 0.9993738437915546 379.9662440195014
0.9999883145187529 -0.004422098737116912 0.001953427066068562 -1.2187938222795731 0.004349538987332481 0.9993528695207023 0.035706073093751824 -0.6707791281890828 -0.0021100588740655423 -0.03569716004239669 0.9993604256940611 381.60861377797073
0.9999923834339292 -0.0030405877138299613 0.002447020244244152 -1.2071324673031767 0.0029519570699867888 0.9993673404387605 0.03544297927932986 -0.6601003407203481 -0.0025532397880400318 -0.03543548652084037 0.9993687043767407 383.21863413974876
0.9999944541411023 -0.0017911927640300758 0.0028077253893173094 -1.2315954645371496 0.0016912674118683638 0.9993789753227921 0.035196637135744176 -0.6453298466383112 -0.002869025898496786 -0.03519169401561713 0.9993764622943679 384.8253044734999
0.9999970783854776 -0.0008641497781509081 0.002257536279667221 -1.2612775268332452 0.0007833370363290685 0.9993673867822779 0.03555576729785908 -0.6143995262601926 -0.0022868338055543284 -0.03555389570406527 0.9993651439378574 386.40142558607505
0.9999934464643465 0.0009281075078563265 0.0034993781688313023 -1.234530640469233 -0.0010542157160999873 0.9993436683933142 0.03620940544134252 -0.594063318148076 -0.0034634754590863797 -0.03621285795280848 0.9993380975840354 387.9866422558495
0.9999927804365158 0.0013221122429468851 0.0035624564811116395 -1.2553716263891102 -0.001450999992046103 0.9993354036219626 0.03642314700986982 -0.5675941148625072 -0.0035119336645975225 -0.03642805389111047 0.9993301072409326 389.6411971098137
0.9999902912990478 0.0018180592303618107 0.004013971834863322 -1.252988630463478 -0.0019655252114256228 0.9993116593852421 0.03704516295879211 -0.5388988996174977 -0.0039438588583584535 -0.0370526935896992 0.9993055308073482 391.2573059342438
0.9999889252229003 0.002036807824103295 0.004242740485432064 -1.277888156134096 -0.0021944055473272816 0.9992950459193498 0.03747793692761009 -0.5099913998399687 -0.0041634145150697905 -0.037486832898091654 0.999288448530475 392.9043632916294
