1.0 -3.469446951953614e-18 0.0 -1.7787691892340307e-19 0.0 0.9999999999999999 -3.5405977195229754e-19 0.0 2.168404344971009e-19 -2.354751593366955e-19 1.0 0.0
0.9999998267350859 -0.0003874463590678983 -0.0004431873675897369 -0.0037222543955511 0.000387876065028301 0.9999994544733671 0.0009698475939471899 -0.024335736656068176 0.00044281140013646496 -0.0009700193468612558 0.9999994314905262 1.3151021234363705
0.9999993041764486 -0.0011205616402011152 -0.00036876740028821803 -0.014627594358847532 0.001121115373756084 0.999998239617426 0.0015046130330173089 -0.03945189304330236 0.00036708077178969 -0.0015050254459782416 0.9999988000747483 2.617213846114891
0.9999972562383268 -0.0022055487998553294 -0.0007893493030094348 -0.022520434213639987 0.002206130884932855 0.9999972948059316 0.0007371322503089997 -0.07279944265442262 0.0007877214538370798 -0.0007388716491855871 0.9999994167823134 3.948909366236536
0.9999964951352545 -0.002631928662064978 -0.000287527585117012 -0.03191640788900715 0.0026322620797446673 0.9999958571594831 0.0011648417058015953 -0.09279678153422626 0.000284460638831447 -0.0011655944923382468 0.9999992802358667 5.255922237230603
0.9999953513745645 -0.003001237221862421 -0.0005383380457638447 -0.033185551188763956 0.00300224510672345 0.9999937243223757 0.0018809134925375152 -0.10737281715230945 0.000532689646496235 -0.0018825210068786295 0.9999980861769511 6.584070419412953
0.9999904199279773 -0.004367816936456012 -0.00028676279952745995 -0.03407467599065985 0.004368648591411098 0.9999860601647926 0.0029655318498892033 -0.13822162944126543 0.00027380592771375 -0.0029667562611337536 0.9999955616844517 7.917047689931117
0.9999909226082985 -0.004258928192109287 -0.00012742534171389982 -0.04400691310513041 0.004259390782667379 0.9999834039356102 0.0038793603801079097 -0.15916243575483835 0.0001109013224827014 -0.003879867993261046 0.9999924671347499 9.229751486261671
0.9999930324419198 -0.0036887804221914216 -0.0005726873727964013 -0.04583203225337781 0.003690173889896977 0.9999901873206954 0.002451096371725268 -0.18021589045622427 0.0005636402467705092 -0.002453192655545532 0.9999968320733866 10.576681881815405
0.99999957994707 -0.000694464780809657 -0.0005981843401466757 -0.0580754383157628 0.0006942814613607063 0.9999997119573515 -0.00030668780016010976 -0.20212196254689063 0.0005983972020871667 0.00030627236911841065 0.9999997740594402 11.889767464087102
0.9999962686742598 0.0026577314259511693 -0.0006317400105764403 -0.05965829980425258 -0.0026583189494773637 0.9999960335445198 -0.000930720412819182 -0.22979169155393783 0.0006292639521598266 0.000932396322269503 0.9999993673322318 13.228018560257881
0.9999869508154721 0.00509658784461023 -0.00035068588746940015 -0.08225849087569354 -0.005096905829355242 0.999986595770806 -0.0009109554178010253 -0.24326451384657077 0.00034603845065170097 0.0009127309573249048 0.9999995235898979 14.569612523551973
0.99998315962266 0.005800100525275068 0.00019822628117427974 -0.10211716511607608 -0.005800088540418906 0.9999831773741505 -6.287487321280376e-05 -0.2674201180991369 -0.00019858764428421806 6.172408133076372e-05 0.9999999783763879 15.90901793886379
0.9999915625202622 0.004087978582266506 0.0004041191212067444 -0.09851073206350405 -0.0040890603850083 0.9999879603368458 0.002712705979694822 -0.29550959025961615 -0.00039302480308123135 -0.0027143356150914877 0.9999962389497243 17.26101018463545
0.9999998222664853 -0.00014984981785970755 0.0005770728964979814 -0.09902453730759281 0.00014699034858431728 0.9999877279287585 0.00495200811061655 -0.3193828976318905 -0.000577807916930921 -0.004951922503348098 0.9999875722236865 18.616049269270704
0.9999971182107319 -0.0023936445670462107 0.00018449857016193216 -0.09425013874958757 0.002393044823068376 0.9999920616195543 0.003185911204960888 -0.35013443689026863 -0.0001921230580727649 -0.0031854605712834357 0.9999949079520444 19.962351097520386
0.9999935661509008 -0.0035723103771682033 0.00032597676344945964 -0.09663602982236062 0.00357213038146764 0.9999934676756537 0.0005518020431039589 -0.3572074908673631 -0.00032794586924817285 -0.0005506340692438556 0.9999997946265866 21.304554663633795
0.9999986217403707 -0.0014954285380473359 0.0007212587581346501 -0.10545187230105747 0.0014957491443818582 0.9999987827791449 -0.00044404109160421174 -0.4054402278826841 -0.0007205939096393726 0.00044511931227503374 0.9999996413059856 22.662528935084456
0.9999975686541505 0.0014445999748976378 0.001666078188464379 -0.1162521723493739 -0.001446460563746547 0.9999983311164712 0.0011160279662914743 -0.4036406052548668 -0.001664463333849594 -0.001118435191032693 0.9999979893291745 24.026262587595866
0.9999954684052209 0.0018418753960242236 0.002381315602196855 -0.12910838873886496 -0.0018566211084470345 0.9999790258952741 0.006204895585615732 -0.4283068127169939 -0.0023698372070762646 -0.006209288790220539 0.9999779140574818 25.41525048417832
0.999996543439619 -0.000649716898577412 0.0025477404005906906 -0.11769874370714783 0.0006322620874990772 0.999976366369768 0.0068459435962351725 -0.4342504269061017 -0.0025521283235581463 -0.006844309225477965 0.9999733206794611 26.784250412248316
0.9999876317795043 -0.004338035480605278 0.0024326416205976567 -0.12675742209366286 0.004324348887134085 0.9999749491964904 0.0056036576460416505 -0.4657394604673897 -0.002456889749448372 -0.0055930688526006035 0.9999813404617443 28.157841536383795
0.9999858875766089 -0.0046304954164200565 0.0026044518392335193 -0.1289190198955431 0.004621633177807727 0.9999835447731931 0.0033986295485598167 -0.4816059966901486 -0.0026201465392861694 -0.003386544825701165 0.9999908330297302 29.5152359650447
0.9999855015218417 -0.0045060610539598075 0.0029482485797541896 -0.12943308308138946 0.004502494841274367 0.9999891253231563 0.0012152240262036985 -0.5259872559917572 -0.002953692640481276 -0.0012019319511201061 0.999994915514959 30.91227437417181
0.9999920342697908 -0.0017840730909015282 0.003570502381947403 -0.14010204355223246 0.0017823484671608773 0.9999982934306026 0.0004861759556780258 -0.5253501990611069 -0.0035713639633742226 -0.0004798082086684733 0.9999935075485239 32.289029106963326
0.9999912110301294 -0.0005653101849798486 0.0041543101343179045 -0.13830922466387263 0.0005705006777666846 0.9999990580921531 -0.0012483360974383517 -0.5644419918407131 -0.004153600876222723 0.001250695191061383 0.9999905916338756 33.66855418133641
0.9999900327972335 -0.0005384572737159709 0.0044321976418190984 -0.15573070904318115 0.0005439564959942352 0.9999990837207019 -0.0012396242805290671 -0.5697896549794308 -0.004431526471451602 0.001242022876140163 0.9999894094174465 35.06144833004589
0.9999920374373623 -0.0003356616101520774 0.003976480661113206 -0.1494911384414273 0.000333784797029368 0.9999998326001346 0.0004726381360901005 -0.6128906596279631 -0.003976638977580524 -0.00047130708968474755 0.9999919820715473 36.45458051181598
0.9999927100179146 0.0006690447674113816 0.0037592942914781075 -0.15986590090115138 -0.0006776281161247543 0.9999971657016475 0.0022824130929388104 -0.628464175183571 -0.00375775691572841 -0.0022849439001862014 0.999990329098323 37.85780716827121
0.9999907212149411 0.003066952025800781 0.003025109510334389 -0.15040918347222615 -0.0030738959690223807 0.9999926457212313 0.0022933975265192114 -0.6474823005447863 -0.0030180537760278008 -0.002302675163783179 0.9999927944915642 39.26253754035986
0.9999736561137511 0.006281667555821108 0.0036369936600796748 -0.16802126719513552 -0.006289753001987741 0.9999777642739863 0.0022158468259350136 -0.678971387884626 -0.0036229938805319214 -0.002238664289695189 0.9999909311056223 40.6556455998077
0.9999596817841788 0.00825724304603181 0.0035288425656802933 -0.16802529291759766 -0.008266892894833953 0.9999621058174417 0.002728631221922843 -0.7011683822182451 -0.0035061781664847023 -0.002757693829737212 0.999990050868299 42.075066658664156
0.9999564855305424 0.00868759261273619 0.0033989358917500016 -0.17968375860828284 -0.0086973485778605 0.999958070333637 0.002865958969128434 -0.712489957490381 -0.0033738953748602514 -0.002895396049663878 0.9999901167051859 43.463922276103496
0.9999612462172504 0.008247417396341257 0.0030799603917922077 -0.1885952446334363 -0.008256719126191038 0.9999613538582994 0.003019502670483392 -0.7427212225987254 -0.00305493852057785 -0.00304481608505021 0.9999906981779048 44.8846307778317
0.9999665279295357 0.007843782847595461 0.002327676425302975 -0.18161902783972309 -0.007849273235024786 0.9999664118449979 0.0023588361180377276 -0.7704849123355778 -0.002309096238375035 -0.0023770277821523653 0.9999945088903355 46.27997370243627
0.9999700143321522 0.007628206346254484 0.0013344999814934972 -0.19366072189828556 -0.007632349398735391 0.9999659835115282 0.0031271517426556612 -0.8007217351562144 -0.0013106001364214992 -0.003137243409663076 0.999994219998206 47.71741424232447
0.9999725347297953 0.00740660833247253 0.00026818626535237626 -0.19462458586104597 -0.007407586693071822 0.9999651516464068 0.0038500866117953917 -0.8147178872765728 -0.0002396608535266294 -0.0038519675625349947 0.9999925524267776 49.1202728176613
0.9999646542986684 0.008389161173058622 -0.0005586672197878473 -0.21391957583389645 -0.008386906432746737 0.9999571309710661 0.003923778526528123 -0.8426915818857674 0.000591560533368311 -0.003918954432272508 0.9999921458961886 50.54573258691026
0.9999646155881518 0.008266841793621863 -0.0015578439999237989 -0.22735192269462767 -0.008260720861923974 0.9999582909708977 0.0038957446519973338 -0.8566601231147914 0.0015899846654579262 -0.0038827379730868635 0.9999911981103012 51.984145668552706
0.9999581991744758 0.008759394210396716 -0.0026216202980193144 -0.237901838924522 -0.008745536301750076 0.9999479656970746 0.00525181025383511 -0.880357372584588 0.0026674867892731023 -0.005228663360279537 0.999982772651433 53.400385399741616
0.9999732419298727 0.006378520428272652 -0.0035818824413402606 -0.2453122014398382 -0.006356212852038999 0.9999605460659856 0.006205230124650376 -0.8891462109934752 0.0036213216197320906 -0.006182297007141366 0.9999743322914445 54.847940649153365
0.9999750793749835 0.0058589932430697465 -0.003938630228243588 -0.25774403160724213 -0.005831330965708265 0.9999585067975616 0.006998590720943824 -0.927455962235906 0.003979471839181324 -0.006975449000484461 0.9999677529423141 56.24559622729731
0.9999832641755135 0.003943854262302368 -0.004232891095108388 -0.27635727492218415 -0.003916344586321379 0.9999712848346165 0.006487816035442749 -0.9458021177435415 0.004258356912721491 -0.006471130130395578 0.9999699949903678 57.667623422023524
0.9999879855031246 0.0020826106954398536 -0.004437518446813092 -0.28426753926328074 -0.002053810735154274 0.9999768641142176 0.006484836131318272 -0.9599569018362608 0.004450921551233393 -0.006475644529099689 0.9999691271911922 59.1282856327424
0.9999907916920595 0.001738124449537727 -0.0039237028625128826 -0.29890934397812663 -0.0017090010807565758 0.9999710582383942 0.007413636203541714 -0.9866424289698469 0.003936475464541164 -0.007406862474584034 0.99996482066054 60.513716503410265
0.9999946477692458 0.00025931818715962084 -0.003261469089315205 -0.31994330166218776 -0.00023133351593180793 0.9999631828686766 0.008577842952522072 -1.0081542853746424 0.003263573684797596 -0.008577042726719823 0.9999578908301184 61.96934829319051
0.9999936551271493 -0.0012017756016917368 -0.003353421629292974 -0.30968881148597927 0.0012300297103845 0.9999636587299232 0.008436127188866025 -1.0375581969456564 0.0033431617193121115 -0.0084401986391003 0.9999587923136156 63.38726542550552
0.9999921715841403 -0.0027644629430907 -0.0028309917100172548 -0.32033924110983775 0.0027847602781618103 0.9999702671689158 0.007190958373577638 -1.0511081476419615 0.00281102864225359 -0.007198785855083198 0.9999701373577031 64.7951955008071
0.9999922954502547 -0.0033867089975796218 -0.001984752803770042 -0.3358010687707567 0.0034004812953854716 0.9999698777011062 0.006977134852039911 -1.059317132640159 0.0019610636646962714 -0.006983830347794344 0.9999736898280029 66.2469563265773
0.9999975417713685 -0.0017923433617050132 -0.0013053570620893342 -0.34243754809739035 0.0018011783460413749 0.9999752662281641 0.006798726641510948 -1.0782882496177653 0.0012931392380418397 -0.006801061243286968 0.9999760363932939 67.62296312773336
0.999998891914838 0.0014104728966063199 -0.0004761639755537937 -0.3719396525918969 -0.0014063884553853203 0.9999631228099402 0.008472018150622134 -1.1058670397714663 0.00048809601596526333 -0.008471339259830415 0.9999639984403224 69.07883308301035
0.9999876363849973 0.00496776581716776 0.0002199331271813599 -0.3798282055267618 -0.004969646139068656 0.9999417102130953 0.009585342971003115 -1.1262313950394436 -0.00017230257529052295 -0.009586317643935952 0.999954035357973 70.45006452212515
0.9999658225670452 0.008180890771684246 0.001194448847841294 -0.40185170664499836 -0.008193015381340525 0.9999110433654196 0.010525201603018567 -1.1439386012499009 -0.001108237154679887 -0.010534628229426302 0.9999438951363597 71.88814045191023
0.9999226437498407 0.012330170475378991 0.0016350488477706187 -0.40824063201255445 -0.012346320334762703 0.9998710928321618 0.010264800003935802 -1.1554638047278176 -0.0015082714642184727 -0.010284193005251754 0.9999459787872306 73.2615990030218
0.9998604367149494 0.016527073796643907 0.002441901420379298 -0.41828328318505614 -0.016550673136347865 0.9998131973653507 0.0099822659713819 -1.1807830591678796 -0.002276467805670066 -0.010021288134116214 0.9999471943451369 74.66690190661576
0.9998155749640479 0.018935425846117973 0.0032040064482190917 -0.4271231556189 -0.018965826815971153 0.9997726917392972 0.009739728756318 -1.1878803988302495 -0.0030188524877830967 -0.009798699343087133 0.9999474346285192 76.07075092547709
0.9998256114633329 0.01833278122753906 0.003557491699809375 -0.42904381808939773 -0.01836733853452212 0.9997819241018719 0.009937060052942136 -1.1981473451180624 -0.003374542226803886 -0.01000066900637496 0.9999442979902666 77.46628313903757
0.9998443154804267 0.0172829938357801 0.003555683118156611 -0.43132297778272277 -0.01731946550449181 0.9997949195452487 0.010495475687178114 -1.2300524282957415 -0.0033735609530417955 -0.010555424453737779 0.9999385991651976 78.86563815397007
0.9998598956380975 0.01639487996141577 0.003375939235978105 -0.43838088570660266 -0.016425948709718988 0.9998209888811468 0.009390337729844662 -1.2392828581470134 -0.0032213817110277798 -0.0094444753033927 0.9999502110530526 80.25167522609149
0.9998750185800963 0.015481585065756885 0.003204326233583578 -0.4435776866438432 -0.01551151556451451 0.9998342119259072 0.00953632974035479 -1.258491534424807 -0.003056157745879047 -0.009584842030856456 0.9999493940706418 81.6536633559602
0.9998766651778338 0.015404800231293616 0.003057208878566956 -0.46063978188935784 -0.015434731086345512 0.9998306648968002 0.010020511229358684 -1.2744112870893884 -0.0029023274501507406 -0.01006646275614984 0.999945119905352 83.01403011064069
0.9998860433880211 0.014874219726676983 0.0025802694069093452 -0.4629756049490309 -0.014897619062259535 0.9998457805039259 0.009299257509148284 -1.2861978449507832 -0.002441552479263351 -0.009336637861400645 0.9999534319230289 84.38694260099024
0.9998867404484738 0.014928780317817372 0.0019072905972525448 -0.4724327262244478 -0.01494613974447751 0.9998437713536483 0.009436409677537515 -1.293836817670616 -0.0017661186792676967 -0.009463847742337989 0.9999536571318176 85.78451457665138
0.9998962153399982 0.014391738097924826 0.000660596246153289 -0.4784081295735591 -0.014397673767659724 0.9998454474290182 0.010089017732973313 -1.310589178068981 -0.0005152956846887007 -0.010097481906566052 0.9999488863597492 87.17847450840473
0.9999161014846312 0.012951389354860619 -0.00022687718725746095 -0.4896696973742681 -0.012947945594810328 0.9998506621019666 0.011445707785492556 -1.3325476983840854 0.00037508116401476226 -0.011441810149865008 0.9999344700025766 88.5494031950582
0.9999430157838785 0.01057446659389903 -0.0014648598635668936 -0.4947691971108561 -0.010555140762187583 0.999864572352956 0.012626399972838142 -1.3527382979473233 0.001598179070345697 -0.012610218923219155 0.9999192108415064 89.92326535534633
0.9999621243140553 0.008386022191128951 -0.0023290656721481574 -0.4987648176332502 -0.008355537340263407 0.9998831129322122 0.0128041197175175 -1.3662573813030519 0.0024361692822588233 -0.012784174417884948 0.9999153114003761 91.30315540362373
0.9999697737129689 0.007235415954210963 -0.002846119497821068 -0.5050082120744452 -0.007200259257902674 0.9998999601541168 0.012174808449860807 -1.3760870026739227 0.002933924833070177 -0.012153947899820916 0.9999218337676966 92.66605965947228
0.9999763294396631 0.006160128545063214 -0.0030648586783981902 -0.5252916650457787 -0.006123204821873557 0.9999102713083706 0.01191451646543041 -1.3920310835461338 0.0031379789000292244 -0.011895467926437463 0.9999243226071298 94.01265221013911
0.9999771842087841 0.005832882226747361 -0.003407129129907637 -0.538469801662496 -0.005793651378121411 0.999918085045834 0.011413010530711054 -1.3961943737943383 0.0034734210837342547 -0.011393010647311559 0.9999290648165323 95.37544258413915
0.9999753759933595 0.0061722348806059705 -0.0033392970744703133 -0.5609800104210074 -0.006135485529188873 0.9999217070319368 0.010905761420589176 -1.4138463567969193 0.003406348848306976 -0.010885004890207089 0.9999349546176121 96.72714125035135
0.9999734951164804 0.006488105890434213 -0.003303562807065598 -0.5706299527333645 -0.0064544386521009755 0.999928142600841 0.010101973383751588 -1.4230275513621533 0.0033688683870908833 -0.010080383195042486 0.9999435167098032 98.078440878191
0.9999627027254773 0.008141717555920244 -0.0028819386776049952 -0.5855076041305379 -0.008111280037038216 0.9999128084141172 0.010420303226862538 -1.4399675195855492 0.0029665268211129018 -0.010396538579849991 0.9999415541485652 99.42871054294287
0.9999569822209657 0.008846813508178177 -0.002787036759919324 -0.5999629505773134 -0.008813107208471296 0.999890558250347 0.011882789149330253 -1.4511553352502065 0.0028918568147160806 -0.011857715767213076 0.9999255131011063 100.77589735820531
0.9999494937479609 0.009728623310342223 -0.0025226603655062723 -0.6193425459973085 -0.009693364599031288 0.9998600994828845 0.013631586884251744 -1.4686317180248682 0.002654924252680762 -0.013606445614996084 0.9999039033952938 102.09485245359011
0.9999591933162473 0.008688319710703215 -0.00247482920412885 -0.6260597688585122 -0.00865664443172012 0.9998839666854088 0.01253457963482842 -1.4854301535783412 0.002583446704688121 -0.012512644679127825 0.9999183764365999 103.44163984498094
0.9999550333768569 0.009157757619434272 -0.0024630621294768028 -0.6386950359451016 -0.009132701066554578 0.9999083030694492 0.009998961986583685 -1.4923801797508662 0.002554404567921507 -0.009976018162607398 0.9999469756375764 104.77873312346537
0.9999568707002001 0.008919565881840301 -0.0025880610011779167 -0.6511214363169391 -0.008897080530811228 0.999923665511766 0.008573512957144997 -1.501257935110123 0.002664335688042737 -0.00855011717790721 0.9999598976053478 106.1035759107035
0.999976000238009 0.006507528181431926 -0.002377184786839136 -0.6706634140220039 -0.006482925347493068 0.9999268117011453 0.010214838709284354 -1.5234450663003525 0.002443484369829999 -0.010199182652070121 0.9999450015201228 107.4528598779795
0.9999908366529879 0.003886358463787835 -0.0017952207730825866 -0.6786045593012562 -0.003864054133300007 0.9999173143086401 0.012265138972409 -1.533684171277055 0.0018427392260552669 -0.012258089998513657 0.999923168823233 108.77814707777686
0.9999964089176351 0.0025117788633101127 -0.0009344050377967138 -0.6910147765934074 -0.0024994302647373626 0.9999125021406667 0.012990031196467324 -1.5491538477299795 0.0009669514572020534 -0.012987649326656064 0.9999151893918334 110.12031334980564
0.9999989683851863 0.0013606928978186902 -0.0004601525225155787 -0.6978944002743129 -0.0013550201509084656 0.9999257341227644 0.012111571211565688 -1.5680229530075673 0.00047659852779855525 -0.012110935441280458 0.9999265463532135 111.4434358194751
0.9999958225086438 0.002842238924559812 0.0005259646271710751 -0.7199071188836108 -0.0028472201300628096 0.9999486564527159 0.00972511171544746 -1.5790219870137456 -0.0004982965656385036 -0.00972656881942929 0.9999525716562572 112.77859383830575
0.9999825171663891 0.005783876376896266 0.0012296852451842745 -0.719870411846256 -0.005792902241203157 0.9999553392466202 0.007467382756244647 -1.5977301284191094 -0.0011864400023749405 -0.007474375802428117 0.999971362623392 114.12640059720421
0.9999580813897108 0.00875932799852087 0.0026663871951966823 -0.7283699258191012 -0.00877869734095539 0.9999345188300789 0.0073411540088628565 -1.6067209359947157 -0.0026019092356661167 -0.007364253833807238 0.9999694984510384 115.43813784999494
0.9999416294566857 0.009910714630984276 0.0043029521884030576 -0.7360756070661483 -0.009951410838773664 0.9999049601043362 0.009541498857447874 -1.621129717176109 -0.0042079805124267 -0.00958376255308045 0.9999452206963269 116.79110663486017
0.9999411656839632 0.009399589925214105 0.005414135629838628 -0.7398703054998663 -0.009463200465978719 0.9998850584358158 0.0118455802057513 -1.629948613553537 -0.005302170163314826 -0.011896118567308763 0.9999151810794469 118.10360598793888
0.9999415989193677 0.00875292255151027 0.006339170646021972 -0.739490973126261 -0.008832469262895364 0.9998812156816203 0.012630994741985434 -1.6413118262886888 -0.006227860049841558 -0.012686247859802054 0.9999001314496058 119.461690297061
0.9999325193197465 0.009126753098809436 0.007187431468760689 -0.7380026544207816 -0.00921438626597489 0.9998824452211853 0.012255237245862098 -1.651595138975812 -0.007074736615827854 -0.012320638267996122 0.9998990698927558 120.80085195421739
0.9999050011256958 0.010784824572715866 0.008583487902589499 -0.7353437664828743 -0.010887072698090021 0.9998692556558242 0.011955888218775225 -1.6689530661423901 -0.0084534242083659 -0.01204820171849676 0.9998916843598223 122.11508062298353
0.9998747759735527 0.01258002137436545 0.009600802582356188 -0.7459121467253451 -0.012692592010538312 0.9998503408974883 0.011755591936754895 -1.6801815608957107 -0.009451480926937103 -0.011875979160364454 0.9998848086777545 123.46809306106941
0.9998455306212667 0.013878775875448175 0.010783990378016596 -0.74780566113992 -0.013994725919719921 0.9998442595489377 0.010751945171495218 -1.6904501803269465 -0.0106330879278567 -0.01090120353169994 0.9998840438768786 124.80369607010384
0.9998205655136821 0.014847645738947948 0.011763679686123052 -0.7392368163700277 -0.014971022603364727 0.9998331082759411 0.010470153415755409 -1.6991875274747903 -0.011606260269718349 -0.010644389235357928 0.9998759881592526 126.14151816670568
0.9998164932427902 0.014356659549372843 0.012683301437484161 -0.732172223749755 -0.01448318880044182 0.9998456940733584 0.009941092434120011 -1.7167558435734158 -0.012538624501591406 -0.010122963026125982 0.9998701458251713 127.4858954994396
0.9998124116161856 0.013695454592401865 0.0136958414267113 -0.7326610692707 -0.013844661856702398 0.9998451867091955 0.01085946515509604 -1.7271032588946775 -0.013544996953080106 -0.011047042556170599 0.9998472362849858 128.81743793655005
0.999807361994279 0.013148252835897007 0.014572656626176073 -0.7257296118379334 -0.013321190478884207 0.9998412342786687 0.011834363054623025 -1.7397282237881557 -0.01441474299950338 -0.0120262086765931 0.9998237772171701 130.1886583069482
0.9998240059794141 0.01150895581792851 0.014815565465276903 -0.7037590967369065 -0.011691709851916506 0.9998558947239755 0.01230827889964005 -1.7513306956298345 -0.014671776256600072 -0.01247933225169438 0.9998144854162769 131.51196643529718
0.9998392648141672 0.010270848686109484 0.014695379675663445 -0.6794753108530273 -0.010454426212523123 0.9998675889951064 0.012470343572860393 -1.7660038691922104 -0.014565354055116045 -0.012621971157134567 0.9998142509014024 132.865844585067
0.9998585655423253 0.008198621180315245 0.014684396784718747 -0.6773303083183984 -0.008392725732342602 0.9998775756670463 0.013205901930679506 -1.7643777190114445 -0.014574330091374143 -0.013327276532948566 0.9998049672827322 134.18621823879835
0.9998803962265895 0.006667452917952871 0.013954866696269413 -0.6563570779391108 -0.006854723031083895 0.9998865169833976 0.01341513830253731 -1.7848839569716881 -0.013863839414007841 -0.013509190807593073 0.99981263030658 135.52326787564184
0.9998954305151407 0.0064539118350832965 0.012941215144417116 -0.6575051502147358 -0.00662322418866488 0.999892474808787 0.01308326146083397 -1.7949351860024148 -0.012855386497965691 -0.013167606174102356 0.9998306622547823 136.87772673655377
0.999914973644127 0.004600674206091547 0.012201609580232326 -0.6640619295415507 -0.004779448389086697 0.9998810666081293 0.014663202740805814 -1.8115004903347327 -0.01213269879651912 -0.014720273229139862 0.999818039033006 138.20645944577447
0.9999343694590461 0.0036784421405902734 0.01085015381243951 -0.6328579129604702 -0.0038367392254696044 0.9998859829701275 0.014604810608578895 -1.8220547783022978 -0.010795194660028614 -0.014645481580377703 0.9998344731208265 139.5653612266947
0.9999505166230264 0.002605991715280566 0.009600683035514309 -0.6363336652195242 -0.002748342941873351 0.9998860454403985 0.014843946348137871 -1.8322012744775473 -0.009560906588842349 -0.014869598076288976 0.9998437298485555 140.915707608285
0.9999643487049152 0.002102206228174857 0.008178144733915066 -0.6329405439372628 -0.0022216588977617517 0.9998905844351929 0.014624752554649356 -1.8366798936396114 -0.008146506348444146 -0.01464240049487003 0.999859607415565 142.24517092082647
0.9999711933677365 0.0023078586311187123 0.0072309215037575335 -0.6283914338507415 -0.00240983643441745 0.9998973167549158 0.014126168379409465 -1.8393386971014314 -0.007197578406634726 -0.014143187064830951 0.9998740746332886 143.59606404809452
0.9999794572083532 -0.0003508401466251129 0.006400162449520262 -0.632947115737718 0.00027346277846979766 0.9999269147836197 0.012086782221613265 -1.8483498748282965 -0.006403935752096976 -0.012084783951863564 0.9999064694268985 144.94613760894245
0.999979719678409 -0.0038983907904017387 0.005036148534956394 -0.636973218484728 0.0038433794293335176 0.9999333460776823 0.01088723231183641 -1.872266701970865 -0.005078255962170359 -0.010867655892661459 0.9999280500965515 146.25740769835141
0.9999100498741205 -0.012744994993447094 0.004178190816033965 -0.637816940756436 0.012685229414551859 0.9998210820921221 0.01403170492565121 -1.875080631869038 -0.004356277627824045 -0.013977441725179902 0.9998928212406678 147.64974272223864
0.9998094971231472 -0.019361325851177412 0.0024715448877529666 -0.6181387033175891 0.01932058737553568 0.9996922266617149 0.015561710765408491 -1.8939794722730248 -0.002772079785348119 -0.01551099480443167 0.9998758546024666 148.95930324354177
0.9997396180108574 -0.022783115319270908 0.001275084744969015 -0.6098030329670175 0.022765357254397742 0.9996621765086859 0.01254078782153374 -1.900499771700553 -0.0015603723265302891 -0.012508494894348823 0.9999205482418283 150.26924048358188
0.9997365655785231 -0.022897071529286564 0.0015885736207978624 -0.6154771025570343 0.022882128805872107 0.9996988926920823 0.008861835351669765 -1.9031967331062618 -0.0017910055100577309 -0.008823151047922797 0.9999594713312524 151.6574114702349
0.9998252368191999 -0.01854613954066308 0.002352985040318156 -0.6244363194053861 0.018529364176492955 0.9998040781660101 0.006961891713333337 -1.9259199915718013 -0.0024816404570812776 -0.006917075834404985 0.9999729973959862 152.97814955960675
0.99979817530866 -0.019772758033649092 0.003556219965289101 -0.6399568628027361 0.019746357369223602 0.999778282988629 0.007312060330121768 -1.9363009863335958 -0.0037000113957874285 -0.007240362310052786 0.9999669429869917 154.33235353851512
0.9997764838133226 -0.020801247191124556 0.00378028300020687 -0.6313387884422381 0.02076012903528559 0.9997281938780591 0.010609212910811692 -1.95776393653381 -0.003999940684340663 -0.010528362605467469 0.9999365750157034 155.6787333775563
0.9996252399350698 -0.027030557778193687 0.0043276590255675014 -0.6273514676501043 0.026968511845967994 0.9995409469543817 0.013805604968923515 -1.9707848350807595 -0.0046988459872135575 -0.01368372090101887 0.9998953328367912 157.01998647605728
0.9995073033438604 -0.031072492584930833 0.0044329177715142064 -0.6214686675456302 0.03100331804899637 0.9994081770198795 0.014902683715639173 -1.9715006351065663 -0.004893358197297864 -0.014757906316782723 0.999879122317992 158.36552468065966
0.9994443896139257 -0.033088142809272955 0.004010843097826091 -0.6032856024973801 0.0330230940362181 0.999337095969923 0.015324617114549945 -1.9874841166167339 -0.004515247780015365 -0.015183652419627786 0.9998745267472204 159.71764499719936
0.9994750819195984 -0.031995583603295165 0.005083624988629921 -0.6071258892696423 0.03191282343736985 0.9993688588583861 0.015603065477234862 -1.9824009620757297 -0.005579646146207893 -0.0154326425945406 0.9998653414796209 161.0720634984124
0.999600544824492 -0.027592333922559966 0.0061166900414445025 -0.5988104181245697 0.02749536432898933 0.9995031756969245 0.0154080079935275 -1.9980609997614558 -0.006538794560942878 -0.015233672837641368 0.9998625802467243 162.4175020283005
0.9996757373903037 -0.024364901339771206 0.007400788049483736 -0.6107709585121659 0.0242659703225365 0.9996187083155531 0.013175760464485124 -2.0016068051037124 -0.007718992934280593 -0.012991900985988068 0.9998858073075078 163.76220849831768
0.9997218216672278 -0.022153241928630905 0.008094020356569972 -0.6102502260119302 0.0220515275026852 0.9996793491467348 0.01244704847249897 -2.0108688518033553 -0.008367168173639056 -0.012265100678791838 0.9998897728248116 165.12241678496738
0.9997676405262246 -0.019868990489073438 0.00835991550396531 -0.6059400455100976 0.019750428194139774 0.9997064454960272 0.014033652683329323 -2.017070361671685 -0.008636296641952044 -0.013865280171356987 0.9998665752912383 166.47082092748153
0.9997636582942768 -0.020242189520539952 0.007929774945830017 -0.5927817162670768 0.020129503937962465 0.9996987727025728 0.014041613736911943 -2.0158825293729348 -0.00821161996880366 -0.013878672933346032 0.9998699674126176 167.7983378428292
0.999821941972511 -0.01725828188491013 0.0076312562701144615 -0.5977326423225153 0.01716663307820849 0.9997816280298246 0.01191649906052935 -2.029675771492237 -0.007835248768849229 -0.011783374468561926 0.9998998754676558 169.19086741675048
0.9998749199248571 -0.014113448549624168 0.0071382835467233285 -0.5952044159816232 0.014047246828602575 0.9998586299448469 0.009240939808540724 -2.0458980242431637 -0.007267696541471667 -0.00913951088360339 0.9999318226378726 170.56566288185635
0.9999294702765626 -0.009530091445943108 0.0070874428184294755 -0.5983992412006538 0.00947466206538652 0.9999245851646079 0.00781375392407169 -2.046691397955955 -0.0071613747077673914 -0.007746051836105174 0.9999443551462027 171.91593445263723
0.9999656998352137 -0.003920751596873549 0.007295674886404292 -0.6038442516198745 0.003857188444027446 0.9999546606507388 0.008706246736743141 -2.0641119561239334 -0.0073294797481492525 -0.008677807480251005 0.9999354851088281 173.28334253022462
0.9999654740875253 -0.0008942080017925753 0.00826141835561632 -0.6165938216020561 0.0008038243164493874 0.9999398627110526 0.0109373133255542 -2.0812444913308337 -0.008270702459444744 -0.010930295183883752 0.9999060576498285 174.65520896936434
0.9999651570857702 -2.1630154071909657e-05 0.008347703486307579 -0.6147679242162133 -8.951884620693462e-05 0.9999113565509955 0.013314316414152426 -2.091899589095444 -0.008347252202443603 -0.01331460003696632 0.9998765147780723 176.0436804248286
0.9999683544755349 -0.002691329265992557 0.007486441405172836 -0.6099069865846243 0.002581407311296059 0.9998892930395877 0.014653941147814124 -2.097099617957359 -0.007525051808597581 -0.014634152141829953 0.9998645984260323 177.42821687364773
0.9999724857757368 -0.004550018864781886 0.0058587568613768385 -0.600024798803533 0.004463479923326201 0.9998819833281483 0.014700229611316744 -2.098905669739279 -0.005924952240977593 -0.01467367498318314 0.9998747812618386 178.83749966953744
0.9999682148910026 -0.006979578453180866 0.0038541802201739785 -0.6059547819468188 0.006937409712636719 0.9999170906882566 0.01084822954084222 -2.1024577216291767 -0.003929577064735911 -0.010821146906130593 0.9999337284053963 180.1766830389463
0.9999858760835497 -0.004823257151171363 0.0022324500464848854 -0.6093877744440082 0.004808081306577347 0.9999656313161731 0.006754149280850042 -2.1177813026571903 -0.0022649505045369295 -0.006743320211846559 0.9999746984951571 181.59705935283552
0.9999984005327229 -0.0006187223881339438 0.0016781292905950567 -0.6352015108095699 0.0006075962903601025 0.9999778863343232 0.006622512089037467 -2.14427865464788 -0.001682189814246037 -0.006621482000078587 0.9999766628341661 182.98970224636028
0.9999954070536318 0.0026198973515559974 0.0015238132878688851 -0.6541675786961196 -0.0026313320707521013 0.999968029157698 0.007550944083945723 -2.1494990626423243 -0.0015039819930149291 -0.007554919211325403 0.9999703301767958 184.32257647897777
0.9999843755205744 0.005114553788684821 0.002256113311301748 -0.6638841481491913 -0.0051378007819036856 0.9999324974611932 0.010421301770299811 -2.1558008748564434 -0.002202660887504533 -0.010432730611368766 0.9999431515929091 185.77064576014848
0.9999705195263201 0.00721013504378907 0.0026408368485248885 -0.6765250007602246 -0.007243114001186725 0.9998931330251736 0.012698812496460352 -2.1778549445669633 -0.0025489946828772553 -0.012717566265910998 0.9999158795298123 187.13532382429
0.9999792774558685 0.005822899959601816 0.0027456304906224175 -0.6781009579690163 -0.0058583284893617945 0.9998973308467136 0.013076993516531476 -2.1721606442357873 -0.002669202789408515 -0.013092807593621835 0.999910722888494 188.58893041152473
0.9999916350861254 0.003101152676271076 0.002666947256171031 -0.6797978957152309 -0.003138362052817008 0.9998961881404611 0.01406284557554101 -2.1747381259546983 -0.002623059574727704 -0.014071098064690377 0.9998975566326932 189.99619219407302
0.9999953893869883 0.000823021081775858 0.002922985363358179 -0.691476388303295 -0.0008656354614713152 0.9998929252831057 0.014607828014463291 -2.184904394382308 -0.002910650069337088 -0.01461029118942981 0.9998890275975153 191.3608289126923
0.9999949766356931 -0.0006744828175317252 0.0030970601073153498 -0.6810813733069865 0.0006285524762830678 0.9998901665857496 0.014807419748268694 -2.1956556477007783 -0.003106707547356923 -0.014805398989169164 0.9998855677182721 192.81485780667614
0.9999869146714431 -0.0036759928816795396 0.0035577481233040526 -0.6827295501031994 0.0036192605902078626 0.9998682521522899 0.015823377600233342 -2.201372244994618 -0.0036154463135834973 -0.015810294434424416 0.9998684729205082 194.18815931086516
0.9999541516470659 -0.008697070786927934 0.004006941172442932 -0.6801671321963179 0.008626338692958414 0.9998123686324528 0.01734398434792643 -2.2022697466581174 -0.0041570315409135165 -0.017308624254241466 0.9998415527564427 195.63777854310442
0.9999203219730887 -0.011969031489078963 0.004011484193142034 -0.6705142018850541 0.011894681303937792 0.9997659254126339 0.018072380080168978 -2.2162058503564928 -0.004226854434700434 -0.01802322512518125 0.9998286338475341 197.030754761528
0.9999292667345058 -0.011133697690220584 0.004183577243882763 -0.6734455379731108 0.01107590958310258 0.9998462865692752 0.0135914475026529 -2.2106093075223976 -0.004334257594072088 -0.013544149466803532 0.9998988800006882 198.46331512220743
0.9999838667719203 -0.003679879009505978 0.004327204237219488 -0.6863300543525839 0.003640443370048896 0.9999520919232449 0.009086309620835656 -2.2351181202147066 -0.004360433810125462 -0.009070410259762369 0.9999493558537952 199.8934566985985
0.9999720545331698 0.0050468780647830586 0.005515357696193756 -0.7041794335772981 -0.005090251119303247 0.9999560086791995 0.007878455275058495 -2.237876567723071 -0.005475353921847328 -0.007906309818872899 0.9999537543110972 201.33483329616746
0.9999034084330447 0.011998360497622245 0.007015206844099729 -0.7090427025499095 -0.01208061390309549 0.9998573695578116 0.011802513851513822 -2.251227576692824 -0.006872596018008186 -0.011886122071408498 0.9999057393193637 202.76524024295534
0.9998537070432085 0.015066258596382606 0.008097674448549627 -0.7135455666949119 -0.015183526763335127 0.9997778238012015 0.014620656054949678 -2.26515101810921 -0.00787559740762464 -0.014741468708335898 0.9998603222775987 204.20031903704253
0.9998824523013782 0.01333676892935488 0.00756387121854238 -0.7121191459134035 -0.013447856077466867 0.9997995807976205 0.0148308270429813 -2.26482760765245 -0.007364560571341293 -0.01493080186343162 0.9998614075974959 205.66769835093393
0.9999214827559115 0.010848942420744603 0.006271264031897668 -0.7020744608945024 -0.010943045088327063 0.9998250308493268 0.015170941634059092 -2.2783362414222803 -0.006105578586252271 -0.015238377482276574 0.9998652478019829 207.1137054642743
0.9999565464318321 0.007764798121433479 0.005158793207489754 -0.7005785721092488 -0.007840847772736607 0.9998584135349907 0.01488872055215623 -2.275539327612855 -0.005042455297393054 -0.014928523192431908 0.99987584871352 208.5545088978931
0.9999456927488107 0.009331469263387486 0.004640605449579133 -0.7058143154618504 -0.009397437690780507 0.9998521135611126 0.014402749286065556 -2.284316995898676 -0.00450552072437206 -0.014445577201099135 0.9998855062371416 210.02011659419904
0.9999385932547045 0.010188640277344879 0.0043590493065210675 -0.7096032535545256 -0.010250534340420045 0.9998434788512438 0.01442027605818826 -2.294320267744343 -0.004211444362522123 -0.014464073430035073 0.9998865207198369 211.46491018752693
0.9999266954063563 0.011237762422709756 0.004507381519348591 -0.7130880317331819 -0.011306679716443477 0.9998148913129141 0.015567341528622368 -2.299887178303896 -0.00433160543237654 -0.01561716420306746 0.9998686620643696 212.9266149109272
0.9999389864893156 0.010248113990267996 0.004123037684774108 -0.7208560035562157 -0.010310937155466859 0.9998264585459395 0.01551571406806883 -2.3072902016025045 -0.003963315683429768 -0.01555728009359206 0.9998711232788523 214.38257148232088
0.999943850645053 0.00981338332941287 0.003999130821780668 -0.7196041898257285 -0.009869426056651013 0.9998498479619888 0.014243453792323835 -2.3089776067672054 -0.0038587541873196453 -0.014282123443388728 0.9998905594950279 215.83945230994914
0.9999431023701613 0.010100207470716572 0.0034318817859934677 -0.7270934107736469 -0.01014739711058741 0.9998501836180123 0.014022862336343577 -2.316254416298709 -0.0032897340822422277 -0.014056889418146952 0.9998957853252257 217.31459508917024
0.9999506554255329 0.009514428941744176 0.0028569806248636524 -0.7225381094821036 -0.009554465242291149 0.9998514863605071 0.014342852989537126 -2.3251509863613 -0.002720092487548174 -0.014369442457927768 0.999893054392676 218.79706469050143
0.9999255782790456 0.011891793764228737 0.002724540219769268 -0.7336318749960522 -0.011929631521816562 0.9998262989713912 0.014319769527479018 -2.3450046003500473 -0.002553779423325196 -0.014351206876363033 0.9998937548932026 220.27028177978863
0.9999472488906581 0.009874852618016745 0.0028260755537864992 -0.7401415670096348 -0.009913275079924339 0.9998539595375112 0.013920725230345694 -2.3403108728109028 -0.0026881979389505326 -0.013948006841293987 0.9998991082600028 221.765940675298
0.9999291450696612 0.011683560655872019 0.00228018109939748 -0.7420327412496036 -0.011714547160387622 0.9998321760653733 0.0140850669539199 -2.3543520214199276 -0.002115234864422144 -0.01411078053185151 0.9998982006470315 223.24165383930426
0.9999358046823112 0.011174823306215526 0.0018734499472320596 -0.7470071604592524 -0.011199902617356122 0.9998398587467537 0.013957759957161479 -2.3591511602324995 -0.0017171745638615466 -0.013977846673954644 0.9999008306413174 224.7342143862479
0.9999280317311832 0.011907264870453429 0.0014657336055239245 -0.7656192355351524 -0.011926789288980517 0.999829139052184 0.014122479313253921 -2.36775661144465 -0.001297323166036694 -0.014138944725471765 0.9998991985188453 226.2136132565129
0.9999452172433335 0.010359139684682656 0.0015002384704257134 -0.7700923918487916 -0.010379899460436454 0.9998400844191588 0.01456239311976184 -2.37524239419713 -0.0013491447973409962 -0.014577167970359947 0.9998928372513192 227.7194754283581
0.9999540100517292 0.009451291454369444 0.0016281438536906586 -0.7661193431595911 -0.009473016334693128 0.999858565938564 0.013896405871521937 -2.377812037783028 -0.0014965747124647461 -0.013911190490061355 0.9999021147326554 229.19346102715917
0.9999542100891889 0.009388853461484548 0.0018512528557762707 -0.7718049935282121 -0.009414591200555442 0.9998516756920866 0.014421931322151001 -2.391483424233174 -0.0017155730040743292 -0.014438700022424327 0.9998942847894328 230.69654040542454
0.9999768218903893 0.006487849575106637 0.0020648194596252748 -0.7743865069077016 -0.0065185192393009085 0.9998630682082638 0.01521031711300539 -2.391013751303448 -0.0019658546250333436 -0.01522342443539799 0.9998821844437198 232.21539074175934
0.9999742575502584 0.006901484749634795 0.001963092820040654 -0.7803074582656604 -0.006930599588615132 0.9998599617755534 0.015232322053101604 -2.3926903086004314 -0.0018576924187792448 -0.01524553565036501 0.999882054357239 233.70371351596552
0.9999755429052172 0.006714255402773978 0.0019576400654963645 -0.7839537303007611 -0.006743715051102113 0.999857876064165 0.015451536711109853 -2.392628507463783 -0.0018536164187325217 -0.015464360886616468 0.9998787014697077 235.18895708860234
0.9999637728944577 0.008063117747377849 0.0027274561559941846 -0.7973819772834982 -0.008102894906615065 0.9998561342976544 0.01490147014052925 -2.405032592471429 -0.002606911669015285 -0.014923030892173178 0.9998852469976071 236.7189522983948
0.9999582175172791 0.00868626847420938 0.002848147521947705 -0.7963555391537306 -0.008730282551211891 0.9998366880744812 0.01582338012846794 -2.4129513797733777 -0.002710236474323757 -0.015847584437772236 0.9998707459913169 238.19766157118465
0.9999567760217638 0.00874459443215151 0.003158819586582042 -0.7936854996663556 -0.008800344702939195 0.9997976571477448 0.018088634696733868 -2.41585791092809 -0.0030000028872359166 -0.018115651896506282 0.9998313973585923 239.70053871110514
0.9999559770856307 0.008262373177123588 0.004447141493882739 -0.8108839981281861 -0.008344986291390334 0.9997867385954146 0.018890170481123708 -2.414914740678363 -0.004290115800168734 -0.01892645059143798 0.9998116744561961 241.24690116536135
0.9999422218201203 0.0097492473670835 0.004528264610892295 -0.8085321155301433 -0.009826387283563331 0.9998014113207586 0.017337244524203606 -2.4253717234498415 -0.004358340618187419 -0.017380739638047777 0.9998394444908649 242.73171866160578
0.9999428255334158 0.009302716769249044 0.005273055085088301 -0.8051533182896013 -0.009386460808654651 0.9998265588959453 0.016085598940036968 -2.4217659438277184 -0.0051225011700528535 -0.016134174900350216 0.9998567139263496 244.27752751157246
0.9999403992231956 0.00960814767913173 0.005184735632042821 -0.8029085835565023 -0.00969183112094182 0.9998191275455925 0.01636400371607361 -2.4177663135827125 -0.005026570504008695 -0.016413278317660415 0.9998526580880142 245.77831266049006
0.9999418094210951 0.00930959165398277 0.005450620144909019 -0.8105944072844073 -0.009404827141596198 0.9997988351802188 0.017715485060127056 -2.420866483914615 -0.005284600172884289 -0.017765716679057828 0.9998282114016532 247.289605621405
0.9999345061095092 0.010023148878390939 0.005524487410051673 -0.8179923621331124 -0.010123866451824406 0.9997773266630083 0.01851497859042586 -2.430802637318709 -0.005337679303855029 -0.018569695514534083 0.999813320371121 248.82712137984257
0.9999398365807883 0.00976984251090282 0.00498732188068483 -0.8154629913616207 -0.009861265385166525 0.9997774814383924 0.01864787029130398 -2.4299416650668806 -0.004804025744611404 -0.018695930048355614 0.9998136744114555 250.33972564883004
0.9999251756776693 0.010992077248345012 0.005368171365302796 -0.819698253475108 -0.011091923199035965 0.9997591298158085 0.01893809931739106 -2.435735106933436 -0.005158709703578053 -0.018996226010075886 0.9998062467875655 251.8887777045993
0.9999048369969029 0.012731466712992986 0.005312878697210265 -0.8190587391908595 -0.01282900656294618 0.9997419389114173 0.018747591684235364 -2.4291715793019697 -0.005072823724796949 -0.018813966939224533 0.999810132530791 253.413722811642
0.9998995975444323 0.012998840633277074 0.005641360341989221 -0.8266322734832906 -0.013103862820948192 0.9997336701466464 0.01899677806034297 -2.421819231493335 -0.005392922229950967 -0.01906879473062974 0.9998036294498633 254.94726825387767
0.9999128667301445 0.012035304011547105 0.005423133936296874 -0.8163278252052514 -0.012139225782581458 0.9997350771756426 0.019555425865212944 -2.4307901642133487 -0.00518634215220744 -0.019619554976007654 0.9997940662566606 256.4817635262866
0.9999365499513106 0.009802530922571035 0.005550355185949901 -0.8249265851411243 -0.00991390734650619 0.9997425867093013 0.020407713545249548 -2.4194092149205666 -0.005348879643835642 -0.020461444788326965 0.9997763343712415 258.0175237155576
0.9999593811014733 0.007134038446309659 0.0055083240247529525 -0.811401454930143 -0.007250566368539104 0.9997439975489028 0.021432887236487976 -2.4313932258406563 -0.005354011274370834 -0.021471955549446916 0.9997551148627261 259.53848275036455
0.9999680117814767 0.006049503149547534 0.005232486877318468 -0.8064796190194796 -0.006158105440319018 0.9997606274786986 0.02099441548462662 -2.427149268188634 -0.005104228995953873 -0.021025966531474042 0.9997659003904565 261.11162183232875
0.9999698032969445 0.005915571650761394 0.005039692449553334 -0.8017860914548414 -0.006012916320300434 0.9997912982202419 0.019524467782882502 -2.432138467449013 -0.00492314266932854 -0.019554181843234375 0.9997966776516268 262.6146296509686
0.999980237492384 0.002628193710138285 0.005711149075152534 -0.8048362604915891 -0.002749771220835249 0.9997675292762588 0.021385185434075606 -2.4188881429072344 -0.0056536174510652066 -0.021400467581756063 0.9997549982884633 264.1613264119786
0.9999823954424691 0.0013628028317819616 0.005775082446850052 -0.7936763130349853 -0.0015013778819469564 0.9997094052471719 0.024059320702725887 -2.429769585140378 -0.005740616593674882 -0.024067568200815986 0.9996938518818963 265.7032738147706
0.9999801988159684 -0.0002000460232850238 0.006289830218335747 -0.7923755497048162 5.432697897869883e-05 0.9997317917815742 0.02315904868506658 -2.4143615453688474 -0.006292776622917915 -0.023158248852172488 0.9997120067697742 267.2622552811982
0.99997812180268 -0.0002407625961596098 0.00661044296352932 -0.7901881053215412 9.474418609983423e-05 0.9997561918210223 0.02208048745667994 -2.420133114576726 -0.0066141479801143715 -0.02207937850398812 0.9997343417614998 268.75512835267074
0.9999733894663033 0.000772720278020278 0.0072541896865319444 -0.7902231533110698 -0.0009316820748177454 0.9997589570586825 0.021935353622450658 -2.419032021260499 -0.00723549181661249 -0.02194152893664331 0.9997330728607691 270.34132688213884
0.9999625842479911 0.002502982499521538 0.008280409717418986 -0.7986971227507056 -0.002685444554133087 0.9997521995847648 0.022098140308800574 -2.413594440751364 -0.008223047247267388 -0.02211955050263515 0.9997215147154689 271.859137473469
0.9999483427077167 0.004195256365848174 0.009258063462433824 -0.7914133237629251 -0.004396255597905225 0.9997527248388997 0.021798213455752023 -2.410980586587727 -0.009164325836695958 -0.021837788658557435 0.9997195237283077 273.3932932499883
0.9999309398031947 0.005160787445400739 0.0105584986554298 -0.779454149802224 -0.005388484491684973 0.999751053288944 0.02165169002263766 -2.4118122971867377 -0.010444131247357252 -0.021707089482211662 0.9997098190944106 274.96350869431006
0.9999178747010378 0.006218146244218113 0.011206181533266352 -0.7767724666434908 -0.006455749860748933 0.9997524366165829 0.02129292779594062 -2.4115607016563563 -0.01107100567284708 -0.02136352382956818 0.9997104744314134 276.4856045796574
0.999898757164204 0.007081851139203336 0.012341912216518917 -0.7713689434324881 -0.007335995439500111 0.9997594425838747 0.020669788079969376 -2.416233836494148 -0.012192563929862139 -0.020758236028377744 0.9997101765144684 278.0718520684262
0.9998844376412455 0.007538875680587356 0.013201390299610755 -0.7477815116921178 -0.007810445598218191 0.999756422680998 0.020642002152870646 -2.4294533417679345 -0.013042558338315885 -0.020742725859154213 0.9996997704316908 279.56037935089654
0.999877183401293 0.006685619452243782 0.014174646273207196 -0.7523091099404122 -0.006983168830179686 0.9997540970835387 0.021047107176306593 -2.4201033119358515 -0.014030448906301528 -0.021143506600651035 0.9996779974764165 281.105534111358
0.9998753563046127 0.0056881901280968995 0.014728080005358288 -0.7317137792537696 -0.006019253740479604 0.9997279909059988 0.0225324828269411 -2.4292504052252717 -0.014595906002935963 -0.02261832678394759 0.9996376197551342 282.6981417268942
0.9998770859917456 0.004189257665446485 0.015108375979767764 -0.730373861013612 -0.004538079260772367 0.9997222110262816 0.02312804817179641 -2.421339951255398 -0.015007290936286409 -0.023193768866518683 0.999618342325585 284.19477900551055
0.9998817119553788 0.0024009024615898175 0.015192029621515658 -0.7081717986849733 -0.002714023492680944 0.9997836204100472 0.02062392857577168 -2.4189539080979197 -0.015139227598406215 -0.0206627209336477 0.9996718740457954 285.781850232511
0.9998831689884786 0.0030607397633072592 0.01497598891693779 -0.6992810906467294 -0.0033301801114441346 0.9998324455850305 0.017999740362316573 -2.417970106640991 -0.014918388349202786 -0.018047510520789112 0.9997258269432945 287.31549703743605
0.999897170013311 0.0029901353431418106 0.014025280367977759 -0.6762294045624355 -0.0032518069880849744 0.9998203827999492 0.018671579621597014 -2.4222319112804196 -0.013966931801687222 -0.01871526748781165 0.9997272946073931 288.85834034983674
0.9999070510805215 0.001278743429218696 0.013574019954322673 -0.6568002307209384 -0.0015361610795132973 0.9998188631218982 0.018970533670016696 -2.4244233765146923 -0.013547303883089501 -0.018989622624783434 0.9997278953765829 290.42173436123187
0.9999210568169392 0.002293525938951737 0.012353941670707006 -0.6429777060698019 -0.002520318498676095 0.9998280123577072 0.01837372294359489 -2.4278003612911525 -0.012309677360827954 -0.01840340868560342 0.9997548631513509 291.96492451480003
0.9999180851231274 0.0031617496932500513 0.012402676435629001 -0.6386318701844557 -0.003392390667500641 0.9998208906018902 0.018619301770562625 -2.435364360020478 -0.012341586456192686 -0.01865985165669431 0.9997497162704679 293.55014616714556
0.9999248218775578 0.00284822181638551 0.0119263668689906 -0.6244341176222231 -0.0030726297039692626 0.9998177854274423 0.01884024643281826 -2.4224159314946108 -0.011870533498369067 -0.018875475732112065 0.9997513725188345 295.08553025357355
0.9999425679017832 0.0027851464334381418 0.010349099433650984 -0.609957681133824 -0.0029833516307991867 0.9998114790475082 0.01918608801652609 -2.430767597620357 -0.010293713201561338 -0.01921586149439719 0.9997623668343891 296.6721088552324
0.9999507843451528 0.0024551854518786026 0.009612541517738764 -0.5930218048284233 -0.0026518176725117727 0.9997864025008326 0.02049676147866914 -2.430789991224369 -0.009560165743866039 -0.02052124382316831 0.9997437080505888 298.2550905277112
0.9999547255077765 0.0035283550588888794 0.008837287232189257 -0.5869688467286424 -0.003720479351643706 0.999755016501297 0.0218189140055549 -2.427756238408181 -0.00875813808981371 -0.02185080553621757 0.999722880262197 299.81056931535795
0.9999494638256728 0.0028038116433544685 0.009654451659593364 -0.5803211423575407 -0.0030189470895279165 0.9997458384715063 0.02234154000778385 -2.4167467682753316 -0.009589357191964862 -0.022369557665797853 0.9997037796888176 301.41236243665617
0.9999366176221326 0.003984466540273204 0.01053018347570431 -0.5850724047181411 -0.004217588995015523 0.9997444359364658 0.02220978955993386 -2.4114882797088284 -0.010438999040396009 -0.022252794269748955 0.9996978745860368 302.9885445016634
0.9999329960493889 0.0035435194282722685 0.011020294087668542 -0.5695088054517905 -0.003783540570790149 0.9997544097571873 0.02183586468215901 -2.400528483949823 -0.010940212707400665 -0.021876097747719266 0.9997008292977524 304.5807213900286
0.9999334545724163 0.00040879887031270573 0.011529063973260503 -0.561912060875318 -0.0006506885316209807 0.9997795806590972 0.02098491579934328 -2.3969253657214686 -0.011517945091195698 -0.020991021583517098 0.9997133158853401 306.1690090961078
0.9999292059452712 -0.001676699188968768 0.011780143732048694 -0.549132203041424 0.0014516204181954859 0.99981672947372 0.019089270564694387 -2.3920032653313497 -0.011809992725941715 -0.019070819225638403 0.9997483823087494 307.7804782488501
0.99992981773175 -0.002305349594592134 0.011620885679983567 -0.5452215054381795 0.0020948634003487444 0.9998341226045038 0.018092507041702142 -2.3880723781846913 -0.011660668562207236 -0.018066893445262248 0.9997687813550141 309.38130391216146
0.999952025518996 -0.00159223630494593 0.009664960079569929 -0.5311223135057762 0.001420512754509818 0.9998414723265159 0.01774858723140087 -2.397262218218976 -0.0096916886655036 -0.017734006893496773 0.9997957672303511 310.96760860373655
0.9999749387763631 -0.0009185679029268083 0.007019833348589983 -0.5260204803684737 0.0007920415155298153 0.9998375703087388 0.018005711852271577 -2.391522912028721 -0.007035233168159976 -0.017999700955993295 0.9998132406913741 312.6033718398056
0.9999734424669549 0.0007649650318592039 0.007247702716216227 -0.531390485450425 -0.0009151648445418024 0.9997844183161977 0.02074317612327904 -2.375327020167205 -0.007230273034234627 -0.020749258482083466 0.999758566569293 314.21362738098566
0.9999694206721137 -0.0006603377870165236 0.007792411855859465 -0.5282775878889912 0.0004702895062169109 0.999703004698078 0.024365574273752525 -2.3874763859619 -0.007806187695599882 -0.02436116497463307 0.999672744993389 315.8514939174924
0.9999676742038566 -0.0012479003949168281 0.007943129150143518 -0.5227791319872573 0.0010497818784041008 0.9996894550289804 0.024897619257494483 -2.3650516121674974 -0.007971732853823889 -0.024888476352188094 0.9996584492858493 317.461945848971
0.9999631850206464 -0.0029280756402353166 0.00806566720578266 -0.5157831308244903 0.00273331374217072 0.9997069447582395 0.024053140743345743 -2.3739710018331293 -0.008133733603056196 -0.024030209693216228 0.9996781439079396 319.0996933723092
0.9999559150148026 -0.0037648068186493314 0.008601992133091763 -0.5170208728769649 0.003554726515554451 0.9996981863387884 0.024308437435891353 -2.371211672274341 -0.008690913220039061 -0.024276788537794247 0.9996674975077084 320.71807208475497
0.9999522750409482 -0.003876408003349858 0.008967781983171656 -0.5060069957110483 0.0036561540813922124 0.9996944178495458 0.024447974103450076 -2.3542350680018926 -0.0090598126572848 -0.024414020203036756 0.9996608802088307 322.3396418057378
0.9999505548243188 -0.003643962167768749 0.009252537936340713 -0.49600926692934905 0.0034172309002449153 0.9996963506139794 0.0244034645564319 -2.3572813994721993 -0.009338654479835042 -0.024370640334242223 0.9996593727014754 323.96948738239377
0.9999494259723639 -0.002538209474714073 0.009731546681598462 -0.4881236456437621 0.002305593629982415 0.999713117454458 0.02384044902592181 -2.3510115488123917 -0.009789267732263542 -0.02381680678586276 0.9996684100034978 325.6024899620175
0.9999435831570662 -0.0017280834154583553 0.01048066028941917 -0.48168976082980286 0.0014865469917300627 0.999734127588617 0.023010091197161322 -2.3395052788377235 -0.010517637998196338 -0.022993213489737794 0.999680294609599 327.21594772025844
0.9999303858555919 -0.0025604986256306875 0.011518129172981225 -0.4706273711191481 0.002277509334376369 0.9996968575495446 0.02451542245927657 -2.345318158845106 -0.011577410203123901 -0.024487483663664378 0.999633096053287 328.8480856599847
0.999925791578277 -0.0037922039762684125 0.011577155833933882 -0.4642086222875127 0.00349075074064969 0.99965718029484 0.02594872873013364 -2.3364030249910783 -0.011671590794332064 -0.025906390648826723 0.9995962349377682 330.4740650009619
0.9999303445332671 -0.004030508150226484 0.011093290662859799 -0.44751893922492036 0.0037570191803213086 0.9996911761550885 0.02456495683420773 -2.3322320212614756 -0.011188874974481124 -0.024521568515997207 0.9996366848823077 332.08708746278717
0.9999297670247819 -0.0034970527818560596 0.011323941496324623 -0.43243136463635734 0.0032117187915820036 0.9996793260491511 0.025118318256958642 -2.349293027012619 -0.011408151231693094 -0.02508018528939254 0.9996203471319399 333.7099995538637
0.9999332434551822 -0.0018442013696126115 0.011406470258620058 -0.44312257335627947 0.001574879122175488 0.9997208200561971 0.023575446664520952 -2.323587677338655 -0.011446764620202131 -0.023555909490837967 0.9996569865283887 335.29874560920246
0.99994526519712 -0.0002375579357753229 0.01045993227707286 -0.4259286252718018 2.4769805660926e-05 0.9997931490066996 0.020338598151895485 -2.329531759317368 -0.010462601092865988 -0.020337226224384476 0.999738431396761 336.9410369391971
0.9999538582549569 0.0008687426957737577 0.009566956287357039 -0.423231598907 -0.0010691851835156673 0.9997796093271543 0.02096639232127227 -2.319538574224236 -0.009546634209176397 -0.020975654149572674 0.9997344065863394 338.5285869602724
0.9999600165570562 0.0016021393083365237 0.008797638376441331 -0.4170384410345427 -0.0018150516548912192 0.9997043588730951 0.024246658034898432 -2.3194816920675523 -0.008756191629356305 -0.024261657210411337 0.9996672952063416 340.1377938520427
0.9999650512079007 0.002962521880708633 0.007817917133049681 -0.42252769987558636 -0.00317528865036195 0.9996210215482899 0.027344666902271136 -2.3140049795474584 -0.007733945768707019 -0.02736853591813086 0.9995954928549228 341.7539640911717
0.9999734292426741 0.0032485525227136545 0.006525926414946537 -0.42228535381977267 -0.0034212086275184064 0.9996397083001872 0.026622338546119825 -2.3017226618375854 -0.0064370916355838415 -0.026643958248566343 0.9996242610856757 343.3498144872087
0.9999834708772469 0.0032509339980726568 0.004742299001261373 -0.4118586278079409 -0.0033687094062370164 0.9996807196449677 0.025042175572440796 -2.297754432097019 -0.0046593747922258 -0.025057737567074908 0.9996751472477631 344.95841698266673
0.9999939907000607 0.002141434044748031 0.0027263205538239728 -0.41360091069827987 -0.0022119787256133045 0.9996558227024099 0.02614083537521542 -2.282841642314942 -0.002669403546071131 -0.026146709364968056 0.9996545522766851 346.5542629845536
0.9999986041087588 0.0004640946709907343 0.0016051162391160373 -0.41099196207330835 -0.0005079742818348406 0.9996231626644574 0.02744584866798247 -2.2914886694486727 -0.0015917740117872112 -0.027446626254353953 0.9996220030486572 348.15962842762104
0.9999988501328112 0.00020097792743920158 0.001503111010150966 -0.42672374956972786 -0.00024086866141796465 0.9996465044016423 0.02658586471661015 -2.2770350525916063 -0.0014972366002159367 -0.026586196721672783 0.9996454033515053 349.755453816205
0.9999993578905709 -0.00015747126652562032 0.0011222402205832737 -0.43162493565521026 0.00012837887547779113 0.9996651362736737 0.025876607600431725 -2.2689227011172948 -0.001125939319555004 -0.025876447421858486 0.9996645145970223 351.35770958144667
0.9999992142762718 -0.00023113522402537327 0.0012320817660466635 -0.43800901906707235 0.000199289970948157 0.9996675050908923 0.025784482386869447 -2.260129470287371 -0.0012376318910936662 -0.025784217092863368 0.9996667656929376 352.9576589547472
0.9999985825795557 -0.0008739231099474404 0.0014391319185163818 -0.44988801831855657 0.0008363757039295538 0.9996645135590841 0.025887463923191738 -2.250112997309934 -0.0014612728648755722 -0.025886224083149043 0.9996638275434979 354.539014779231
0.9999982652711417 -0.0013833364704077845 0.0012473326833243492 -0.4484060671063771 0.0013508597675160761 0.9996694982549567 0.02567234734277852 -2.2514796877479286 -0.0012824340197029325 -0.025670618340533496 0.9996696327945432 356.13616431561275
0.9999975689086301 -0.0016920355064896624 0.001413929714946937 -0.4676519935817622 0.0016564314784897286 0.9996907197294042 0.024813728130247147 -2.237460100740024 -0.001455478226358955 -0.024811326214660548 0.9996910921319536 357.7379198567392
0.9999965166599941 -0.002211979923079985 0.0014400756962919838 -0.4827235059015631 0.0021751048959642062 0.9996819956952467 0.025123223966651703 -2.2344532190445077 -0.0014951899190456476 -0.025120004630418552 0.999683324752465 359.3148429782192
0.999996626326449 -0.0018732002386396725 0.0017995726964144237 -0.4849095678959202 0.0018286552957647532 0.9996995329293199 0.024443810319614158 -2.2204993956537153 -0.0018448202715194016 -0.02444043753481269 0.9996995857074947 360.9215857727272
0.9999944471875415 -0.002856775294072505 0.0017159357513071376 -0.4877518151357614 0.0028150707248337185 0.9997119672096453 0.023833966859425036 -2.2258881465830465 -0.0017835299245842979 -0.023829004499399915 0.9997144580216166 362.4831449381116
0.9999872705723036 -0.004825495945613465 0.0014742084833531503 -0.48993933928234856 0.004787151282007277 0.9996761896919956 0.024991977186498586 -2.216263237163276 -0.0015943299183457116 -0.024984602281346777 0.9996865647663478 364.07759151946124
0.9999713483585249 -0.007369754227014575 0.001728929014718647 -0.4886369643017543 0.007321169647941396 0.9996193476161777 0.026600006028500482 -2.2089507438170273 -0.0019243065413749874 -0.026586586628843393 0.9996446621027733 365.6821936267205
0.9999731301711288 -0.00715761667367985 0.0015834992423054582 -0.49841092825417155 0.007113798754207883 0.9996331291183844 0.026134288038343854 -2.2041980634719756 -0.0017699776464420445 -0.026122321627501704 0.9996571869928099 367.2771084814946
0.9999800890410019 -0.005938501252137565 0.002134416710096957 -0.5075491305593941 0.005883172664820474 0.99966874889259 0.025055553158119713 -2.2012182663275506 -0.0022825022883414398 -0.02504249762315901 0.9996837817573582 368.89469320358876
0.9999879834332979 -0.0042337998216345745 0.0024714240985921196 -0.5170721915815424 0.004167302692843485 0.9996449221203358 0.026318496245054092 -2.1840213767035954 -0.002581973992037757 -0.026307881327963363 0.9996505533455342 370.46700069297384
0.9999910914266981 -0.0031153812174974146 0.002848065172840632 -0.526803060957631 0.0030379261652379638 0.9996360090049661 0.026807097627946256 -2.1829833375942584 -0.0029305430571237336 -0.02679820712665569 0.9996365679716166 372.1052344805469
0.9999914305470354 -0.0026562139443658123 0.0031754319158825476 -0.5340802985835611 0.0025702838588684395 0.999638436430357 0.0267654633917128 -2.177094522733701 -0.003245378845057295 -0.02675707278763185 0.9996366972983207 373.6910693509023
0.9999896961066845 -0.0026997530399448643 0.0036495235811675472 -0.5354854497875029 0.0026024055205760115 0.9996475252173588 0.026420688698447856 -2.1582998420574815 -0.0037195668436976266 -0.026410919437630204 0.9996442508060479 375.2786267015009
0.9999889900325066 -0.002555114346461853 0.003935887815710427 -0.5436225213244056 0.0024508596743150323 0.9996519020891538 0.026269143795446762 -2.146332275444624 -0.004001638724463752 -0.026259208776643415 0.999647158178393 376.90843544758314
0.9999892191442326 -0.001980486871724847 0.004199913685942151 -0.5497165562722224 0.0018684625387520252 0.999646768312917 0.026511269850984603 -2.139845960984198 -0.004250935703050503 -0.026503137172810675 0.9996396917279285 378.5010582054711
0.9999903800809877 -0.0009277989409205538 0.004287066721299808 -0.5471065893701537 0.0008139886199503444 0.9996491897478639 0.02647328540867792 -2.12546765946071 -0.004310125003420785 -0.026469541631778424 0.9996403284183912 380.1238481873968
0.9999900997329902 0.00017659903167423913 0.004446262884057025 -0.5574624612974599 -0.0002954963877999338 0.999641989928491 0.026754525532039768 -2.1218470959428215 -0.0044399466075948305 -0.026755575033578397 0.9996321453870635 381.73601651699084
0.9999875148190175 0.0010632986282379632 0.004882581875350324 -0.5617257306696026 -0.001191966706854973 0.9996500718849831 0.026425612204235 -2.1104996098254394 -0.004852775394408709 -0.026431102668534243 0.9996388584855975 383.3480820169197
0.999983790795523 0.001748779483241039 0.005418479427363913 -0.5658190630119116 -0.0018884342197219876 0.9996633566713956 0.02587676817557022 -2.105340648187756 -0.00537140300437965 -0.025886581682894785 0.9996504553738935 384.96849239314815
0.9999806321965758 0.0031273401104465106 0.005380982776119313 -0.570596449766516 -0.0032668346985764802 0.9996536563580973 0.026113121411444416 -2.101460723237189 -0.005297454921840594 -0.02613019495198663 0.999644511761129 386.5800884343313
0.9999726815177734 0.004316114414409739 0.006000614337321743 -0.576855379933154 -0.004477354035012563 0.9996221065003246 0.027121900503744443 -2.082997558386727 -0.005881285993960248 -0.02714802698299858 0.9996141231084328 388.2132464785908
0.9999665519928473 0.005309824470964231 0.006220985083218805 -0.5779934213144005 -0.0054801175783754374 0.9996016910131634 0.027684429319308645 -2.071770820286257 -0.006071508239877567 -0.02771759560545558 0.999597354785405 389.8181650583067
0.9999581240359954 0.0062757554161417635 0.006660710326067101 -0.5656603067823675 -0.006454615882689585 0.9996097124616117 0.027180152334408264 -2.0605703261597412 -0.006487535272406376 -0.027222007002048878 0.999608360425467 391.4401366696152
0.9999494521749727 0.007099166081440008 0.007120037058344278 -0.5704163329702345 -0.007294879907356793 0.9995855184016025 0.027849167400384983 -2.048108102395283 -0.006919380632208666 -0.02789970005051766 0.9995867790847416 393.07705537710757
