1.0 -3.469446951953614e-18 0.0 -1.5585406229479126e-19 0.0 0.9999999999999999 -3.5575383784680614e-19 0.0 2.168404344971009e-19 -2.388632911257127e-19 1.0 0.0
1.0000010507162769 1.9668930755743774e-06 8.834088314357879e-06 -0.0025773044658553993 0.00019256118914392356 0.9999978131480313 0.0010970829776148865 -0.0256384479482537 0.0002768137501786697 -0.0010990873407699855 0.9999998734469372 1.3130662484830813
1.000007789993542 2.789847998755854e-06 1.2799613408372244e-05 -0.005075035241686279 0.0010195926068169645 0.9999899839713198 0.0015894024775302803 -0.043508894449570845 0.00023255733889600608 -0.001589783542598654 0.9999991522365332 2.616703617784147
1.0000132870293243 2.2051123719727533e-06 1.0415217795160326e-05 -0.007732105634643385 0.001856916784698414 0.9999824680520059 0.001293565805792587 -0.0760685085634676 0.0009221993463687575 -0.0012994539417553865 1.0000004143777976 3.943081723290393
1.0000203689342868 2.47680858518097e-06 1.1969951161773388e-05 -0.010234544783774464 0.002597658408667023 0.9999745825026086 0.0014864263305059532 -0.09274009079602219 0.0003033693506396364 -0.0014850949703997932 0.9999994205417448 5.254673159709931
1.0000229143249673 3.099993552382191e-06 1.4898341124935325e-05 -0.0127998891313564 0.0029813769291577603 0.9999698102113656 0.0018500605191713714 -0.11470599912703397 0.0006048565549143224 -0.0018515191504039756 0.9999992219761759 6.577493371197672
1.0000304245890912 5.1813553987051925e-06 2.4686553310644373e-05 -0.01546335061353268 0.003878404643083099 0.9999565063794996 0.0030649554970845 -0.14678472816546778 0.0004457528212574041 -0.0030635801496817785 0.999996057200488 7.909555622323881
1.0000316866612595 5.866363076968001e-06 2.7858951004283532e-05 -0.017996988205940277 0.00398793002790526 0.9999539038111211 0.003458584065374942 -0.16526049887704009 0.00023520730691021455 -0.0034545679309641013 0.999994480167339 9.23037997881201
1.0000275969071328 4.66453458701846e-06 2.2195934739764785e-05 -0.020596575391883445 0.003631036645325268 0.9999603311048031 0.002755958073927638 -0.189344916402455 0.0009086714295513696 -0.0027602899251207022 0.9999974582523607 10.562717472914672
1.000000129411953 1.7789416453459217e-07 7.98399784847359e-07 -0.02317148725659997 0.00017954961030624585 0.999998531741578 9.938847353896984e-05 -0.21308181981312083 0.0007290387927020763 -0.00010507186206751088 1.0000010465176299 11.882938660389794
0.9999815899706284 -7.43492902216536e-07 -3.911722183939275e-06 -0.025731514603804892 -0.0020864624326917165 1.000014512682679 -0.0004855546083233056 -0.22983132676205545 0.0008914273833854475 0.0004764927995861517 1.0000010916751068 13.22607696796078
0.9999536405299828 -4.891103491822674e-07 -3.3313099374765887e-06 -0.028403895710460092 -0.005622468905821647 1.0000293856965723 -0.00041353400514108375 -0.2613687547933626 0.0006017939445868631 0.0004019337969728423 1.000000818825273 14.565493185249347
0.9999506314879748 1.219979000594354e-06 4.2590540494389165e-06 -0.03105159627805986 -0.006087647199096045 1.0000303394014816 0.0005289780600827223 -0.2878053521075877 0.00019381874950365045 -0.0005403672303057877 1.0000001930087166 15.913987892095303
0.999961793814306 5.81963971622336e-06 2.5100187786340853e-05 -0.0337050538408352 -0.004775252613426851 1.0000221477902371 0.0031160679375785887 -0.31708762716766337 -0.00013557398773915777 -0.003124352971159866 0.999994910636818 17.252980564564453
1.000001568608034 9.639377291911777e-06 4.359935368686719e-05 -0.036336092127169234 0.00017092826346787673 0.9999838880895922 0.005411324124702478 -0.3366285620575134 -0.00010648628514558166 -0.005410480049469723 0.9999852439260928 18.62299870990149
1.0000168012646167 7.1528707079812626e-06 3.2924840638575825e-05 -0.03901800250618199 0.0021582837544950988 0.9999718789893599 0.004087216676319909 -0.3698784808860018 0.00031985470992738625 -0.00408692002723434 0.9999922342362576 19.960055625045726
1.0000243423574129 2.1310167371418887e-06 1.0618030159327942e-05 -0.04150568863142702 0.0030170399910897545 0.9999702660709465 0.00131846031789212 -0.3767144234878984 -2.699686478279035e-05 -0.0013128325878018255 0.9999991082114944 21.30733890994909
1.000007695208839 6.359129599304431e-07 3.14536222126207e-06 -0.04434489254614604 0.0008963159919201675 0.9999922990945389 0.0003904941294336906 -0.4252856855251281 -0.0002647066227230465 -0.0003865337143770126 0.9999994179591072 22.66318414598076
0.9999869570021054 3.164216182235252e-06 1.3721114943054816e-05 -0.04675062765985469 -0.0018450253391618203 1.0000116788110605 0.001703196152037209 -0.41737897101833354 -0.0010043220045910428 -0.0017003725102329962 0.9999962614650983 24.03082578097166
0.9999870991771153 1.1647417466171053e-05 5.229684269077942e-05 -0.049460559871938765 -0.002006392630491057 0.999992993487347 0.00648899603144859 -0.4410088752281766 -0.0018026901761075225 -0.006481997678242117 0.9999742061267236 25.42630318121784
1.0000044885087334 1.3035965084338616e-05 5.933142740689951e-05 -0.05205466284847531 0.00013719233956927153 0.999971682860507 0.007361230639898805 -0.45678829126338333 -0.0018740778362522374 -0.0073460604126890155 0.9999679842075125 26.79263995315117
1.0000373955657718 1.0958484323198014e-05 5.143348194728485e-05 -0.05474233937567906 0.004231331945747856 0.9999365155568921 0.006381929621629391 -0.48339510902949806 -0.0018411212134046226 -0.006352308683876569 0.9999748970915576 28.162515652490963
1.0000364511243298 7.580291465362349e-06 3.5920682378311024e-05 -0.05725804611847446 0.004096145078918366 0.999948625604665 0.004457638955702686 -0.49159516128240316 -0.001920929669134586 -0.004427340552503458 0.9999849503682143 29.519234421771102
1.0000388862080394 4.07515826579552e-06 2.0176074216283297e-05 -0.06020666819330815 0.004257295318660549 0.9999534861310143 0.002503244967561694 -0.5457128780084299 -0.0025509064823023286 -0.0024643980237981887 0.9999891399630105 30.910944574298266
1.0000180076371399 2.2546202390096026e-06 1.0857615708005164e-05 -0.06263411771881067 0.0016104936598804413 0.999984809299376 0.0013462210534852302 -0.5374292791622388 -0.0027911781738037406 -0.001316432223564941 0.9999902178418724 32.29229315569959
1.000007824331111 -1.3572695935406415e-06 -5.731169231233766e-06 -0.06549750953420032 0.00019817643378375847 0.9999981397012098 -0.0007145529469931077 -0.5832367335200499 -0.003449612209516833 0.0007434077961609533 0.9999875346711284 33.67385986429019
1.000011482853298 -8.493942095649798e-07 -3.315092192024676e-06 -0.06791360062271465 0.0006017972595812691 0.9999948931819153 -0.0004147306102341642 -0.5699057973967754 -0.0036758611390468564 0.0004476504084623707 0.9999865005357182 35.07142662950591
1.000006304488411 2.20798977182933e-06 1.0125175509325323e-05 -0.0708853418315675 6.1026965621097454e-05 0.9999987011578804 0.001254821516096738 -0.6263911108595441 -0.0032194954303212623 -0.001228655087734787 0.9999882676881661 36.46538254368643
0.9999928108663728 4.4386032865290775e-06 1.96497667425933e-05 -0.07349426452967647 -0.0015831177882658764 1.0000084881969562 0.00243735993976184 -0.6367891043600833 -0.0030784074400681703 -0.002420401886092074 0.9999868096238439 37.86392576173488
0.9999755259901257 5.633375752184255e-06 2.4540785589583164e-05 -0.07618200372364674 -0.003613966644396809 1.0000178886994293 0.0030449369493114387 -0.6574898661907256 -0.0025621177403759403 -0.0030401870580657967 0.9999875146664076 39.26017456083311
0.9999532401333717 5.918262512408234e-06 2.542351801303644e-05 -0.07898537585236368 -0.006515952743947844 1.0000262170456309 0.0031538538502090987 -0.6937595730875088 -0.003160994294824284 -0.003160826687659178 0.9999843473503951 40.65103437198449
0.9999393152219097 7.004723724746489e-06 3.0235889200086376e-05 -0.08169753470714572 -0.008211811818175868 1.0000253122195377 0.0037512007418495624 -0.7097800807621237 -0.003011665923708452 -0.0037665824562580666 0.9999829884553924 42.08167950277385
0.9999291272951576 7.121766116469433e-06 3.075399980644175e-05 -0.08432840487709117 -0.009418919023377196 1.0000241450193978 0.0038157583055672965 -0.7250567552683211 -0.002752395068355348 -0.0038366098678002665 0.9999839386079448 43.47062125126199
0.9999407783586169 6.774529090244896e-06 2.919795690975338e-05 -0.08702210333947938 -0.007878736966892093 1.0000257843811007 0.0036230844669731407 -0.7397271338941731 -0.002336636518229014 -0.0036369868948252413 0.9999864902454454 44.897063341198646
0.9999388741892482 5.6564396600043004e-06 2.4124655505586377e-05 -0.08978678002960429 -0.007930725601179899 1.000027882045127 0.002994182362473366 -0.7714448142244565 -0.0015138864499406547 -0.003008394771857592 0.9999916392549708 46.2867922715141
0.9999410498692602 7.1821817620113665e-06 3.104973372315711e-05 -0.09261254167590495 -0.007466543054471752 1.0000247610589095 0.003854113120927787 -0.8005369250652057 -0.0006488064957874652 -0.003867322925794599 0.9999911961881224 47.72206108761655
0.9999413325988445 8.04599303292318e-06 3.4978893461182605e-05 -0.09519599838748585 -0.0071952933344301105 1.0000225586367502 0.004342084789340656 -0.8077431247138858 0.0004042614301289298 -0.0043555539857269955 0.9999912259959118 49.120734328047114
0.9999321183568824 8.899892993560754e-06 3.884537690518439e-05 -0.09805586119138471 -0.00812455361360888 1.0000207166912085 0.004821969875059006 -0.8423891064334521 0.001363345396669891 -0.004836688245490887 0.9999899055761435 50.55012176793395
0.9999266783603458 9.528151593319462e-06 4.1722083920124e-05 -0.10085307226605185 -0.008526075998479495 1.000018817304805 0.0051787840787326745 -0.8648389968755437 0.002585595944568314 -0.00519311049995643 0.9999879167438667 51.99919962771666
0.9999219510674984 1.1961979061246575e-05 5.2903245879038245e-05 -0.10358944891878798 -0.008875425493913418 1.0000104286256077 0.00656524466650241 -0.8886929472598395 0.003645793953370978 -0.006578460023255228 0.9999783937229215 53.40832374780702
0.9999275989880223 1.335325039903204e-05 5.929370158416314e-05 -0.10640088706094254 -0.007955099749950888 1.0000052390474978 0.00735713106327561 -0.9108225494171778 0.004622020863794917 -0.007372138515344681 0.9999705958070754 54.86670940458464
0.9999463425607911 1.508802861999517e-05 6.737994095819288e-05 -0.10900293858776551 -0.005645332942802295 0.999994455314248 0.008359637892077235 -0.9242004130986481 0.004541703921410551 -0.008381010721749599 0.999962886726905 56.24815822423547
0.9999584408604751 1.35927664951397e-05 6.059671324563074e-05 -0.11182796503416333 -0.003981480244649961 0.9999957598053482 0.007518211336957157 -0.9525054176429504 0.005261283499843965 -0.0075470642205614615 0.9999672885153885 57.68653000596974
0.9999758094080224 1.399132120778225e-05 6.279090348435923e-05 -0.11451940257920902 -0.0018111195139095104 0.999982484304564 0.007790181125900452 -0.9606322162309102 0.005320814822322464 -0.007827000767967452 0.99996493311505 59.14090138763535
0.9999763989882173 1.5392566539767713e-05 6.93039306223324e-05 -0.11726262859845148 -0.001832192734072047 0.9999759850935658 0.008597866962007114 -0.989275273543331 0.0049003072331797685 -0.00863204359322919 0.9999597093038101 60.532461634145335
0.9999880728603081 1.7795942658924147e-05 8.084952810902572e-05 -0.1200921459969692 -0.00047865772284793814 0.99995329903731 0.010029001934867703 -1.0127151735763966 0.0044710704320385965 -0.010064288049548582 0.9999475769620088 61.99501687454576
1.000005825888481 1.662238830600106e-05 7.603519155391326e-05 -0.12272257832353806 0.0016176755585266076 0.9999410363752315 0.009432670869017813 -1.0275608245624615 0.003987533160876627 -0.00946901818255156 0.9999545544803012 63.385638303813366
1.000018233509975 1.4696394334247354e-05 6.764622368411787e-05 -0.12536146389652056 0.003029127709784904 0.9999356719708152 0.008393173330557523 -1.0398682852830876 0.0034102047723973267 -0.008426257469745015 0.999964963132593 64.79226064391001
1.000018299729331 1.5009496603018979e-05 6.910345085515274e-05 -0.12817986526926464 0.002881716251767979 0.9999357577385833 0.008574013369176752 -1.0645662820491257 0.002716140361659237 -0.008599282093681123 0.9999643656341449 66.24304888208131
1.0000062754108894 1.517031879599666e-05 6.929396642758878e-05 -0.13080467070681562 0.0012656301800021176 0.9999519191060395 0.008597719074576512 -1.0826891282049194 0.002168605344446025 -0.008616278573811352 0.9999645683148544 67.61593910276409
0.9999838336150187 1.774245039985918e-05 8.046643616781558e-05 -0.1336404640892445 -0.0016626538202372965 0.9999620326480185 0.009982368227125208 -1.1035194940434712 0.0015388164026624161 -0.009995714110400589 0.9999517811535464 69.09360757132815
0.9999560894489787 1.9982320378190976e-05 9.036204736406653e-05 -0.13625419899569194 -0.0052769362284470975 0.9999655859942527 0.011208293021955387 -1.1222647887529487 0.0007864186383640163 -0.011220386973820716 0.9999383231038442 70.45759069558332
0.9999280635894551 2.178666718631768e-05 9.870869159280243e-05 -0.13903459326079273 -0.008961059539542729 0.9999568874454584 0.012241838954029739 -1.140646679188838 -0.00012142679438986205 -0.012258489725490828 0.999924813253351 71.91549628908109
0.9998986038174671 2.0821482569686328e-05 9.446927641455641e-05 -0.1415253043042161 -0.012681457888377828 0.9999528822604549 0.011716604375880109 -1.1441577663717397 -0.000396891386153277 -0.011741797698899593 0.9999304378139884 73.27928226268736
0.9998664693739868 1.981614769956154e-05 9.065793777147143e-05 -0.1442334867940616 -0.016853705916860445 0.9999302914783298 0.011243974631035356 -1.1669818130701775 -0.0012060776792466928 -0.011285752570373954 0.9999335726983449 74.67738437232505
0.9998632726309077 1.956435882621496e-05 8.959811342573363e-05 -0.1468354660521263 -0.01739253650512356 0.9999268779574804 0.011112194604739422 -1.1617158843675388 -0.0018385539852296135 -0.011161525777664683 0.9999328603749154 76.14193622054351
0.9998552757858924 2.0676960029747393e-05 9.51795425282397e-05 -0.1494991462997039 -0.018502991149859996 0.9999079598191977 0.011803091508894971 -1.1903978035647775 -0.0023617540934261997 -0.011862090189141455 0.9999227616132379 77.48926789855959
0.9998644200264375 2.1130190129878268e-05 9.693439524188514e-05 -0.15220706305132156 -0.017414357203557315 0.9999161563594348 0.012020252105765065 -1.21310877622366 -0.0025713328574308563 -0.012076552110509333 0.9999193021602499 78.88772709308503
0.9998723008979423 1.9305271153064255e-05 8.804275491429599e-05 -0.1547943618497137 -0.016331501385377596 0.9999383554600548 0.010919288546900309 -1.2209537608507472 -0.0021069810556719583 -0.010966849284749738 0.9999339973807153 80.28567951909936
0.9998740605358309 1.9754642913790213e-05 9.009565433003904e-05 -0.15742296254134455 -0.01608914356384571 0.9999375185904106 0.011173703877607369 -1.239648497482276 -0.002000722249922016 -0.011219459326948981 0.9999316087293786 81.65812130758603
0.9998771286792346 2.0934472985838226e-05 9.555548140237173e-05 -0.1601118634668971 -0.015600110709905423 0.9999335289927762 0.011850411412494792 -1.2557576214715116 -0.0015190987266756994 -0.011890682786615977 0.9999255791727283 83.07549018508644
0.999878938554571 1.953097390355353e-05 8.888610114610239e-05 -0.1626671160082992 -0.015303980748090876 0.9999451803513213 0.011024493962053537 -1.2718528571662804 -0.0012008632752710687 -0.011061415459421553 0.9999360919486605 84.41890179623631
0.999874578883045 1.979532081817191e-05 9.026966361451623e-05 -0.16525115818260636 -0.015633563548240234 0.9999408223158518 0.011196442445923703 -1.2732720422559516 -0.0002561162532632923 -0.011227255037390572 0.999936640173266 85.84370680752234
0.9998729259894102 2.13378241952656e-05 9.760078165467565e-05 -0.16783310518029546 -0.015602618992569973 0.9999304576956665 0.012104906243069662 -1.2921045149983486 0.0007973137085917083 -0.012127769576352357 0.9999277537410561 87.18969588823808
0.9998813392232284 2.314732371606204e-05 0.00010590543190006356 -0.1703597991373468 -0.01431955069003801 0.9999263276230378 0.013133490796466644 -1.3009201953132492 0.0018596834051570006 -0.01314835270298719 0.9999153760931034 88.54975433697534
0.9999059004719333 2.4947028027716422e-05 0.00011392249219907558 -0.1730758094905609 -0.010991687301637883 0.999928108426499 0.014125926002592269 -1.322732266262437 0.0030975914372325867 -0.014137151007924547 0.9999010658566695 89.95670475766819
0.9999106024179991 2.522504432532144e-05 0.000115184659455537 -0.1756529073734063 -0.010261351855707868 0.9999277706173803 0.01428194327907444 -1.3390151545780409 0.0037504599089607546 -0.01429263274535732 0.9998978009167951 91.31137824398476
0.9999124192336002 2.4737170447569623e-05 0.00011283319616951564 -0.17828237872532932 -0.009911945046486051 0.9999326055910167 0.01399056323146709 -1.3508460860417857 0.0043024427304178 -0.014000869096642473 0.9999006985395507 92.7149117648492
0.99993221786988 2.5153283677440894e-05 0.00011470758663572516 -0.18079778460632842 -0.007416369758217653 0.9999308589281578 0.01422249655535386 -1.373285384610763 0.004466417800383901 -0.014239116662809545 0.999896914668576 94.00796317661305
0.9999299356440904 2.3428038838245804e-05 0.00010648809534792168 -0.18333384263350952 -0.007670056533980682 0.999944961294124 0.013204763667409138 -1.3707882249923933 0.004599064540583214 -0.01322072474886855 0.9999105218938237 95.42365803231759
0.9999422893941162 2.322894329289532e-05 0.00010557265529698937 -0.18578055410641986 -0.006145458710902735 0.9999447092442083 0.013091423130161286 -1.37435132406274 0.004556151641582349 -0.013111582625233022 0.9999120763925812 96.76284353763302
0.9999252117800383 2.1954724302365725e-05 9.95126444545036e-05 -0.18833774342735402 -0.008306912420182867 0.999956046928548 0.012341091367244072 -1.3898858552691868 0.004375212443349437 -0.012355314033180504 0.9999221775118553 98.10982829937494
0.9999175865618223 2.2035771112179428e-05 9.994323010541358e-05 -0.1908268742972737 -0.009320661025947134 0.9999546117077909 0.012394585505584818 -1.3939786993771481 0.004077458356558678 -0.012406601071578498 0.9999222641049678 99.47014473887987
0.9999062174433775 2.4347254728029552e-05 0.00011105647648346662 -0.19335284901324448 -0.010776186746192936 0.9999336779526518 0.013770813211081992 -1.4073998325236856 0.0038830784366818537 -0.013780137722941217 0.9999047210136565 100.80926656736926
0.9999115595985839 2.7697260975744625e-05 0.0001270293596566279 -0.19593278123700114 -0.010107213962851792 0.9999060629999738 0.015747937941721513 -1.424994583391447 0.003907726156282488 -0.01575864011887712 0.999875473684387 102.1596594861888
0.9999134359159952 2.5735773183032176e-05 0.00011759356867078086 -0.19843741701726011 -0.009917506983936116 0.9999241629661245 0.014580155581604973 -1.4357835558067578 0.0037145642855574315 -0.014591580976273473 0.9998935565365031 103.49870132800461
0.9999157118692511 2.232091812251133e-05 0.00010131040432035006 -0.20095144386440122 -0.009660552228704263 0.9999520041726876 0.01256411909990643 -1.4518764729070355 0.00359996523686216 -0.012576154022164186 0.9999211193865395 104.8192910315152
0.9999174325684362 1.972826690562271e-05 8.90575537928239e-05 -0.20340932490819083 -0.009454263221660604 0.9999702551841655 0.011046458605837181 -1.4564826077814919 0.0035669387421224928 -0.011058860657160068 0.9999390879884454 106.16001116267626
0.9999315944113237 2.205460373849895e-05 9.997228336587269e-05 -0.20599794838878688 -0.007759738320823311 0.9999553257861171 0.012398508366128639 -1.477080461976459 0.0032804395456637776 -0.012413846773152663 0.9999236676017068 107.50182509666419
0.9999644518050969 2.571205141850899e-05 0.00011769272166287374 -0.20839380536790528 -0.0037836285461310673 0.9999166118573771 0.014592696778264268 -1.4816200409242892 0.0028145406880809715 -0.014612117623451657 0.9998945702831553 108.8084909171002
0.999968554340251 2.6716677362979488e-05 0.00012259213002921584 -0.21087492894961982 -0.0034754195759291364 0.9999062032280177 0.015199256194010025 -1.4946312390405336 0.0019168870716516659 -0.015214932878108153 0.9998860908956811 110.12460072975897
0.9999811542227334 2.5872763271463095e-05 0.0001188669729862259 -0.21338642642345546 -0.0020786747395549173 0.9999057449202516 0.014738144222697801 -1.5050524815132753 0.001167489639988364 -0.014749587256425244 0.9998928595286484 111.46908273277492
0.9999666219696373 2.146599787030551e-05 9.75409846668805e-05 -0.21585536731951668 -0.004038211523723942 0.999951006007826 0.01209745222717429 -1.5124474364083993 0.00047729952925174794 -0.01210712032288092 0.9999276298195284 112.80349129963174
0.9999508113923687 1.886196969506579e-05 8.503184630500454e-05 -0.2185111468082887 -0.006234339034867803 0.99997498334967 0.010547436182829169 -1.5418474984640957 -0.0005599992597533369 -0.01055798909968659 0.9999432482699155 114.14324465902645
0.999936079346308 1.8715845902191053e-05 8.424777681138602e-05 -0.220904690226993 -0.00840708671376992 0.9999776042696411 0.010449205690221298 -1.541757622629376 -0.0020903630839925105 -0.010465372433291877 0.9999394292120608 115.46927446504567
0.9999193105276117 2.1389337755035875e-05 9.687242256924979e-05 -0.2233741920278594 -0.010795263674270604 0.9999563312754394 0.012011698909278687 -1.545341813437847 -0.003453409332537921 -0.012040914905646459 0.9999154813515118 116.82098800021974
0.9999266594634366 2.570400628277257e-05 0.00011734865048086966 -0.22587145196119526 -0.01007386247364268 0.9999243566481305 0.01454601935466465 -1.5597476429116068 -0.004306380183088671 -0.014573123607452472 0.9998769684448131 118.13981525717575
0.9999349600245298 2.7429792424779262e-05 0.00012562192641838886 -0.22841830623095716 -0.009253068087568197 0.9999102645004895 0.015568658362667501 -1.571874158583247 -0.005243145194937476 -0.01559176974483237 0.9998554525000222 119.49627434135256
0.9999302225960803 2.5982717321017604e-05 0.00011867545087122745 -0.23083521367094517 -0.010062103290142416 0.999922020044899 0.014707207727859757 -1.5758442374315154 -0.006227328313028183 -0.014737903852963113 0.9998609681896471 120.8171383696431
0.999917310803388 2.5517345364456726e-05 0.00011651068585956858 -0.23331952984972051 -0.011973860476262806 0.9999202974981235 0.014436494578706901 -1.5827836936520094 -0.007601910869718225 -0.014487846199655704 0.9998526309152176 122.16209363412865
0.9999023113921898 2.498294553260165e-05 0.00011415299063146224 -0.23577517777577175 -0.014089889401466781 0.9999139701474012 0.014142026168507047 -1.5892336450203217 -0.008731257913471442 -0.014220093853006618 0.9998452072791025 123.49335438107958
0.9998982028252892 2.4088950299877218e-05 0.0001099661817084846 -0.23822682668885448 -0.01487039925779434 0.9999161981394992 0.013620632993813291 -1.5935559031346733 -0.009936516393149897 -0.013715031816885244 0.9998388275924148 124.83188890241179
0.9998924721843778 2.305274686910906e-05 0.00010516147214952487 -0.24070130946655516 -0.01583114076003696 0.999917160999989 0.013022608815182234 -1.6028516270586848 -0.01104716620232279 -0.013136851777529407 0.9998329228069128 126.16089017162608
0.9999033367284769 2.2537881590310727e-05 0.00010250129906036812 -0.24322452807549633 -0.014673651048525322 0.9999297699054187 0.012690684354326761 -1.613729954971968 -0.0119024437128253 -0.012795471044872607 0.9998259847178809 127.50982535526927
0.9999008900249412 2.4035895324099957e-05 0.00010966221969226108 -0.24577128415230878 -0.015219744575992188 0.9999143910310841 0.013573886566085297 -1.630929227115113 -0.01298270793607043 -0.013693706997721449 0.999798704151652 128.84360781043188
0.9999093955753878 2.5799598526762835e-05 0.00011794809556917615 -0.24816123026135126 -0.014347299048949276 0.9999058386716193 0.014596890630873922 -1.6260350794073446 -0.013802662098218888 -0.01470864794357328 0.9997718379063111 130.18907022306533
0.9999113008369342 2.623565292241524e-05 0.00012001226631667126 -0.25069861454744785 -0.014174355736937847 0.9999031610181176 0.014851395808801786 -1.6414589676072566 -0.014086612781589208 -0.01496209143840044 0.999763607471604 131.52557967484066
0.9999214023901072 2.6703983444755636e-05 0.00012216502425464542 -0.2532287112773467 -0.012920329350027612 0.9999060558475763 0.015117907310620763 -1.6546216170425243 -0.014088808131955614 -0.015208559788708931 0.999759857202611 132.8681371432563
0.9999337401099191 2.8451416886635106e-05 0.0001305410453205705 -0.25562485957088626 -0.011362086585875031 0.9998961956459098 0.016154980230545537 -1.6518635526886838 -0.013972801401305981 -0.01622032236237074 0.9997458062238056 134.2075085596938
0.999948493856538 2.877274181342128e-05 0.00013217310105154254 -0.2581926098390415 -0.009397829005514356 0.9998974483443808 0.016359080529474674 -1.6717863150324073 -0.01338422957786958 -0.016392696991227515 0.9997521129406656 135.54077278093746
0.999951853545749 2.8382045281409238e-05 0.00013032416539004738 -0.2606444396874832 -0.00873215156867476 0.9999017844142217 0.016133956558536597 -1.6748416352863136 -0.012276317859926103 -0.01615697848340991 0.999772165737653 136.88505749218848
0.9999672962335296 3.0695694017137884e-05 0.00014177975470937385 -0.26315207334442087 -0.0065764346715379085 0.9998769732243517 0.017554600955964363 -1.6837775466019573 -0.011215482294878721 -0.01754900589566906 0.9997630997839391 138.23402349560934
0.9999694283836477 3.089690490805201e-05 0.00014280429482597967 -0.2655885326841957 -0.006083076766037522 0.99987383772889 0.017684204575146977 -1.689516612727067 -0.010196184772383564 -0.017674426523961926 0.9997736479499585 139.55782715803653
0.9999823564433495 3.17468169346094e-05 0.00014728411497180022 -0.2680982207202608 -0.004188712816258813 0.9998582895141858 0.018241665706777873 -1.6980316685634194 -0.00890817758855102 -0.018214476012440656 0.999778594765652 140.909807778247
0.9999777444216814 3.0225534489293146e-05 0.0001397520511275264 -0.2704428220843787 -0.004491023483673409 0.9998759437902778 0.01731265413667767 -1.6960518283877766 -0.007702048504152517 -0.017293205740505857 0.9998071381278777 142.21716014704148
0.9999816262506952 3.0136344863294223e-05 0.00013943069186621586 -0.27288669014052364 -0.0037780713007997896 0.9998738028845645 0.017274975068648963 -1.6969933543122455 -0.0066724918545134635 -0.017253356862101957 0.9998170863035464 143.56646192228183
1.0000021115041313 2.642675309224088e-05 0.0001222657846218435 -0.2754151276573911 -0.0010711732769412077 0.9998930213494253 0.015152336112164363 -1.7031611875811778 -0.005946383879542122 -0.015113147901044214 0.9998575897481632 144.93929424075938
1.000043943809967 2.419653780456714e-05 0.00011384965642553119 -0.2777934025963116 0.00441004711551125 0.9998549593718828 0.01411264706696572 -1.7046367596148957 -0.0046707799716152265 -0.01404771535273357 0.9998821867146781 146.2498866187688
1.0001033878899583 2.8157107702380876e-05 0.00013791465938895625 -0.2803950993234941 0.012005938604448407 0.9996848697810697 0.01709230926416219 -1.7159906322075997 -0.00371870333358861 -0.016999743252484628 0.9998421101535648 147.6401650413202
1.0001538491354942 3.003919166235866e-05 0.00015305626835956931 -0.28280465814471734 0.018574180234652064 0.9994976464973936 0.01896667207916053 -1.7264682579611177 -0.0023744783222045653 -0.018877040807185684 0.9998149792647724 148.92793836872394
1.000170049748912 2.437391594328764e-05 0.00012780650804298035 -0.28524770796657606 0.020780247821343904 0.999490872696231 0.01584367755151475 -1.7342818186432385 -0.001508867014584504 -0.015769618897615422 0.9998720176625077 150.24614074663828
1.0001749714457693 1.8171543953150737e-05 9.891548317239552e-05 -0.28772453293039185 0.021441668948219743 0.9995219242739195 0.012267036917138742 -1.7278826554711506 -0.00128503163247529 -0.012196049646768087 0.9999226565138619 151.64643144390456
1.0001414350010998 1.5900178587130442e-05 8.37963191493759e-05 -0.29024786882096715 0.01703488262291892 0.9996635091075927 0.01039326079174022 -1.7469105351592906 -0.002363676968549014 -0.010306681547447192 0.9999399729725205 152.959088192156
1.0001440503704355 1.6013107454670647e-05 8.464597661063866e-05 -0.2927980939349253 0.017172407099878273 0.9996589550660394 0.010497729263994128 -1.7556063253460306 -0.0031988627721221304 -0.010389534555911503 0.9999352857195634 154.33271368468533
1.000178644857998 1.955499847445391e-05 0.00010599983355537475 -0.29506254937483073 0.021347816585311652 0.9995135519011701 0.013142204817491324 -1.7449909976809828 -0.003738037200742327 -0.012999592763323853 0.9999019537904789 155.6341888541598
1.0002264921725115 2.4191882258091033e-05 0.00013591121632816768 -0.29767248213029074 0.027184459084897826 0.9992692024841192 0.016844157420164194 -1.7627183269527502 -0.00420873271450493 -0.016657353135625563 0.9998450405019367 157.00060588754852
1.000253055918669 2.4628450949887304e-05 0.00014293612791095784 -0.3000474972335979 0.030456917822121024 0.9991333940079281 0.017713181242312165 -1.757473691222624 -0.004326958791932337 -0.017504785949009186 0.9998298572217702 158.3393620024187
1.0002600440461251 2.489217760699193e-05 0.00014558395449498578 -0.30258962521127303 0.03135734368502357 0.9990924119387253 0.01804091199306106 -1.7748639745504455 -0.00418173053318915 -0.01783360896993635 0.9998249311530353 159.6697294273407
1.000256217756101 2.6018547392139477e-05 0.0001503196619329918 -0.30501605174405283 0.03063446951432653 0.9991099348101499 0.01862520847448437 -1.7698143037915501 -0.005286294309108173 -0.01837928815143316 0.9998078323063333 161.03608955277255
1.0002356886279193 2.620544363373875e-05 0.00014733929488360128 -0.30740542345763333 0.02782214314782424 0.9992217166896573 0.018254665991174618 -1.7657985542753067 -0.006458266594491933 -0.017984300244528687 0.9998060096873022 162.37731657814012
1.0002165707072075 2.4753085439550154e-05 0.0001369050796832885 -0.3099760735018938 0.025242746101487294 0.9993337894635032 0.016962109883610722 -1.779365470333407 -0.007373053923645284 -0.01668013799441671 0.999820619551109 163.74053105631015
1.0002068382527354 2.3886649277861383e-05 0.00013108962101144152 -0.31228635851263664 0.023909269501130544 0.999389312762774 0.01624136352686787 -1.7679537143109685 -0.007929591238151089 -0.015952665690000842 0.9998272168321992 165.0709399806069
1.000207677486341 2.5980208167348043e-05 0.00014135759313882315 -0.3146623124999751 0.023947236065492768 0.9993666342578907 0.01751121050352369 -1.7589542080249154 -0.008225074435467071 -0.01721328873120363 0.9998034055996748 166.42696114167558
1.0001970562595497 2.635895407019674e-05 0.00014146985384880868 -0.3171138890172701 0.022687522501152857 0.9994059244261325 0.01752560635918391 -1.7660222355865094 -0.007960427747120056 -0.01724783486547146 0.9998054307859708 167.75321065248843
1.0001801824674377 2.340545934409466e-05 0.00012461677143592504 -0.3196930578818974 0.020696365528416215 0.9994995962148783 0.015441070218630214 -1.774748222036544 -0.007494802766820625 -0.015194350352760063 0.9998431562872608 169.1427315558595
1.0001532542782612 1.94226097099421e-05 0.00010187943133663766 -0.32230162698858045 0.017501894408919805 0.9996259227674213 0.012627215114970832 -1.7804946861238369 -0.006826945034812412 -0.012425146907714653 0.9998873523710425 170.56182270270895
1.0000812090220255 1.8496252751474054e-05 8.969707599514e-05 -0.32500056812347067 0.008620126638532484 0.9998314427581763 0.011118586489336323 -1.8111591381354761 -0.006534483077245779 -0.010995569561519323 0.9999065563771523 171.9198418892634
1.0000656561355734 2.0748094652845578e-05 9.903255365319706e-05 -0.32736388324116394 0.006607248999176625 0.9998494451986669 0.012274246181606465 -1.8017994698351798 -0.006897286918384228 -0.012162436340888559 0.9998899688664002 173.27046936032093
1.0000220776342463 2.5434959007650595e-05 0.00011846174030657282 -0.330185375106817 0.0010450036488448763 0.999883083371106 0.014678478394020441 -1.835569981469557 -0.007567121416716127 -0.014608176239535116 0.9998512085589534 174.68250982619898
1.000022426114892 2.9630360616966084e-05 0.0001386936156393952 -0.33253769276201023 0.0010990581473378676 0.9998426589310654 0.017182291247665515 -1.8317077445485517 -0.0075190632098699655 -0.017112013124652287 0.9998119764103821 176.00253040535335
1.000052696477545 3.067152743561202e-05 0.0001456753558809734 -0.33500888938776396 0.005046946193571005 0.9997834680115599 0.018047735159408124 -1.8227427496227089 -0.006678029140259323 -0.017952613407968353 0.9998047381315903 177.41114640272232
1.0000601721360507 3.163466837769087e-05 0.00015093478885064597 -0.3376812396771921 0.006261188580036886 0.9997548151778036 0.018700441659574768 -1.8318193168162622 -0.0054033301668287275 -0.018613813869250803 0.9998026599357298 178.8507110399842
1.0000624236981233 2.518635183056811e-05 0.00011991104373610057 -0.34017246114022714 0.007042979013716094 0.9998077614479389 0.014864896598944974 -1.8428135673294783 -0.003163885927637798 -0.014806391196758547 0.999879875659011 180.18140810912223
1.0000440488334712 1.8189479023001873e-05 8.542834714899707e-05 -0.3428036385133262 0.005156228524540547 0.9998888844788982 0.0105961250093078 -1.8515121450659733 -0.0014013072275342435 -0.010569502796961677 0.9999407826727792 181.59985539462937
1.0000084016539412 1.7361966665310757e-05 7.960134275917098e-05 -0.34537647688967776 0.0008355051370161331 0.999944023261243 0.009874392400469398 -1.858186581183596 -0.0009271503751813227 -0.00986530264697147 0.9999493761334635 182.9950192552039
0.9999893111728834 1.9390339060192455e-05 8.836750591378678e-05 -0.34773594209241154 -0.0014542064399750056 0.9999504188044467 0.01096072215504494 -1.8532292323584747 -0.0005652659122803792 -0.01096016572927739 0.999938914325884 184.32388211286226
0.9999694157663073 2.431587345992116e-05 0.00011112730282342924 -0.35040116663746845 -0.0040043007503743795 0.999929082440715 0.013779251399604616 -1.8592110417477488 -0.0009187768526767988 -0.013783251613889037 0.9999031254637323 185.77330150948794
0.999948462896392 2.7962675366210304e-05 0.0001282657326078958 -0.35298092654578933 -0.006692090649929725 0.9999048373785436 0.015900356684509447 -1.8768002285969874 -0.0013006885147347099 -0.01591110172398153 0.9998704466771358 187.1236238069821
0.9999810479334498 2.9916190991664815e-05 0.000138345964585098 -0.3555093422904434 -0.0026945831284215134 0.9998707808883663 0.017147499696783895 -1.863035945838188 -0.0015203221205113214 -0.017144904625731167 0.9998493629579983 188.5853324734351
0.9999901127694976 3.124833727553844e-05 0.00014510974126005858 -0.3581091665330211 -0.0015395349523253804 0.9998492102896437 0.017984311070858752 -1.8697291205130429 -0.001389745826713944 -0.017978889665866745 0.9998351521794571 189.9953584954933
1.0000163198917582 3.195870942960741e-05 0.00014969995864820822 -0.3605206421093666 0.001676372717777071 0.9998127102336963 0.01855197036451138 -1.8647815769849376 -0.0015626536802929266 -0.018535092966594537 0.9998244363819784 191.35298281026945
1.000027427193171 3.215996608980226e-05 0.0001512867905789808 -0.36321823028837397 0.0029519344559145125 0.9997958270232905 0.01874788650312455 -1.8743094013378903 -0.0020258298521587115 -0.01872184766100986 0.9998192919099865 192.8045126763955
1.0000468794037436 3.3276042499318786e-05 0.00015799249314275778 -0.3656667954914536 0.00529276052694027 0.9997514196168057 0.01957687338452611 -1.8749251067037291 -0.0023601049177215134 -0.019538007607168863 0.9998023508576326 194.1578689130667
1.0000892872862028 3.509494309789085e-05 0.00017047220139602168 -0.3682272358005198 0.010466506361292096 0.9996375425921903 0.02111943798490459 -1.8657630458197445 -0.0027744759975734693 -0.021053220163648745 0.999769801703679 195.6167900454656
1.0001200970051152 3.5851934120208206e-05 0.00017748743815738802 -0.37084022730122923 0.014228147843009473 0.9995420680545912 0.02198629193611502 -1.8726579363662776 -0.0030627336581732856 -0.02189824270086934 0.9997503000188134 197.0332089973601
1.000071435046229 3.1373648737268237e-05 0.00015057110868123605 -0.3737044469418627 0.008177450285819137 0.9997263272627485 0.018658483094130797 -1.9074876729288086 -0.003095449994559507 -0.018596295439754655 0.9998169622647378 198.4641899423386
1.0000165315556644 2.235080429633697e-05 0.00010347751775946815 -0.3763042789212586 0.0013202254990557754 0.9999059958355465 0.012830098959149475 -1.9039932013771108 -0.003268139435648608 -0.012797882841056275 0.9999070476429559 199.9196526376689
0.9999533839533483 2.2605177092023532e-05 0.00010271612828411086 -0.37879480118391323 -0.006849977331369097 0.9999504276666656 0.012733801985053545 -1.8942874664972351 -0.004730248548673446 -0.012740617211449716 0.9998992902247287 201.3422752282553
0.9999095283135481 2.845833335895359e-05 0.0001307229273993999 -0.3813151178335951 -0.012553300585600627 0.9998908327146747 0.01619876910289424 -1.8906279041846532 -0.005875738903102983 -0.016248069246525512 0.999840352465002 202.75443575335564
0.9998861539164493 3.3133631775983385e-05 0.00015392224415837008 -0.384082538911214 -0.01569674368434981 0.9998211206890507 0.019066427990983258 -1.9049687277147362 -0.006948534549871319 -0.01914829961194789 0.9997802384078059 204.2231777047247
0.9999042939226311 3.3631377110888636e-05 0.00015595723731522257 -0.3866096323351086 -0.013326648889732317 0.9998315798962071 0.019319162602191735 -1.8930654298835714 -0.006425538874893155 -0.019377325152794903 0.9997802716116571 205.67585485493947
0.9999312651486985 3.37985906293508e-05 0.00015654595358069088 -0.38919284654591657 -0.009660900698723687 0.9998427418343709 0.0193944694995589 -1.8923865313640107 -0.00501554502808818 -0.019420156614580547 0.9997900551184153 207.1095578340595
0.9999511378442861 3.316467570263493e-05 0.00015355243997739972 -0.3917297440881645 -0.006946758944534186 0.9998505136212417 0.019025909387058212 -1.8882000411645354 -0.003917877023989579 -0.019034413381983417 0.9998043540213821 208.533251308803
0.9999463403575538 3.224259184924673e-05 0.00014899726272252917 -0.39440191404483993 -0.0074269762269251575 0.9998614874007898 0.018463182841361257 -1.8890310667243537 -0.0034024155056134285 -0.018474792537257603 0.9998176612240977 210.00948753375772
0.9999336230361854 3.237782600272812e-05 0.0001495953517879644 -0.3970543187279117 -0.00896103276396628 0.9998598953873279 0.01853735114622405 -1.886565314144168 -0.0032003256117913575 -0.018556789669058136 0.9998171761246436 211.48947922094368
0.9999270808823946 3.404251952839055e-05 0.00015774944010139825 -0.39956022324323665 -0.009744888490640704 0.999839653245105 0.01954582983271843 -1.8804036226997247 -0.0030726987003662637 -0.01956902680576502 0.999798521741534 212.90481618362608
0.9999247246546115 3.392725845067883e-05 0.0001571925197960619 -0.4022759516443426 -0.009953428951948928 0.9998406155796483 0.019477358272081267 -1.8938167152366157 -0.00269773447932833 -0.019500899558715073 0.9998016110807973 214.34906617166814
0.9999185158409017 3.2956168727230756e-05 0.00015247468748310635 -0.40494331576710635 -0.010673743544732802 0.9998501857262659 0.018894169656237778 -1.9021328904683288 -0.0024713577901840774 -0.01892039711088582 0.9998137506406688 215.78926030472599
0.9999291210118992 3.236762024154405e-05 0.00014954698417570943 -0.40753743306531504 -0.009282814486967234 0.9998596422835871 0.01853242576713134 -1.8903442028304753 -0.0021419492488390594 -0.01855226608810156 0.9998219988104912 217.2785465363401
0.9999148718631087 3.264401647327768e-05 0.00015098223893818784 -0.4103433732793225 -0.010937458986083752 0.9998529192938533 0.018710330598359887 -1.9066317898753817 -0.0016292480334230512 -0.01873532565222873 0.999820480684552 218.7599400450507
0.9999082404606777 3.196244918897764e-05 0.00014773682548785286 -0.41298753656994597 -0.01170156832441142 0.999857855106914 0.01830913628280574 -1.905343537687304 -0.001364131925555394 -0.01833583804530612 0.9998287565455108 220.23011622758315
0.9999278175046822 3.179227824728556e-05 0.0001467434317623511 -0.41557595905997846 -0.00925402395229804 0.9998660373376586 0.01818635228199399 -1.894278810788896 -0.001291627821416858 -0.018205102235393306 0.9998313708828973 221.71301992888257
0.999919018168935 3.185572525708606e-05 0.00014709770114820623 -0.41831705939934133 -0.010249653996504472 0.9998635406060588 0.01823044013912802 -1.8953273648958406 -0.0008583133367567875 -0.018251375750113357 0.9998317762761768 223.2264621567447
0.999910918187671 3.158613937095413e-05 0.00014586686669556224 -0.42102371091520835 -0.01118187018299199 0.999863819856782 0.01807837950928017 -1.9000999597505843 -0.0005295283906466425 -0.018100824217218998 0.9998353328920498 224.70421783604488
0.9998944910554438 3.2097469018084815e-05 0.0001486487928240932 -0.42370862189457476 -0.013100467346731565 0.9998496815831729 0.01842270169512454 -1.91244120232905 1.2305147167229356e-05 -0.01844706709647538 0.9998301282021534 226.13618002189546
0.9999177155787914 3.3070575806442085e-05 0.00015304101345206306 -0.4265208367679396 -0.010245600841452387 0.9998498584680079 0.018965862663003458 -1.9111555792455677 -0.00011881756973956088 -0.018985219224511584 0.9998198183346477 227.69941738992142
0.9999086026766623 3.206558376171037e-05 0.00014823468406223038 -0.42931548643750894 -0.011375332571037705 0.9998578489666774 0.01837144568676766 -1.9175831495560445 -0.00010987303319749979 -0.018392985002062563 0.9998308971932193 229.21852910177645
0.9999157838654154 3.349570920722911e-05 0.00015514012724454846 -0.43203558548068216 -0.010497177744634502 0.9998443135484375 0.019225415642522583 -1.924654747388538 -0.00017088790412953946 -0.0192454010224027 0.9998147461643437 230.69347996264244
0.999915076222698 3.441993004547374e-05 0.00015968152885476364 -0.4348078793393635 -0.0106602824367486 0.9998329403588782 0.01978679205055386 -1.931842423652929 -0.0005063449998351794 -0.019807986596606677 0.9998030473850666 232.1968204999764
0.9999156226142085 3.5252015929623445e-05 0.00016376948753797855 -0.43757107659312633 -0.010572813417141214 0.9998230258375673 0.020292252164775513 -1.9311769028751742 -0.00041888287029338465 -0.020313039560524472 0.9997931194403761 233.73014479508595
0.9999248647990076 3.491676605255241e-05 0.00016205334843702414 -0.44009321772163645 -0.00942761809722653 0.9998295447717085 0.020080090386252247 -1.920785280449365 -0.00043046796044783294 -0.020098294763618324 0.9997974304404502 235.17333778643248
0.999916481958978 3.4038309208880846e-05 0.0001577939164766134 -0.442911319432265 -0.010533269911177385 0.9998378612901418 0.019553282758668005 -1.9215007165156361 -0.0007184718806325181 -0.019574686307088564 0.9998071258994895 236.7309116559372
0.9999054499100896 3.549153020697242e-05 0.00016508227925192648 -0.44557747552765065 -0.011991605606743583 0.9998151401647292 0.020454121767628813 -1.9238931595837767 -0.0011120640871046777 -0.020480857645378277 0.999787915668106 238.19685396154003
0.9999083974276824 3.9377689352913456e-05 0.00018431342960186598 -0.4482035840363947 -0.01175150442849512 0.9997645785927529 0.02283049923705171 -1.9124179158346972 -0.0016737587034545483 -0.02285863223404753 0.9997346150574185 239.70246023614013
0.999914410544979 4.035528204688471e-05 0.00018912384412542887 -0.45099424140257616 -0.011176158505244293 0.9997527997238906 0.023424162761994813 -1.9094659073503326 -0.002438247832745379 -0.02345258617954528 0.9997179136483699 241.26118963481207
0.9998990354944016 3.796200503575729e-05 0.00017742598757100364 -0.45371282683361763 -0.013163397213246556 0.9997774656401143 0.021978369734380873 -1.9195264218544412 -0.002785205196865817 -0.022017105668191407 0.9997490040172657 242.72197295968485
0.9999012305782666 3.630961176553579e-05 0.00016919424749202092 -0.45648472797282136 -0.013059727383188956 0.9997998722746861 0.020960118886979878 -1.9122632841786837 -0.0035385987673225263 -0.021002028171122525 0.9997670851865976 244.28954022255968
0.999909470894325 3.6790104516307154e-05 0.0001714371298548699 -0.458944960127386 -0.012096983437653377 0.9997983833423981 0.021237039405153098 -1.8887108133554784 -0.00380896580634565 -0.02127478202877169 0.9997598404246435 245.7571373872509
0.9999157662916467 3.9018082390315095e-05 0.000182429697026308 -0.461634711337328 -0.011333341771111016 0.9997713825063929 0.022595446814962096 -1.8844088550950227 -0.003890076009904677 -0.02262912673942056 0.999729663122949 247.26600156565138
0.9999099916105205 3.994296938179473e-05 0.0001871148502342729 -0.46449633379546584 -0.01200038969042639 0.9997557041408097 0.02317458808033958 -1.8843315424982665 -0.0036665915369549253 -0.023211280430426962 0.999717573017383 248.85121407215476
0.9999130880585003 4.062084959958502e-05 0.0001904687997811088 -0.46717736483588407 -0.011525366725048235 0.9997477585541774 0.023589437572107724 -1.8841935697619332 -0.0032631219847076938 -0.023622148266107344 0.9997100820632403 250.33667918175175
0.9998980850072036 4.099712492196782e-05 0.0001926001548601037 -0.4699443171757038 -0.01345831859562243 0.9997329316621877 0.023852305606769646 -1.8763905163674668 -0.003574010465086293 -0.023896664216619116 0.9997019372053059 251.90391340938564
0.9998859448181027 4.088129446911705e-05 0.00019231927832401535 -0.4726129549084221 -0.014946238574301201 0.9997246030855804 0.023817673520895092 -1.8721844393661065 -0.003485808224276408 -0.023869654976704263 0.9997030528063483 253.40065660942895
0.999881920045657 4.099239297799748e-05 0.00019299645445335577 -0.4753029119946336 -0.01547448842212083 0.9997188265111164 0.023901152369632025 -1.853961388385975 -0.003612507167121818 -0.023956946222924245 0.999700287394242 254.9717167149254
0.9998914579999596 4.260891600104191e-05 0.00020086188795969242 -0.4780479137312085 -0.014290706040773565 0.9997032008482912 0.02487267501939378 -1.85791734310436 -0.0036158186717585184 -0.02492191737889804 0.9996766927026017 256.47435395599706
0.9999017291302341 4.268328254332203e-05 0.0002010109813474388 -0.4806108025199052 -0.012984917221652957 0.9997100342036335 0.024891292956698785 -1.8315760758096267 -0.003481094305163914 -0.02493263046300854 0.9996771472627289 258.0112427920448
0.9999207735035056 4.464370201230812e-05 0.00021068622112937379 -0.48342167432971395 -0.01067269421080389 0.9996882960490868 0.02608581390528407 -1.8439121909241922 -0.0037170516243283562 -0.026115322638429136 0.9996456914561174 259.5129894069676
0.9999380998211813 4.44122278121014e-05 0.00020948471987249496 -0.4862067682222017 -0.008478836466242604 0.9996954957880225 0.025937762922922106 -1.8285925708393564 -0.003529345634491701 -0.02595501639394581 0.9996508835619654 261.1237916251832
0.9999264699015836 4.2068204743598084e-05 0.0001976370603966836 -0.4888808571292914 -0.009861234833381104 0.9997308555355335 0.024474949846088122 -1.8333547714111933 -0.00325316905751207 -0.024499124708574703 0.9996890382084437 262.58355933397144
0.9999302282006282 4.5476812370076614e-05 0.00021488343196093872 -0.4917388353596234 -0.009523250203477236 0.9996769873858736 0.026603904139520667 -1.8404252437334614 -0.0038273862919475446 -0.0266271602472542 0.9996315805469258 264.1348775844449
0.9999538968140881 4.8264941386367416e-05 0.00022929558860862562 -0.4942633353553606 -0.006657364469569963 0.9996281540267669 0.02838246626697028 -1.8071394290209792 -0.004155320942101919 -0.02838909985154424 0.9995812175334552 265.6814749538
0.9999712530454679 4.815262490422481e-05 0.0002290561207188475 -0.4971204799956528 -0.004564352475129868 0.9996238907795019 0.028352620081894857 -1.808503079907857 -0.004433909583605377 -0.028345907205240682 0.9995807425587229 267.25778142771804
0.9999705529882837 4.631823772297504e-05 0.0002196427370882801 -0.4997457923102844 -0.00464263174898921 0.9996564558330935 0.02719084820088293 -1.798690243179861 -0.004395284033931498 -0.027184732995566344 0.9996132194987413 268.7555331431046
0.999966874395086 4.59074518330254e-05 0.00021746126333255364 -0.502439202375894 -0.005280968294019413 0.9996657540246804 0.026920361492906685 -1.7784649664153074 -0.005204647181554494 -0.026915759426378395 0.9996151459450464 270.3374346705921
0.9999524345032124 4.6550334806721647e-05 0.00022049013822233099 -0.505058643481815 -0.00736322795564208 0.9996592744557196 0.0272919671441604 -1.7698563344073797 -0.006493279862702264 -0.02730070676123522 0.9995948444644301 271.8265644834363
0.9999353640777401 4.5828786389161616e-05 0.0002166791200793152 -0.5078039401636856 -0.009676590828192352 0.9996709794270787 0.026819728116901354 -1.7623930148816966 -0.007355647927047632 -0.026848888741856546 0.9995995442718306 273.38028997925574
0.9999358087212058 4.558786847074815e-05 0.00021545277973347883 -0.5105124680265238 -0.009841811117612636 0.999674806749162 0.02666620279167136 -1.7402579442083175 -0.008338716491326427 -0.026698391717178437 0.9995940799999626 274.9790811121958
0.9999222736928703 4.561593867726324e-05 0.00021562013695553472 -0.5131635104634973 -0.011697154356833838 0.999669262702899 0.02668490782467672 -1.740236773458393 -0.00911654789849652 -0.026738661980269966 0.9995848078109321 276.44741658746636
0.9999214698658336 4.468255073746333e-05 0.00021087874692686504 -0.5159879144376616 -0.011991972109295042 0.9996836661614094 0.026097302324502535 -1.7299036392196956 -0.009986116607637383 -0.02615748568409956 0.9995902971198163 278.05775260170446
0.9999304376053489 4.39174662363543e-05 0.00020696565489169223 -0.5185323119592832 -0.011138822544009663 0.9996992504815897 0.025610973003613757 -1.716784239310373 -0.011148098862563818 -0.02566425566494995 0.9995886925921934 279.5254366497006
0.9999373476510751 4.4945735768730025e-05 0.0002121907062090523 -0.5212520224396606 -0.010473182729955037 0.9996844043986362 0.026253594815738662 -1.7074073155964444 -0.012006667931872793 -0.02629995465174572 0.9995606829309249 281.07352542902817
0.9999414403609783 4.6455647151786086e-05 0.00021990220796660217 -0.5241146525044252 -0.0101078296667605 0.9996598068239431 0.027203592388997954 -1.7014249245450814 -0.012644042640866505 -0.027245891262637666 0.9995263487818637 282.68563001727347
0.9999534284064515 4.773139779760266e-05 0.0002265497580738996 -0.5266981184308198 -0.008699503781450757 0.9996390632203201 0.02802302488734966 -1.6885181587779763 -0.013002936750474536 -0.028044954372098082 0.9994990063014729 284.1740032755331
0.9999629765713405 4.4253038802193403e-05 0.00020896768489675087 -0.5295874494641891 -0.007492041114306649 0.9996976265867169 0.025853035256433093 -1.6856829156134605 -0.012906299656314171 -0.025857349472007823 0.9995593879655087 285.78686091937163
0.9999649224018263 4.1325658076164784e-05 0.0001942326961365177 -0.5322273040356533 -0.007195417234411579 0.9997428297469118 0.02403408455543064 -1.6787265478017181 -0.012661158319368182 -0.02403447642456125 0.9996084316776117 287.2799280651637
0.9999604110531827 4.151919474681791e-05 0.0001951189240592692 -0.5349673511293103 -0.007638480627102824 0.9997404324227122 0.024145174644853197 -1.6709901825649074 -0.012138480308169773 -0.024152354881485785 0.9996130198884101 288.8319638162578
0.9999678772303005 4.1806503693810754e-05 0.0001967131235260937 -0.5378392477075954 -0.006581543862765472 0.9997346138260212 0.024343925208788537 -1.6676099635582484 -0.011560043584330782 -0.024337425101018915 0.9996164352954726 290.4375959930471
0.9999720281615292 4.035621770945297e-05 0.000189531808402162 -0.5404610796935917 -0.005803743346438667 0.9997543099750612 0.023460199035042772 -1.6519544968611075 -0.01039033042388185 -0.023446369331490937 0.9996526744143887 291.95947572032287
0.9999579589384786 4.0565410496856344e-05 0.0001902914875705048 -0.5432845873020953 -0.0074293208359946855 0.999754403744019 0.023555387416283356 -1.649321020811968 -0.009847652462917376 -0.023561809527836465 0.9996564352281777 293.53497823150377
0.9999563125936605 4.144702097650353e-05 0.00019468893249581986 -0.5460268816155616 -0.0075553573815461145 0.9997414975845724 0.02409949306942588 -1.6431286202657667 -0.009497915625418627 -0.024107632344901722 0.9996474448377461 295.08137317396904
0.9999530378166495 4.214038960774144e-05 0.00019813016092296845 -0.5487887914289407 -0.007738647529036928 0.9997311697375117 0.02452693130114625 -1.6437215107105598 -0.008501621142904156 -0.024537702037746776 0.9996477559553422 296.60837248256956
0.9999685418322498 4.4130795536953885e-05 0.0002084658775469183 -0.5514474337818789 -0.005585159652701142 0.9996959652375795 0.025805660496879792 -1.616997537781438 -0.007484691538608551 -0.025797055709306287 0.9996260361863033 298.19999972665084
0.9999584889995399 4.6088860535189666e-05 0.0002182239870347183 -0.5542672964327197 -0.006677394507049531 0.999666183311098 0.02701171779602115 -1.6097161557492385 -0.0067879607532674744 -0.027014315554442125 0.9996001312177557 299.79421113270917
0.999962931518549 4.670642307944006e-05 0.00022145865041091166 -0.5569974167128837 -0.006321670923657592 0.9996548033498184 0.027409265846040226 -1.5891708743199744 -0.007662015330448936 -0.027407093118478502 0.9995815483993207 301.39787115439657
0.9999555207482966 4.657226550318014e-05 0.00022064517102519466 -0.5597502384511391 -0.00743505805971166 0.9996589134064126 0.027306896058485998 -1.573402667430768 -0.008522881982542642 -0.027314462876514133 0.999575558158402 302.99280041059643
0.9999596584587378 4.7001385971488785e-05 0.00022290662247122705 -0.5626335857036199 -0.00701988776222886 0.9996509304606142 0.02758502378218607 -1.5704557666540582 -0.008963016788472158 -0.027587725370177375 0.9995634127832087 304.6028419684243
0.9999854761978625 4.529467114475043e-05 0.00021485740053283579 -0.5652425721993821 -0.0038451315100783163 0.9996695560553744 0.026591285256632863 -1.5464365752797695 -0.009103787581010069 -0.026559424436176537 0.9995897230458292 306.1549059152517
1.0000048373151857 4.267315104802827e-05 0.00020233408926029683 -0.5680490866691735 -0.0015583344383457058 0.9996973074805776 0.02504379578970641 -1.5360930224810594 -0.009628557381580477 -0.024983774828609584 0.9996244583712475 307.75538055141743
1.0000114049752116 4.000691971143937e-05 0.00018924014496036774 -0.570771917358686 -0.0007609553542246086 0.999731048431824 0.02342625708061935 -1.5129376592131614 -0.009710002365659305 -0.023356651922681423 0.999662841865817 309.36664314854136
0.9999998235108172 4.015004118400507e-05 0.00018942853299631934 -0.5737391850442844 -0.0017813484604806583 0.9997373230004739 0.023453808835969498 -1.5246489744949003 -0.007846278923436254 -0.023407935859961263 0.9996813745301942 310.9577936612784
0.9999877423135809 4.13524955098811e-05 0.00019499686409514072 -0.5765595373749673 -0.002704964919108323 0.9997261912658645 0.024146357660257106 -1.5111107927292724 -0.005274204789156797 -0.024123540198023544 0.9996858967380805 312.5801788239744
0.9999772253495032 4.632775177308701e-05 0.00021986797342909764 -0.5793039557965449 -0.003973202572740159 0.9996532187053808 0.02721765611395286 -1.4923405387808866 -0.005105316140598172 -0.027204438368339103 0.9996080270616435 314.1838418259637
0.9999888453841342 5.166805844079858e-05 0.0002477709778971537 -0.5821768680139573 -0.002673259627014618 0.9995473655026595 0.030659673767304777 -1.4822270836775997 -0.0057437327196198165 -0.030634147459708785 0.999504230005099 315.8200637493309
0.9999951971344522 5.274342677046538e-05 0.00025362160493775537 -0.5848766988683102 -0.0019147229555931834 0.9995205955582348 0.03138106742073948 -1.4553350902844122 -0.005878819222000758 -0.03134910656530296 0.9994810418940141 317.43525193906703
1.0000021208965948 5.0292351030491525e-05 0.00024117086028360366 -0.5877275825522922 -0.0010922927435639785 0.9995622752851887 0.029845092645959213 -1.4385968367582398 -0.006045769221739537 -0.02980574101612111 0.9995269376848269 319.0888173472486
1.0000103897443127 5.0851024309715026e-05 0.00024446092703953124 -0.5904900607662529 -0.00022273766462765736 0.99954367119967 0.030249757190305683 -1.4209355061684366 -0.006747519158921953 -0.030198120015729454 0.999509406926808 320.6975371941441
1.0000142794215021 5.180393219811688e-05 0.0002496162239926411 -0.5933067813322288 0.00025188415810041033 0.9995203848467777 0.030885602835310024 -1.405655583480367 -0.00678515691622678 -0.030829720923029293 0.9994898109964653 322.325678349902
1.0000161272716237 5.246184959096546e-05 0.0002531459471383573 -0.5961894385137011 0.00038027450073646087 0.9995057826791023 0.03132007975990432 -1.4005281778326095 -0.007235997625349514 -0.03125921804234875 0.9994725000606527 323.9450618076116
1.0000020064947643 5.07437182807758e-05 0.00024350527853520942 -0.5988890745006734 -0.0015270857740561448 0.9995566722167544 0.03012946099693144 -1.371903962740331 -0.007921393714935054 -0.030080711365866916 0.9995022111446428 325.56786701418594
1.000000277294502 5.033844638434662e-05 0.00024132794454633172 -0.6017248105190639 -0.0018344427620935033 0.9995667233818378 0.02985994430893612 -1.3606633324370614 -0.008334377438264897 -0.029811433713132687 0.9995061707009828 327.1885261456713
1.0000025609401582 5.205630982161799e-05 0.0002503546026918202 -0.6044975609014342 -0.001729193904094122 0.9995322187806543 0.0309715646570805 -1.337984528282914 -0.009129777895798236 -0.0309167224751125 0.9994642223961857 328.8253107917499
1.0000174904443166 5.442841642372756e-05 0.00026352308869383883 -0.607314141794759 5.5956144725671786e-05 0.9994676869882515 0.03259481091152226 -1.3243032812571867 -0.009437287047790885 -0.03251826220965998 0.999410008194074 330.4462452067219
1.000023287176384 5.311121343823215e-05 0.0002569457666875283 -0.61014538756474 0.0008336396425138361 0.9994871866398181 0.03178449102188638 -1.3151532842777356 -0.00917959845090578 -0.031701788803423205 0.9994390940656914 332.0550941814969
1.0000133737665695 5.377836731162988e-05 0.0002598872060532763 -0.6131049826446695 -0.000395002935158679 0.9994857504858278 0.032147129622266304 -1.317676989218667 -0.00916840300429675 -0.032077686824751 0.9994272283968018 333.68296800523353
1.0000023868329564 5.098642056501623e-05 0.0002447818981215742 -0.6156242710628909 -0.0017543689459993527 0.9995534524575724 0.030284159526610954 -1.273801654639904 -0.009145620702384968 -0.03022948717410045 0.9994850609668761 335.2739035853628
0.9999860866120999 4.7217842578602814e-05 0.00022469944465831524 -0.6185994194335557 -0.0036261816924153967 0.9996354940894812 0.027807678476442214 -1.2788858332073414 -0.008465437397568536 -0.02777644607067671 0.9995634257330138 336.89897279368427
0.9999750181984015 4.794924392341818e-05 0.00022810989916290862 -0.6212487309524247 -0.004768643472996303 0.9996280341448316 0.028230738599234403 -1.2510411598814635 -0.0074302317790117004 -0.02821479005135767 0.9995612561113076 338.4904301190699
0.9999677716024127 5.27040657129791e-05 0.0002525402615374669 -0.6241068487352005 -0.005460291719833216 0.999540297261621 0.031246427684053855 -1.241057395179022 -0.0065012553579261 -0.03123944615164931 0.9994794945427848 340.11787999956283
0.9999566522099959 5.72292077667888e-05 0.00027612439079876595 -0.6268103603147357 -0.00674173801304455 0.9994475977231883 0.03415475104014689 -1.2200159501136407 -0.006057625268797458 -0.03415902873451259 0.9993876032219977 341.70901585173385
0.9999513225556877 5.703775993541778e-05 0.00027503275986325666 -0.6295431227782625 -0.007112298524888613 0.999452535737131 0.0340222626511386 -1.2009859163355618 -0.004758409914106789 -0.03403097680010563 0.9994013475290684 343.3073818748495
0.9999513912969165 5.4319611211592345e-05 0.0002607017199311964 -0.6323527760470365 -0.006642016042069283 0.999510505895551 0.03225815147484616 -1.184230853720885 -0.0026992297316066312 -0.03226704868011954 0.9994712300759103 344.9381873819474
0.9999584316577325 5.628466981501094e-05 0.0002711544978299487 -0.6349493210863758 -0.005395798809802212 0.9994654832650206 0.03354814193088305 -1.1590723562798464 -0.0010408538568061623 -0.03355614861854159 0.9994348978641343 346.48844161044843
0.9999738184311462 5.825581103908496e-05 0.00028195314158699055 -0.6378823265381471 -0.0032089899301903247 0.999411676125923 0.0348796281798864 -1.1576883650290215 0.00018960552810676624 -0.034887792343484755 0.9993920657586914 348.119015751334
0.9999739624960796 5.7205590007356616e-05 0.0002763772309239299 -0.6405692502138818 -0.003093922783997144 0.9994348645746145 0.03419259579585501 -1.1302232434589672 0.000622965762148315 -0.034202732585017485 0.9994163422609368 349.72961138678704
0.9999752135237497 5.5985096567784734e-05 0.0002699538323883109 -0.643292439056522 -0.0029134661287719982 0.9994607379426048 0.03340089773592879 -1.112623959387452 0.0007348591201051266 -0.03341139639445676 0.9994432249803172 351.3162946902863
0.9999782156443697 5.588345038677264e-05 0.0002695048089634191 -0.645926192893172 -0.002548120027688493 0.9994606421129356 0.03334554333677488 -1.0832659981196673 0.000701460279944214 -0.03335552850227728 0.9994450539395348 352.9058842147494
0.9999823094233729 5.5870046210500235e-05 0.0002695629368048302 -0.6486425013469268 -0.0020893098572822124 0.9994577725775128 0.03335266179872548 -1.06392862953811 0.0004802707559375596 -0.033360901651967735 0.9994446058714437 354.49650800236446
0.9999870154887915 5.540729343875457e-05 0.00026728364493295784 -0.6514462434752701 -0.0015025018912821573 0.9994634406965889 0.03307169581245727 -1.0544346029301772 0.0004907888163884608 -0.03307933550071598 0.9994539745119335 356.09165870737195
0.9999892338149416 5.471867223962208e-05 0.00026373958123780965 -0.6542112031801625 -0.0011952660394187985 0.9994757481600339 0.032634810726677864 -1.0372102823199068 0.0006323371100433498 -0.03264306689170794 0.9994684884193089 357.6998040208266
0.9999933384271971 5.474242524588016e-05 0.0002640225852149317 -0.6568552611725638 -0.0006881590251127606 0.9994710000786291 0.0326697026166862 -1.0134625686029353 0.0006205302727403173 -0.03267739648600609 0.9994673531775047 359.27008113282557
0.9999921141825535 5.3866416350962024e-05 0.00025937468221166383 -0.6595830447721789 -0.0009410046054553903 0.9994914116254306 0.03209651938532437 -0.986712039291572 0.00017098099463774396 -0.03210120532247476 0.9994853829941466 360.900119674388
0.9999991975564713 5.303637515259585e-05 0.0002553207573841325 -0.6623552242983399 -4.924194487904675e-05 0.9995006045109232 0.03159665544572553 -0.9851487086763417 0.0002248243502137432 -0.0316005029538769 0.9995014182451883 362.44242250371894
1.000012239908688 5.4256951969191766e-05 0.00026233968041809393 -0.6649937245764234 0.001658383037549116 0.9994577198822844 0.032462231939589394 -0.9565306128853994 0.0006167592408645678 -0.032467748006925076 0.9994741780784194 364.03134130310315
1.0000395754523559 5.68189421879476e-05 0.00027753960756190924 -0.6678067550041081 0.004924370039107976 0.9993580068055393 0.03433577179841438 -0.9407744338417869 4.22233318438756e-05 -0.034331344944593604 0.9994110785028156 365.659562622095
1.000037273549116 5.6068344268639034e-05 0.00027340165089874 -0.6704386112207477 0.004618470498261985 0.999379333760926 0.033825743774413254 -0.9160261437094592 -4.707765860559126e-05 -0.03382052849816226 0.999428326243402 367.22754408661615
1.0000231792098873 5.4873361978379984e-05 0.00026619078110963566 -0.6733248775057 0.00282492908781762 0.9994301705971999 0.03293678766751795 -0.901052795674397 -0.00023953413748602236 -0.032931995276337916 0.9994576105965439 368.89283493410255
1.0000137645897362 5.631012124324847e-05 0.00027324472408297193 -0.6758991990204583 0.001621952701723852 0.9994134929446937 0.033806238891633984 -0.8706985272846379 -0.00039012620503915837 -0.033802098313060754 0.9994282547289264 370.4539518250441
1.0000029436103917 5.8284494812916796e-05 0.0002831859354267233 -0.6786463440003088 0.00011294996076567643 0.999384760537796 0.035030992549189524 -0.8499910194869824 -0.0011265687634687256 -0.035023710029520205 0.9993843189514108 372.0677641852696
0.9999998480749852 5.80224203338732e-05 0.0002816492433987841 -0.6812983899016043 -0.00027459195256464026 0.9993944749353402 0.034841617073376886 -0.8218314775960074 -0.0011404169990128661 -0.03483524200512489 0.9993908626300068 373.6621400826442
1.0000012428162879 5.736668015355814e-05 0.00027822626966734565 -0.6840162557540863 -0.00017490873277764205 0.9994083252256385 0.034419586578139635 -0.802417922117918 -0.0014683310675782278 -0.03441030374307795 0.9994045575250168 375.25396617255876
0.9999947550784329 5.710038692777544e-05 0.00027653258026829903 -0.686803223586265 -0.0010039390650000883 0.9994216891606884 0.03421076188269132 -0.7836336782889985 -0.001572300351316339 -0.03420322390724874 0.9994113169981372 376.88125693168644
0.9999962365794133 5.7726666449759226e-05 0.0002799195401837246 -0.6894329335408798 -0.0009541328608469223 0.9994069701039217 0.03462771368391718 -0.7543089228852653 -0.0021706943886808773 -0.03461572012827933 0.9993949191030811 378.4684587278139
0.9999944268602196 5.823969148647558e-05 0.000282573769436035 -0.6921510771607718 -0.0012331199187083242 0.999397528323623 0.03495457710973198 -0.7264428874797402 -0.002412566561201008 -0.034941957694953445 0.999382579125281 380.0981329705957
0.9999842025258114 5.8480917541882393e-05 0.00028347323169207505 -0.6947979284219998 -0.0024738494721202424 0.999401336448497 0.03506548716350174 -0.6975229936522898 -0.002283072634278854 -0.03505857466639132 0.9993790348149917 381.6930227253269
0.9999719014701975 5.8332074522613256e-05 0.00028230761569457007 -0.6975575412655424 -0.0040664094790943345 0.9994139987063975 0.03492154373087438 -0.6747135575479433 -0.0025724249926096718 -0.034919672078079354 0.999382670246908 383.32311389837605
0.9999688266640742 5.7646500973094345e-05 0.0002785844185870343 -0.700356782872549 -0.004571549764108923 0.999431839316739 0.03446215660842437 -0.6582569793072544 -0.003122190472009608 -0.03446041598161792 0.9993960454600017 384.94682195089064
0.9999549011087187 5.785375355489564e-05 0.00027941216067385154 -0.7030822791456633 -0.006201865743681934 0.9994326486296004 0.034564560577939656 -0.6365221676540878 -0.0026802123277396344 -0.03457159061470477 0.9993942889490123 386.55322581168866
0.9999461564142115 5.948465617179079e-05 0.000287997071090601 -0.7057645397932145 -0.007470645963189557 0.9993970619573269 0.035621470701842683 -0.603138943355837 -0.003495288852011666 -0.03563354295637804 0.9993530128002749 388.18763101325726
0.9999327987389195 6.045326521458838e-05 0.00029311671774187 -0.7084383020005337 -0.00912274776024427 0.9993739670990011 0.036252162443773495 -0.5800932314990555 -0.0034649778650159713 -0.03627298573737632 0.9993301771437862 389.7712287527884
0.9999242796083492 6.0188887137539726e-05 0.00029171827488558744 -0.7112134946148908 -0.010225482171904273 0.9993784243911683 0.036079598377689794 -0.5565868189144116 -0.0036644889418475865 -0.03610668625965759 0.9993351249803414 391.4130567602308
0.9999199698881553 6.0950536661531773e-05 0.0002958333864714754 -0.7140350216382491 -0.010925838473137718 0.9993582538826179 0.03658551799304115 -0.5329919982291252 -0.004400892271091391 -0.03661846623512846 0.9993122079692605 393.0809406630816
