1.0 -3.469446951953614e-18 0.0 -1.7787691892340307e-19 0.0 0.9999999999999999 -3.5405977195229754e-19 0.0 2.168404344971009e-19 -2.354751593366955e-19 1.0 0.0
0.9999998184236251 -0.0001920850232811945 -0.0005711877703400902 0.0023623220759034095 0.0001924746445146272 0.9999997488292218 0.0006821250560820844 -0.022605926090915572 0.0005710566496940094 -0.0006822348851515522 0.9999996042253559 1.3271691435190551
0.9999996106291743 -0.0006537789352943687 -0.0005927180634304468 -0.007919513178060316 0.0006544457365945475 0.9999991525635218 0.001125420722648312 -0.03902273942997718 0.0005919818357649513 -0.0011258082084223669 0.9999991910569219 2.628002273801946
0.9999985244154309 -0.0013027885225958633 -0.0011197808784350139 -0.009237918093241298 0.0013039059154677044 0.9999986522689209 0.0009976409880589597 -0.0746863043332523 0.001118479749464476 -0.0009990996244713523 0.9999988754018504 3.9515879976599413
0.9999979168209333 -0.001935787771986561 -0.00064736494840262 -0.017873973852245442 0.0019364598291095603 0.9999975853627799 0.0010389364140685699 -0.08785799252252124 0.0006453522803606087 -0.0010401878655402466 0.9999992507651317 5.270231648934478
0.9999977679898255 -0.001920486410600334 -0.0008807660222718541 -0.018858017873696165 0.0019218346888175298 0.999996979182192 0.0015323755356356987 -0.10214469597789805 0.0008778205308075872 -0.0015340648315321566 0.9999984380377168 6.592130917162142
0.9999956341434569 -0.002843003010399957 -0.0008056244303661993 -0.022208126669879463 0.0028449733221610745 0.9999929396169698 0.0024549620082519753 -0.13345517629516299 0.0007986393476532246 -0.0024572433171569357 0.9999966620605308 7.931572752772156
0.9999951985896788 -0.0030266742781451354 -0.0006648636549114034 -0.04138282800147575 0.0030284862692380107 0.9999916570975478 0.0027411678855369386 -0.1489129803282983 0.0006565615436097108 -0.002743168306799087 0.9999960219701594 9.248789385359089
0.9999958094711954 -0.0026534472910452068 -0.0011576957708552124 -0.04435248777084319 0.0026562200559914987 0.999993592240001 0.0023999936788633883 -0.1762949776662615 0.0011513201953240377 -0.0024030587626149708 0.999996449880053 10.577425726901676
0.9999992532233184 -0.0002970882556615796 -0.0011854492470729971 -0.06239378810764307 0.0002974580841641587 0.9999999071517534 0.0003117926402187198 -0.1938304683948927 0.001185356607520741 -0.0003121450357305006 0.9999992487483018 11.90414444557043
0.9999960982658996 0.0025521457817363506 -0.0011357809923056678 -0.06948338458293671 -0.0025533576651066304 0.9999961712636442 -0.0010666899221362682 -0.22377028681016536 0.001133054390225897 0.0010695858335033823 0.9999987860870698 13.241116170093726
0.9999865069006786 0.005084989870743727 -0.00106248902149224 -0.08635384328778713 -0.005085969709780258 0.9999866420293168 -0.0009212410708607265 -0.23872663539768985 0.0010577904155849832 0.0009266324409525713 0.9999990112161916 14.583532002869163
0.9999852710969775 0.005394872329662233 -0.0005940791577166539 -0.10602597791526405 -0.0053949350130169 0.9999854418945395 -0.00010337247369728082 -0.2618997907867513 0.00059351287746825 0.00010657596706886134 0.9999998181924595 15.928759564775575
0.9999919316378237 0.004009768217820285 -0.00024168192043289797 -0.10617040811275 -0.004009190907114257 0.9999892143621211 0.0023446865089002144 -0.28816834267426916 0.0002510809860421686 -0.002343698691630646 0.9999972220139398 17.263196443176486
0.9999995594405497 -0.0009329089730065829 -0.00010392716839336237 -0.1136710673752248 0.0009334052954304249 0.999987647414945 0.004881984175835061 -0.31776399072155204 9.937145020519952e-05 -0.004882079126790673 0.9999880776439275 18.627255275554532
0.999996741346539 -0.0025273042033587597 -0.00036060075228712234 -0.10779980447047824 0.002528400982684033 0.999992079638119 0.003073734733162847 -0.3446252485456275 0.00035282966597606643 -0.0030746365191752674 0.999995211049861 19.968308903502848
0.9999950285094802 -0.0031527677937771437 -5.491780065192131e-05 -0.10707112682230543 0.00315282725257127 0.9999944087379888 0.0011145260960770626 -0.3521949401903959 5.140365707845653e-05 -0.0011146937211582437 0.9999993774077193 21.31557738673454
0.999999454820104 -0.0010419682712556003 6.828869658300125e-05 -0.11583198156644899 0.001041965626267058 0.9999994563630177 3.974508472400417e-05 -0.402601708452848 -6.833007824732476e-05 -3.967390850992881e-05 0.9999999968784413 22.67745519902777
0.9999990557499592 0.0010544746171558426 0.0008812388820329125 -0.13595441939434602 -0.0010556448035046245 0.9999985604800357 0.0013284026042288057 -0.40277041033136457 -0.0008798369199875089 -0.001329331651423035 0.9999987293808354 24.043077755924035
0.999997981950089 0.0009980769905431628 0.0017435420252104178 -0.14085861547409556 -0.0010082383627122412 0.999982457191328 0.005836845486697644 -0.41399325422056266 -0.0017376859595866312 -0.0058385917280353835 0.9999814454744538 25.422354964010516
0.9999984051681962 -0.00021016767944735497 0.0017735538897064417 -0.13352964514061458 0.00019776873660913054 0.9999755619230817 0.006988307514659624 -0.43782489554851756 -0.0017749794081525579 -0.006987945752096802 0.9999740086930763 26.79500292959171
0.9999859144497876 -0.00495330250141229 0.0019067525892775734 -0.14164209559607654 0.004941330889603596 0.9999683657953338 0.006233028928893481 -0.4710471606149859 -0.0019375665068080282 -0.006223519355078183 0.9999787565952605 28.16635895544722
0.9999879226343321 -0.004505515568746274 0.001963395943705329 -0.1400250830044034 0.004497178458435905 0.9999809395992384 0.004230344812584425 -0.47494633663163055 -0.0019824185687964332 -0.004221464057361133 0.9999891245688799 29.525571452485373
0.9999868421023087 -0.004529811708734533 0.002407579152659128 -0.1498683866967751 0.004523725539321743 0.9999865737193924 0.0025275050363679752 -0.5234556889126464 -0.0024189961517992226 -0.0025165805965792704 0.9999939076199235 30.91960221766986
0.9999909550082094 -0.0031052547908973997 0.0029064243701339937 -0.15335766270859533 0.003100914908624868 0.9999940722531477 0.0014965896674713067 -0.5120278614429439 -0.002911054678405696 -0.0014875635807429662 0.9999946564415976 32.3007993649072
0.999992339454669 -0.0017524603609818477 0.0034999888055826838 -0.1556794958031167 0.0017527430681796418 0.9999984609266047 -7.767570470529494e-05 -0.5468514396016785 -0.0034998475909633633 8.380969662660437e-05 0.999993872000444 33.67695998158394
0.9999918036220015 -0.0014481263050430283 0.0037809556760291553 -0.17176405226187536 0.0014484671994421106 0.9999989471503978 -8.739941609385769e-05 -0.5587554035109024 -0.0037808254493450107 9.287529603078191e-05 0.9999928483386809 35.06996717228555
0.9999936540455329 -0.0014723594845386812 0.0032440765320366745 -0.16382263937026148 0.0014674552621565303 0.9999977777332336 0.0015136383824570733 -0.5984155835954381 -0.003246298215673114 -0.00150886826576904 0.9999935924097775 36.470712830256176
0.9999954087522611 -0.00021552165279795261 0.0030225864783253384 -0.17780217039408924 0.00020716861009498558 0.999996159825583 0.0027635872333603875 -0.6091978975709615 -0.0030231707371769986 -0.002762948411838378 0.9999916132405415 37.86706065748712
0.9999960918674908 0.0009322476894093506 0.002635747686154842 -0.17775148875144053 -0.0009402724691125932 0.9999949220017589 0.003044972802665316 -0.6174407968444567 -0.0026328958530608187 -0.0030474392821278106 0.9999918904523099 39.265219854471226
0.9999910136308924 0.0027971264038866347 0.0031857087595996945 -0.19343584730254876 -0.002807826373774091 0.9999904159703147 0.0033591789118221174 -0.6430563261432555 -0.003176282445514266 -0.0033680937080154518 0.9999892835282038 40.65752971170813
0.9999696001855441 0.00718445210912486 0.003030237858434816 -0.20062687194620954 -0.007195772409652963 0.9999671108027389 0.0037414150390745536 -0.6817452565649026 -0.003003258430384367 -0.003763106279955392 0.9999884096662615 42.08069951821511
0.9999681011510978 0.007430012693588239 0.0029311396640777825 -0.21513017888873262 -0.0074418679820238975 0.9999640892701079 0.004054477268830055 -0.6955861869536186 -0.0029009098294607307 -0.004076161173758266 0.9999874847363717 43.469456583418605
0.9999721688555416 0.006971659337116779 0.0026565898073415304 -0.22757010456963545 -0.006983094049682664 0.9999662889255836 0.004319423968137134 -0.7199792785967576 -0.0026263869172874306 -0.004337855058800023 0.9999871424687167 44.89589345174734
0.9999732808748797 0.0070942974488710795 0.0017630847014152155 -0.22119470552889997 -0.007101045851445461 0.999967371847344 0.003851026162037542 -0.7532584192570171 -0.0017357069941448693 -0.0038634430914600356 0.99999103052333 46.304298994713534
0.9999753837946507 0.006934159516423296 0.001072018509427113 -0.23915182395046586 -0.00693873997058905 0.9999665548649326 0.00432932472679404 -0.7792194426122488 -0.0010419625123519423 -0.004336656702864517 0.9999900538116414 47.734420606529795
0.999972283343008 0.007445168137972941 -4.4736908260311226e-05 -0.24156576488518922 -0.007444845695754305 0.9999594074884648 0.005075200719269223 -0.8011972378377813 8.252082557752192e-05 -0.005074727098082881 0.9999871200853109 49.13083517312652
0.9999655987266924 0.008233877664957971 -0.0010022985354179452 -0.2534722076487022 -0.008228528283964111 0.9999524701487735 0.005229606305783383 -0.8229083656942123 0.001045310926920996 -0.005221179068884175 0.9999858232080798 50.55750644486746
0.9999635069448273 0.00827904864382276 -0.002107631523836362 -0.26527317234223025 -0.008267707343946386 0.9999515938417316 0.005334323311394632 -0.8402153981507983 0.002151692809286867 -0.005316703477893591 0.9999835513083014 52.00628749493141
0.9999550388099835 0.008947749131066362 -0.0031397641034513367 -0.27950072813237 -0.008927406086688527 0.9999394467196983 0.006434619832312544 -0.8659715145295396 0.0031971496192585644 -0.006406300710699939 0.9999743684480032 53.411297711361975
0.9999607497095266 0.007901692969417479 -0.004007775465713204 -0.29003125087382964 -0.007873818244399216 0.9999450289685238 0.006924019227255877 -0.8830065446662214 0.0040622669765864585 -0.006892191107107875 0.9999679973370555 54.874559080406115
0.9999651264133981 0.00721595619121595 -0.004204272854923887 -0.3101284013068999 -0.007185598406478155 0.9999483218898381 0.007191713162197692 -0.9089169936744721 0.004255951038170633 -0.007161252295173766 0.9999653010761927 56.26548328202572
0.9999656530848605 0.006728914413011527 -0.004838836443027604 -0.3188189321531213 -0.006695431940052178 0.9999537599202024 0.006902841765894869 -0.9532522347189945 0.004885061744258034 -0.0068702067190380064 0.9999644675901247 57.7026757334499
0.9999708364763937 0.006114077502574541 -0.004576486845552497 -0.34643828138374416 -0.006081200468869295 0.9999558488438032 0.007163754195493002 -0.9691989859902392 0.004620084932552448 -0.007135714890310825 0.9999638675467827 59.15244355092606
0.9999727015672247 0.0059954707166866485 -0.004318614472251014 -0.3485131797711162 -0.0059613664782406355 0.9999512836872233 0.007867170497480735 -0.9976536690453752 0.004365571850512511 -0.007841211055198987 0.9999597277901885 60.54999770017801
0.999980451749971 0.004895519357721423 -0.0038897289610192974 -0.36287898790619555 -0.004861448428209679 0.9999501541746552 0.008720979988752337 -1.0151190068974651 0.003932229139659901 -0.008701899970570637 0.9999544062210771 62.01278252549589
0.9999858495141192 0.004119593213220509 -0.003365963364223766 -0.37586159283053666 -0.004090913715938937 0.9999556469085503 0.008483433608846885 -1.0477659871732319 0.0034007626628491357 -0.008469543871298363 0.9999583499569932 63.40746267982059
0.9999935906091412 0.002089099168955967 -0.0029076444849217655 -0.3826587681570599 -0.0020680278052088007 0.9999717163527406 0.007231165684946899 -1.0538590690127405 0.002922669121064205 -0.007225106394318882 0.9999696274637724 64.81561642665872
0.999995838863384 0.001993682853923478 -0.0020850605586257764 -0.4016732073822761 -0.001978649195982985 0.999972211187105 0.007187614513445891 -1.0750076387460386 0.002099332624188207 -0.007183459146219993 0.9999719949692722 66.27466201046416
0.9999926548125442 0.0035524883334309403 -0.001438797631358254 -0.41341447773444 -0.0035420829562142183 0.9999680128679945 0.007171254682520679 -1.091612065965997 0.0014642275362605132 -0.007166105812896164 0.9999732511270594 67.64261855352947
0.999983136439123 0.005753896903642064 -0.0007870800658418058 -0.43221756503817416 -0.005747195606983264 0.9999493106003882 0.008267162839822276 -1.109829479449535 0.0008346086487448577 -0.00826250009085792 0.9999655166676809 69.11376033259877
0.9999651381945176 0.008349269285670162 0.00010990940125044633 -0.4512100409755181 -0.00834992755931753 0.9999228423640644 0.00919717583845954 -1.1203634742079212 -3.3111219041053255e-05 -0.009197773131495297 0.9999576990432782 70.47052174426966
0.9999290945421433 0.011853559857248083 0.0011397280721425161 -0.47080274311450193 -0.01186460326484392 0.9998773156475317 0.010226674320332247 -1.1404131895253184 -0.0010183658276606646 -0.010239471824780298 0.9999470566733779 71.91139367665176
0.9998707869427202 0.015999473531398484 0.001557634365467246 -0.4815364628648852 -0.016014296297164467 0.9998215549941346 0.010020006103590762 -1.151647759089586 -0.001397041701865185 -0.010043656015297126 0.9999485853031032 73.27611959481857
0.9998044387442787 0.019608158717137756 0.002569888229250349 -0.5088951907143093 -0.019632272628970056 0.9997600205686414 0.009719835259044567 -1.1702123869382255 -0.0023786836307544516 -0.009768387387819074 0.999949458958814 74.67676195281302
0.999781369236014 0.020665019423464367 0.003189144635442436 -0.5168747753967659 -0.020695751739861587 0.9997365618277436 0.009924357036867544 -1.1811486367846882 -0.0029832177073263284 -0.00998818922301542 0.9999456667677535 76.13344885143695
0.9997709248454499 0.02109519481325533 0.003618083847342998 -0.5241236945966719 -0.021131980967125378 0.9997220866667423 0.010449347851281588 -1.1982529056323725 -0.0033966475847859827 -0.01052341166512088 0.9999388584265696 77.48368159112214
0.9997798944010579 0.02067974149984107 0.0035370872051877673 -0.5198281935387287 -0.020716417288339402 0.9997284877138853 0.010666816091871664 -1.2262094384961817 -0.003315540115879199 -0.010737744265240403 0.9999368520268426 78.91523070356648
0.9998054565605042 0.01939688302017511 0.003579093375219249 -0.5308005777650057 -0.01943015825678833 0.9997659985070627 0.009508797611757172 -1.2332108550947158 -0.003393815107302964 -0.00957649028911068 0.9999483850937434 80.25039265190625
0.9998108007145569 0.01919613356598291 0.0031418433263996903 -0.529101056818059 -0.01922624339968855 0.999766625622841 0.009851188108869986 -1.2628035880355486 -0.0029520056205475332 -0.009909730323259801 0.9999465400246053 81.65311131359202
0.9998179868251966 0.018856477864513457 0.00290282850975741 -0.5395212688122188 -0.018885421618759113 0.999768714911926 0.010288711469567169 -1.2749624056466453 -0.0027081484903543063 -0.010341660144896582 0.9999428563658695 83.05849411973158
0.999822030396548 0.01867040062776023 0.0027062196273952375 -0.5581578699610253 -0.018695512276235372 0.9997794109229599 0.00957117364614981 -1.2866098397393597 -0.0025269252253353534 -0.009620064632294928 0.9999505332790869 84.40280672280247
0.9998149797523803 0.019152820828991432 0.0017820394382475598 -0.5557880123491719 -0.019169503799951006 0.9997675375195997 0.009869199436625193 -1.3025642199038852 -0.001592602300126193 -0.009901534455220167 0.9999497103526587 85.82066164924963
0.9998296815184813 0.018430569105109727 0.0009602221107083639 -0.5725233459905391 -0.018439821370555384 0.9997723637724545 0.010732831531104896 -1.3183092661546072 -0.0007621913929659787 -0.010748710081088474 0.9999419404637805 87.16073774364497
0.9998547521384632 0.017040806893472208 -0.0002923688609777985 -0.5802853499655168 -0.0170362091095378 0.9997861066464364 0.011726405155194698 -1.3308079682466947 0.0004921337810599924 -0.011719721307317785 0.9999312006042685 88.54347972980337
0.9998807322997214 0.015385867349663837 -0.0013402309850981846 -0.5873588697742655 -0.015367762161232253 0.9998024040049125 0.012608920149225078 -1.349720552019532 0.0015339654725282366 -0.01258682022241297 0.9999196062254302 89.92654541529218
0.9998935280639601 0.014423445727452328 -0.002212850741464141 -0.5960934007625217 -0.014394068168959464 0.9998149452291297 0.012762685048671937 -1.3660613033516409 0.002396523349942449 -0.012729474520358205 0.9999161050625129 91.27696456698037
0.9998994906847101 0.013950312509269275 -0.002529282433873481 -0.611140557913151 -0.013918088193147451 0.9998269941993869 0.012339713186943138 -1.379524647204298 0.002700987945916743 -0.01230327041021734 0.9999206639582866 92.66174667636896
0.999907749045708 0.013322020181436542 -0.00264898826104692 -0.6230550127823828 -0.013288341400811449 0.9998354433244194 0.012349343432632167 -1.3978825782415978 0.0028130708016408535 -0.012313003788715046 0.9999202351088049 93.99860462134437
0.9999147769222181 0.012710894979381517 -0.002978591102150939 -0.6375411927743884 -0.012674437489583943 0.9998482069076362 0.011954990768595325 -1.4034336954105324 0.003130097878102046 -0.011916220207903921 0.9999241002162711 95.38285210134933
0.9999180618304955 0.01245432586217481 -0.002959621070092051 -0.6455966690952959 -0.012419181898834931 0.9998554709652512 0.011610388778021341 -1.418334823221512 0.003103793155025245 -0.011572681611755467 0.9999282171827093 96.72815252526463
0.999899508107335 0.01394164074210418 -0.002569883335337352 -0.6613236047766964 -0.013912477083892046 0.9998423003277509 0.011037095983801407 -1.4339836196236806 0.0027233535308047027 -0.011000233631832036 0.999935787045502 98.08645199948012
0.9998782507621382 0.015425980686464266 -0.0023500485368235288 -0.6800863834215022 -0.015398119083450531 0.9998159305179658 0.011445656259369982 -1.4435821093084158 0.0025261766587740056 -0.011408076670944315 0.9999317347832893 99.44390915247429
0.9998745367088706 0.015696178739314226 -0.0021309080356626485 -0.6892658498257637 -0.015668064812784453 0.9997975393412644 0.012625058749458481 -1.4562069953945613 0.0023286419953530593 -0.012590087824890284 0.9999180302024336 100.78523412444349
0.999871811160893 0.015894168681967365 -0.0019330292908637016 -0.7071067146879336 -0.015865798420359963 0.9997775106089375 0.01389984737988988 -1.4652889296529665 0.00215352592348941 -0.013867396808771647 0.9999015239718589 102.11442745401357
0.9998754287970363 0.015653547696133134 -0.002023187504341049 -0.7196513438092419 -0.015624774764089227 0.9997863636609422 0.013531204184591224 -1.4778498472276564 0.0022345668268501525 -0.013497907016997159 0.9999064022330107 103.43552281032544
0.9998789973352425 0.015491594631259133 -0.0014146167530837395 -0.7224906058108069 -0.015475600332351912 0.9998230643479173 0.010693260917172263 -1.4905875060270433 0.001580022261571393 -0.010670075184069575 0.9999418248236055 104.76788139702985
0.999893230035661 0.014510208898967423 -0.001726941346006319 -0.7416968252241025 -0.01449245309403233 0.9998461139069117 0.009885208256584826 -1.5016400294210404 0.0018701121956891341 -0.009859125403756212 0.9999496488989258 106.10009063490375
0.9999096848642784 0.01335193122040505 -0.001532322251614531 -0.749451835341103 -0.01333407171839883 0.9998491795342634 0.011127477032879803 -1.5164850501854732 0.0016806646042459615 -0.011106040188974374 0.9999369136323465 107.42799815615962
0.9999498792614425 0.009969810742265599 -0.000917504577286665 -0.756518573933345 -0.009957026279758755 0.9998656733654679 0.013018942753266252 -1.5211940901397065 0.0010471778256808738 -0.013009154881946303 0.9999148290302879 108.76020561517578
0.9999584198040549 0.009119035663292847 4.279469010609778e-05 -0.7669146137871499 -0.009118762884839027 0.9998639343515323 0.013746307176052415 -1.5379725512634863 8.256421566502211e-05 -0.01374612611452084 0.999905514139063 110.10373724600564
0.9999643323631696 0.008426883774911747 0.0005671100854777991 -0.7753971181107704 -0.00843362075762522 0.9998777811977374 0.013164221244529388 -1.5458955163656203 -0.0004561074399851365 -0.013168534764885359 0.9999131870630844 111.42487649599532
0.9999477514227082 0.010096960950940002 0.0015955511312484157 -0.7798858384744554 -0.010112988669572442 0.9998950056404431 0.010378110370680042 -1.5609553164409553 -0.0014905963504166665 -0.010393704131066907 0.9999448729996916 112.7444438041642
0.999911191229381 0.013095642468841266 0.002472604580066651 -0.7834737630685392 -0.01311749470644296 0.9998731122702245 0.009038291938449 -1.5829078821565616 -0.002353928789526727 -0.009069923823224595 0.9999560967866391 114.11685103924047
0.9998760844763827 0.015217232279877306 0.004031314790532817 -0.7943108111364434 -0.015252232610378199 0.9998449680971855 0.00879825028687332 -1.5904828260451054 -0.0038968051129318624 -0.008858646781080276 0.9999531685459694 115.41336775764637
0.9998507482690459 0.016346444580028388 0.005592396392748835 -0.8079938372454182 -0.016403933720906438 0.9998114296624038 0.010393080161121608 -1.6103918879293597 -0.005421452374475977 -0.010483266490417817 0.9999303520623398 116.77624594650393
0.9998461135441419 0.016347670541491725 0.006364185802557666 -0.8110140552386131 -0.016426757585118325 0.9997859374371104 0.012579387000871528 -1.6247659505669374 -0.006157180305408804 -0.012681994398464914 0.9999006231357678 118.10079489441213
0.9998448451393002 0.016068666342640724 0.0072168950449951405 -0.8091246436068329 -0.016163621050143493 0.9997809343576612 0.013297393996154778 -1.6351253688906495 -0.007001643265737151 -0.013411982268464457 0.9998855413105227 119.45399552838472
0.9998305607618754 0.016433790159065 0.008293387138309951 -0.8081033756249945 -0.01654053987201593 0.9997790519522143 0.012971424652628275 -1.6466305687461171 -0.008078385732908052 -0.013106404149290252 0.9998814739019601 120.7818969443456
0.999790578370767 0.018047164917771433 0.009648792457469309 -0.8087547386762014 -0.018169008108868248 0.9997543599022876 0.012692795059308473 -1.6516086638719725 -0.009417354147981297 -0.012865446161622938 0.9998728887882664 122.11130706237577
0.9997487206238947 0.019630734571108012 0.01082265313186868 -0.8079542553387196 -0.01976345586179082 0.9997290738266037 0.012295723266812147 -1.6572158903159422 -0.01057834779708234 -0.01250652688554952 0.9998658336701793 123.44810664303391
0.9997021490600352 0.021227347396362818 0.012042127290062415 -0.8100564097063451 -0.021370577716242282 0.9997008866683601 0.011892672624329383 -1.6697525099205115 -0.011786076423439642 -0.012146477843804617 0.9998567654802065 124.80360401075303
0.9996606556919091 0.022440075029689845 0.013229377557744518 -0.8004983614382998 -0.022586970311650044 0.9996836941708143 0.011060761576565362 -1.6824851428297083 -0.012976989797641413 -0.011355819958670112 0.9998513104892434 126.12533965227935
0.99967411791415 0.021288506703783946 0.014087490750278786 -0.7920036366194594 -0.0214464871950753 0.9997077117244433 0.011159720697157533 -1.6971659261552343 -0.013845800515106465 -0.011458211364963321 0.9998384885566728 127.47136225815623
0.9996726102523225 0.020673760483998754 0.015075406503829174 -0.7880315857202542 -0.020855481154929634 0.9997105052448781 0.011998110938928318 -1.706524361511376 -0.014822997424849296 -0.012308587983029327 0.9998143714757423 128.78177712265017
0.999686735108939 0.01932961774230145 0.01589960604667678 -0.7763757320222131 -0.019536586355666095 0.9997250584730563 0.012966468512210253 -1.7163694099208593 -0.01564459901743793 -0.013273030863095175 0.9997895144353891 130.15134695136902
0.9996864300073005 0.019075375629148066 0.016222566128777045 -0.7584856114921473 -0.019293514353731007 0.999724088256933 0.013398048831636667 -1.727593611700468 -0.015962518657157764 -0.013706838189797284 0.9997786357925703 131.46684929326372
0.9997074089150055 0.01792722720744465 0.01623918217271009 -0.7428178237410846 -0.01814734188232864 0.9997440433786622 0.013510061308480209 -1.7455716583478025 -0.015992829049308717 -0.013800806648483144 0.9997768586825967 132.8315308453727
0.9997469916489541 0.015761297856988116 0.016047870256070462 -0.7328802382886683 -0.01598848802755272 0.9997723513069625 0.014128476532576114 -1.7461621293991818 -0.015821535178890154 -0.014381483374128425 0.9997713998525486 134.16692270892634
0.9997816968262924 0.013998110588962418 0.015511658808399983 -0.7114098375348998 -0.014221128273395379 0.9997957317018037 0.014361560201242457 -1.7611268107330083 -0.015307456843029643 -0.014579018602324759 0.9997765420251441 135.49239589111065
0.999788840407789 0.014664055420374383 0.014395834167504446 -0.702883537027474 -0.01486549464648267 0.9997916690357045 0.013986980666329937 -1.77868815716575 -0.014187730398255721 -0.014198028656464717 0.9997985418519423 136.83623649661016
0.9998354134918722 0.012326196689967206 0.013312053867710746 -0.6922797385659234 -0.012524944832847086 0.9998097762165729 0.014951159237133462 -1.78409629477649 -0.013125231766719475 -0.01511543151502221 0.9997996059320443 138.17826324546454
0.9998580821187331 0.011452434693856506 0.012355457915130699 -0.6769166841258626 -0.011642394916377115 0.9998134179664406 0.015413757347339557 -1.7965896445966607 -0.012176628576451642 -0.0155554172854252 0.9998048603152705 139.51788451234324
0.9998817573494383 0.010599060589880933 0.011141418959695532 -0.6718929617730012 -0.010771804490685858 0.9998209010534952 0.015560657521682989 -1.8044647117051873 -0.010974496106858116 -0.015678831083283544 0.9998168505737048 140.88207500577167
0.9998918695624535 0.01087220667192227 0.009901731489622055 -0.6678914565003079 -0.011022875791226372 0.9998223236568339 0.015291087130035066 -1.8145170611463937 -0.00973372513749988 -0.015398579558325265 0.999834055402269 142.21529162292632
0.9999022583351237 0.010668327925057805 0.009036622034179095 -0.658971727033552 -0.010804052226770026 0.9998275250581962 0.015106045473234839 -1.813906710056695 -0.008873907934879466 -0.015202201420188835 0.9998450614117174 143.56630398980607
0.9999250988634042 0.00915598295205939 0.008121860975863322 -0.6515319575943509 -0.009259561842288726 0.9998750943798377 0.0128084413133644 -1.8259612372519871 -0.008003573306012616 -0.012882687074942998 0.9998849829785759 144.91430427789868
0.9999522690783965 0.006794029951737992 0.007021446753433259 -0.6544665091704931 -0.006879433368745146 0.9999017722392303 0.012211440493085899 -1.8603808201879188 -0.00693779273680472 -0.012259161446048758 0.9999007850734523 146.23807781956094
0.9999813269631522 -0.0010549031967227642 0.006019378045864181 -0.6424843920154393 0.0009648626131478731 0.9998878993551097 0.014941812321708724 -1.8640586110991757 -0.006034465933113097 -0.014935725728523853 0.9998702462409661 147.61185351750905
0.9999472581547176 -0.009235920995941423 0.004492069333918099 -0.6298902257767682 0.009159441985656446 0.9998176198145697 0.01675803430620918 -1.8688513712158121 -0.004646026328859472 -0.01671600592671339 0.9998494834661663 148.93097497864062
0.9999331898784621 -0.01115451749635744 0.0030319190073386454 -0.6161562056639456 0.011112361779524293 0.9998460033894975 0.01358252209307893 -1.883191346970304 -0.0031829588396534653 -0.01354792311812941 0.999903156587462 150.24228221767444
0.999941315241113 -0.010245950934209087 0.003519456995845228 -0.6256938201706592 0.010207879366867137 0.999890964632591 0.01067042789957242 -1.8971606111325368 -0.003628402228554343 -0.010633875714429133 0.9999368756995201 151.62957145813598
0.9999732031435814 -0.005917238728706217 0.004310370400264349 -0.6307075735079946 0.005881443921103367 0.9999485039933913 0.008270306467152586 -1.917951800078777 -0.004359086172411557 -0.008244733801572878 0.9999565104191326 152.95174360878076
0.9999692856931486 -0.005798994031034725 0.005272509037347268 -0.6357551667151837 0.0057530067743334565 0.9999456408095067 0.008695880019475516 -1.933315236026072 -0.005322650226734426 -0.008665280313357105 0.9999482898172657 154.31758504807559
0.9999354985939755 -0.00972916268389797 0.005860209967730818 -0.6327513249636163 0.009659750594624926 0.9998842029190111 0.011758824671288654 -1.9372214195289938 -0.00597393538540862 -0.011701458262166946 0.9999136902596065 155.63749095562835
0.99983308961051 -0.017218134131672114 0.006109729285861371 -0.6262216397904348 0.01712680633327129 0.9997452856698701 0.01469817236853015 -1.9427179887974455 -0.0063612486781063 -0.014591079209862018 0.9998733094359721 156.96376067666293
0.9997979525082723 -0.019130366718271057 0.006171162220381631 -0.6130072852394961 0.01903061322345451 0.9996934582304916 0.0158374656237388 -1.9545550421597926 -0.006472247559502604 -0.015716824992049242 0.9998555352770493 158.3134304109762
0.999770225816864 -0.020555694416120283 0.006079392192899666 -0.60746175644984 0.020454699430989702 0.99965898985007 0.016232968615770678 -1.9697197286041848 -0.00641099952802181 -0.016104886855117653 0.9998497545657611 159.66007486278968
0.9997841429572123 -0.01953915425600461 0.007063211446844469 -0.6079014671753686 0.01942125957487701 0.999677013042048 0.01639159106601857 -1.9679219933775376 -0.007381208557198276 -0.0162508766620468 0.9998407006960951 161.01893020921332
0.9998140596957477 -0.017421196181328737 0.008267283344673705 -0.6092962924480367 0.01728823878329113 0.9997242696700581 0.015890293168367743 -1.9665951518375036 -0.008541832426428439 -0.015744412043904844 0.9998395624239285 162.3616351517569
0.9998513755462849 -0.014572309435368 0.009212742958796205 -0.6117656671978404 0.01443934291775251 0.9997929362144929 0.01433841190820897 -1.970402812684653 -0.00941977989201364 -0.01420325517589961 0.9998547570962232 163.7108726747877
0.9998601128418652 -0.01344364773823859 0.009951035141781809 -0.6134802187858097 0.013306751075265511 0.9998176336636984 0.013697801849031029 -1.9681455084951816 -0.010133369675224775 -0.013563470003679544 0.9998566632767331 165.0662874025605
0.9998601810141116 -0.013225057134127343 0.010233098418871073 -0.6106358703140486 0.0130752618415793 0.9998083668929364 0.014569385800222101 -1.9723858959713074 -0.010423819246325463 -0.014433548548071403 0.9998414957720372 166.40746527478194
0.9998573712861333 -0.0136224109985385 0.00998333713710486 -0.6018644402705311 0.013474655592025125 0.9998008424073219 0.014721044873561413 -1.9648583746837571 -0.01018188585099408 -0.014584423469023935 0.9998417993821257 167.73529919780034
0.9998827156876016 -0.011891552326996065 0.009651210781536261 -0.5992947279377495 0.011768512687467028 0.999850007075879 0.012706905392095411 -1.973634974630816 -0.00980086881581235 -0.012591834906003855 0.9998726862265476 169.11845909891298
0.999931103854509 -0.007474398370814712 0.009051018107681975 -0.5997686471304726 0.007382541613355593 0.9999213354937986 0.01014006370102932 -1.9861185487418298 -0.009126097751970116 -0.010072545757278324 0.9999076248124449 170.51094620724797
0.99995823400403 -0.0022341347361496 0.008862217542435895 -0.6003939735545158 0.0021573771651935206 0.9999601625245244 0.00866135565972101 -1.9999296411528733 -0.008881215872986167 -0.008641874925204376 0.9999232180512544 171.82017462810416
0.9999578206339856 0.0002568350432998606 0.009181012754695086 -0.6042454879902208 -0.00034475985926706986 0.9999540847544126 0.009576508814112044 -2.007518557306448 -0.009178132391072824 -0.009579270309235695 0.9999119958587256 173.18528578902976
0.9999469007862832 0.0027782950477496715 0.009923542027998564 -0.6111215855476356 -0.0028932000968301588 0.9999287235153455 0.011583491838014232 -2.017955445353128 -0.009890653181432705 -0.011611587779397315 0.9998836662362521 174.58546210014345
0.9999465074539224 0.0028535502136143795 0.009941804844952353 -0.6142353608317002 -0.002986668794992796 0.999905745481099 0.013400744883179577 -2.023410407095884 -0.009902628912686192 -0.013429721180330824 0.9998607805729329 175.9284542628189
0.999957708168382 0.0004628477754459867 0.00918518659256148 -0.6142798570145543 -0.000601007171517948 0.9998866446834905 0.015044486314431536 -2.0318674318302765 -0.009177182859231012 -0.015049370708064324 0.9998446358086832 177.3581111924925
0.999970465983123 -0.0007884445853885789 0.007644967275388175 -0.6098617193478424 0.0006721700521672095 0.9998842480447085 0.015199956968121323 -2.0408394318268006 -0.007656067313925048 -0.015194369626922848 0.9998552474056283 178.75845138017104
0.9999825175129196 -0.0022034916678149545 0.0054871943763572135 -0.6017031292039682 0.002139083199655247 0.9999290735660948 0.011716319937657205 -2.049710112473785 -0.00551262245883062 -0.011704377766456579 0.9999163057641526 180.09597814027705
0.99999169090784 0.0011293732823887351 0.003916967455492574 -0.6103299957678328 -0.0011582608795465505 0.9999720924792395 0.007380561924026271 -2.067112888251092 -0.003908523057586547 -0.007385037611667093 0.9999650917228633 181.51669976391204
0.9999851757895867 0.004231457279482698 0.003426801215043726 -0.6358966430998244 -0.004254538357303999 0.9999681249203242 0.006756334282530021 -2.0765272280164657 -0.003398103127554732 -0.006770813716346055 0.9999713040754253 182.91186676210634
0.9999726096836296 0.006663460558574986 0.0032215161379120895 -0.6466467671129976 -0.006688930575129332 0.9999459385842846 0.007961038119096221 -2.075842597024854 -0.0031682941763866773 -0.007982368721390666 0.9999631211699248 184.24623551081083
0.9999473143555614 0.009691010442172127 0.0033842003578808694 -0.6550969223617658 -0.009727918986410325 0.9998914571635639 0.011065328798031866 -2.0934233706936007 -0.0032765990787832953 -0.011097667264455253 0.9999330505986498 185.6959724506558
0.9999340721538296 0.010753322657416657 0.004027080515970261 -0.6585735645303787 -0.010805799143911814 0.9998539057902738 0.013243934478868827 -2.1083366184886017 -0.003884076200296175 -0.013286577424934694 0.9999041858162809 187.0585207656863
0.9999430717893758 0.009833022802823345 0.004143045450615486 -0.6645499219265767 -0.009889285929417332 0.9998560678248265 0.0137857054333507 -2.1138468924226608 -0.004006894305260356 -0.01382589267566133 0.9998963893776766 188.5089360351717
0.9999517902020235 0.008972755807531286 0.003988346765841181 -0.6661969961919854 -0.009029131680172324 0.9998562772691068 0.014349202083943703 -2.1237512344073566 -0.003859021978490843 -0.014384521907190084 0.9998890905896273 189.9251618739711
0.9999744359462711 0.005900625423892858 0.004038572332738824 -0.660468754624411 -0.005960512135564828 0.9998700158742192 0.014980776221157925 -2.1303434061303004 -0.003949651755447068 -0.01500446550822583 0.9998796258887677 191.28973083389414
0.999980255628714 0.004417725191184006 0.004469010356341549 -0.6652510351805194 -0.004485291113148361 0.9998740574381095 0.015223384241235658 -2.140153378583399 -0.004401195149586956 -0.015243128777757855 0.9998741303322873 192.74192224408
0.9999862002594732 0.00226508645830608 0.004740113426501763 -0.6615553682809832 -0.002340400067959357 0.999870150887828 0.015943772703357305 -2.1501140693143497 -0.0047033842880810734 -0.015954646757582694 0.9998616541426109 194.12163003075483
0.9999833800591347 -0.0025329626948651218 0.005179161598796866 -0.6576779850516801 0.0024427269099322937 0.9998463962373452 0.017355604415648512 -2.1483709636809873 -0.005222327585783402 -0.017342665024748814 0.9998359661798822 195.5793118905798
0.9999684296905319 -0.005710768967333597 0.00552510209123645 -0.6457791091924912 0.005610522066284913 0.9998223813067517 0.017992439092405207 -2.1571884774704277 -0.005626871853271124 -0.01796087270338447 0.9998228569939579 196.98728483915266
0.9999773988548761 -0.0030596439397431435 0.005986682629906639 -0.6427748199759116 0.002974208588529849 0.9998943510756026 0.014228167846119199 -2.1645126056002746 -0.006029583768707903 -0.014210040903162661 0.9998808523302699 198.4070743770028
0.9999745308588569 0.0035217419618415857 0.006207653894493578 -0.6636891457932066 -0.003576658890241398 0.9999543722061117 0.008857822583571028 -2.1699359672296064 -0.006176176202435392 -0.00887979981561371 0.9999415002884832 199.84339081870021
0.9998834052227105 0.01327699832716104 0.007543026538232605 -0.6738086637508693 -0.013339322687410525 0.9998768019058847 0.00827305936778487 -2.1770104738472154 -0.007432256478484326 -0.008372713806447652 0.9999373276475145 201.27980558315352
0.9997864904502982 0.018718631964577438 0.008751358991103726 -0.6940757004936008 -0.018823368997842697 0.999750294542479 0.012042814893211863 -2.1770967761518456 -0.0085237494207855 -0.01220497394470874 0.9998891860122928 202.7173447966274
0.9997409645954967 0.020538339056006976 0.009807154765429218 -0.6869824502400544 -0.020678662205589657 0.9996820660079297 0.014427747098852466 -2.1863305981232726 -0.009507715568723775 -0.014626808938426362 0.9998478183223645 204.17091808195426
0.9997543140202511 0.0200704126028439 0.009406916816195002 -0.6861689584876788 -0.020207507155462226 0.9996875502717623 0.014712529994326127 -2.1917036522253333 -0.009108691839101344 -0.014899005972472418 0.9998475140506402 205.62565594121858
0.999827447640402 0.01669328149422836 0.008149187656345005 -0.6755019184623313 -0.016814768384580174 0.9997449855191629 0.015074068204662967 -2.202221218426505 -0.007895474487652961 -0.015208494147705953 0.9998531708145808 207.08375987915127
0.9998640865186748 0.014957817247993742 0.006933409049818455 -0.6706108072025554 -0.015058715820071265 0.999778016812192 0.014736085284670226 -2.211340612279626 -0.006711450835047429 -0.014838490987021046 0.9998673790121518 208.52713108436052
0.999855088755403 0.015682826782143323 0.006621963380106218 -0.6747727832183372 -0.01577552120242538 0.9997749241179853 0.014185699532939591 -2.2140465886991105 -0.006398001597403037 -0.014288109077689999 0.9998774502477852 210.02865772950975
0.999835256635853 0.016957894051706127 0.0064722003503061565 -0.6747890719531784 -0.01705013491822832 0.9997498808491956 0.014473032902889931 -2.229677279305469 -0.006225149885808138 -0.014581000751262405 0.9998743130642707 211.4911883918049
0.9998117544664022 0.01830816559517174 0.006423912995591618 -0.6844233915269453 -0.0184031564064726 0.999717322143056 0.015053228436495206 -2.2277821389822092 -0.006146500606962075 -0.015168615317068116 0.9998660578496831 212.93890369905643
0.9998162506596152 0.01818361546702272 0.006068031035397727 -0.6891848335337197 -0.01827228420135591 0.9997221439060227 0.014891563335544547 -2.24006548355039 -0.0057955630133577464 -0.014999704113079678 0.9998707018040695 214.39259401280484
0.9998145091236407 0.018358096355522942 0.005824740198491896 -0.6857552428468902 -0.01843996935071799 0.9997272989470594 0.014328130234322698 -2.2488070426438793 -0.005560115049595083 -0.01443288082163254 0.9998803813816172 215.8593289128978
0.9998172882750577 0.018282379212561928 0.005580737507605438 -0.6897695530000756 -0.018358510475632778 0.9997347086479973 0.013909617652786465 -2.254339984315879 -0.005324956521364239 -0.014009530516343793 0.9998876826387251 217.32467740604372
0.9998184008672399 0.01838082090532013 0.005030970470031734 -0.6863049867243104 -0.018449355817735776 0.9997327112025269 0.013932963343384197 -2.266964453856701 -0.004773526837270501 -0.014023251580226059 0.999890274908667 218.78844744796547
0.9997891309442519 0.01995193074967197 0.004859429212188224 -0.692466338633793 -0.020017128764686927 0.9997049542633305 0.013759325197510447 -2.2794422817964737 -0.004583470732152236 -0.013853695886470972 0.9998935277851544 220.27412328707254
0.999796504124739 0.019632117853165786 0.004640068631219399 -0.6999308038533237 -0.01969486719087899 0.9997095737162612 0.013888141613170901 -2.2930428035693926 -0.004366067759270027 -0.013976701256051497 0.9998927888903317 221.72754117775537
0.9997673417612029 0.021146278483454545 0.004254079880071468 -0.7055630581584902 -0.021201351485559086 0.9996861412415806 0.013346226529586603 -2.2958825517331833 -0.00397052200288275 -0.013433313940551549 0.9999018857028606 223.22334996425772
0.9997604353425403 0.021539939974468646 0.0038862384306454162 -0.7081505205668053 -0.021590309218701143 0.9996768163925553 0.013420930467440993 -2.3073963227360523 -0.0035958967196645557 -0.01350162065593807 0.9999023831191569 224.70332216103688
0.9997501570004538 0.022077585799231178 0.003493382264394825 -0.7185926208450216 -0.022122878746059914 0.9996640261171558 0.013506042538641353 -2.3189003952494494 -0.003194028026484017 -0.01357995210268583 0.9999026868086842 226.1980117820249
0.9997630864222377 0.021484384206073015 0.003491733409730991 -0.7228425326883322 -0.02153003308958295 0.9996755829969198 0.013608324439804895 -2.3335506867038034 -0.003198234421869477 -0.013680277862320431 0.9999013057775379 227.67447939026906
0.9997733386949088 0.020977189250723942 0.003637129055628916 -0.7224488592339917 -0.021023529542840175 0.9996917281415456 0.013208328740957119 -2.3405509476171193 -0.0033589344937777887 -0.013281800489199486 0.9999061512641277 229.19838357570276
0.9997943181322232 0.01994531065265607 0.00367504554182636 -0.7392567317034662 -0.019995271519820747 0.9997006468227811 0.014099855004467218 -2.349085802768449 -0.0033927196935006365 -0.01417043874522754 0.9998938384250705 230.68732061397057
0.999828390095059 0.018098385951080233 0.003954584673065865 -0.7341493387923022 -0.018154437206878902 0.9997281566735763 0.014629737114818303 -2.3580552699763966 -0.003688735317895999 -0.014699020066726458 0.9998851594270668 232.18099171701814
0.9998269824962426 0.018199905041145437 0.0038429783370131235 -0.7364983528076143 -0.01825654701360924 0.9997169135330591 0.015257500820914191 -2.364498232484579 -0.003564205665675946 -0.015325020833985273 0.9998762124266369 233.69652957826065
0.9998180715850424 0.01864213650725792 0.004036636019035401 -0.7388807163878459 -0.018701405941996145 0.9997098768479855 0.015179578203698824 -2.3707475211216646 -0.0037524854343959115 -0.015252307687776018 0.9998766353732139 235.15079749882653
0.9997796471676341 0.020529824900750386 0.004379879366074253 -0.7394045098137001 -0.020592027005259965 0.9996804249705804 0.0146634378217814 -2.383789255036463 -0.004077442188957981 -0.014750397589049348 0.9998828932617588 236.69432232252734
0.9997626342677756 0.021257635421796782 0.004773677799135182 -0.7534001208553336 -0.02132862726421291 0.9996546993712117 0.015348346524541107 -2.3880642484233663 -0.004445760254933957 -0.015446519664604011 0.9998708117789754 238.1730932322764
0.9997594720801778 0.0212913810117067 0.005260705490661264 -0.7590369206773994 -0.021379785555741392 0.9996206573219513 0.017362208395466202 -2.3871120641057875 -0.004889044886732245 -0.017470505411533502 0.9998354257994324 239.67366881382225
0.9997964028741887 0.019242454964631988 0.006072946371262979 -0.7447001715817658 -0.019351828979545363 0.9996416273441875 0.018496584597503394 -2.383648929310865 -0.005714850766329173 -0.018610341742516533 0.9998104798731223 241.23227115215278
0.9997323234443449 0.022171336764141975 0.006611597775318807 -0.7521005909092742 -0.022281510941610398 0.9996057665759096 0.017083493732951812 -2.4050615870695555 -0.00623022788374259 -0.01722623762180574 0.9998322064224858 242.6997993068035
0.9997315631558092 0.022006426384923346 0.007246983320967491 -0.7488697859430853 -0.022120799705506115 0.9996256710275303 0.01609931995510387 -2.4066239206486117 -0.006889982636147061 -0.016255307702616056 0.9998441344086844 244.2506383628432
0.999726529256157 0.022166429986054025 0.0074509074547021575 -0.7458092675088659 -0.022284541794022818 0.9996210336093196 0.016161324927654905 -2.4034326002606807 -0.007089845520989053 -0.016322945669618574 0.9998416352282077 245.73895012048987
0.9997243779096615 0.022217803050075362 0.0075853397655784496 -0.7496233544599548 -0.02234759175004522 0.9995974846890023 0.017477236799101573 -2.407132539216195 -0.00719398134015206 -0.01764193412181498 0.999818487923978 247.24425463212182
0.9997216414779104 0.022425865378458296 0.007329396995716079 -0.7452758898645837 -0.022557252382057223 0.9995768817144958 0.018363767772544753 -2.415720984910145 -0.0069144729806317595 -0.01852398749578717 0.9998045068678012 248.80783319415718
0.9997231677215728 0.022449369568269664 0.007043696764967159 -0.7525091372605729 -0.0225773556610091 0.9995711354860476 0.018649615927162983 -2.4148148277285304 -0.006622004398898725 -0.018803481540948835 0.9998012693243362 250.2942230651731
0.9996820286278925 0.0241332301836056 0.00730949854456429 -0.7519743995165797 -0.02426829265595415 0.9995251084986416 0.01898966875981015 -2.4142709397110176 -0.0068477458431867215 -0.019161020029205254 0.9997929604130034 251.87254086193755
0.9996552675645771 0.025219973047571544 0.007300610541132729 -0.7587603683466673 -0.025356650684845793 0.9994925964613212 0.019276668729007577 -2.4191879736384774 -0.00681074968105983 -0.01945514286456717 0.9997875329830167 253.36726893117438
0.9996457470817658 0.025535323027636916 0.007505167694194495 -0.7500939204983663 -0.025676809449163344 0.9994819956507298 0.019402110715911688 -2.410739318709617 -0.007005841397876943 -0.019587946622278953 0.9997835918521756 254.9233943250668
0.9996680724500511 0.0246102425002281 0.007621077058096113 -0.7506650934703718 -0.024756381786511992 0.9994990996266316 0.01971475273260369 -2.417148208193113 -0.007132075400286324 -0.019896879561522744 0.9997765988898912 256.45572749106043
0.9997136280229721 0.02272984769594684 0.007484377402670152 -0.7415073352575919 -0.02287905117648682 0.9995281901670503 0.02049258739201756 -2.4045813379097267 -0.007015053387027754 -0.020657954761741416 0.9997619906434849 257.99956271735357
0.999759674827727 0.020540302215252916 0.0076608432466685 -0.7335371928204877 -0.020700537343046808 0.9995554093253246 0.021458599464557852 -2.4180053504194734 -0.007216671782775576 -0.02161202643048226 0.9997403862839456 259.5192988192229
0.9997691272258057 0.02017711982798191 0.007387559073436536 -0.7265877567315512 -0.020328418751040765 0.999572528316771 0.021012283863367173 -2.4125597181941 -0.006960434304135437 -0.021157610520296643 0.9997519231670668 261.07012685592906
0.9997316607726495 0.02194671392853159 0.007412701009871189 -0.7147325846646797 -0.0220927612463713 0.9995512055296956 0.020231101816926847 -2.437682365540004 -0.006965368600114931 -0.020389440465315944 0.9997678502342078 262.59605693470996
0.9997969893459056 0.01840101555089136 0.008208695178202234 -0.7075407363312979 -0.018574236543903548 0.9995952154490488 0.021550012252373296 -2.41826571776855 -0.007808830958187525 -0.021698108051651295 0.9997340717766793 264.1351156723555
0.999857885383503 0.014601027730977975 0.008427276840044086 -0.7092482795451263 -0.014800518670945211 0.9995995995130157 0.024116080185142365 -2.4039905358355567 -0.008071783662295624 -0.024237381488196538 0.9996736445734618 265.6933073276008
0.9998325345182217 0.01609423203831091 0.008710831068102439 -0.6973516910668699 -0.016294644945354028 0.9995922721090938 0.023447262420392318 -2.415945248522519 -0.008329914423229993 -0.02358527618313502 0.9996871246945259 267.264130682217
0.9998313515661122 0.016059797811887624 0.008907933755345009 -0.6953982967314145 -0.01625733908135127 0.9996131768652774 0.02256536268779032 -2.415865969147598 -0.008542093502760395 -0.022706376827172442 0.9997056832368093 268.75588853232944
0.9998083640453463 0.016973416706639384 0.009753884910845743 -0.6880782615640592 -0.017188786906525727 0.9996004635232704 0.022437891217982456 -2.4133701181464358 -0.009369140974992193 -0.02260124921136142 0.9997006565654184 270.3528590308962
0.9997664758065573 0.018665260190266625 0.010890448523431667 -0.6884128662635531 -0.01890843925360431 0.9995641531537404 0.022671010015395694 -2.4042334199496382 -0.010462542521972353 -0.022871637626992857 0.9996836616662693 271.8580168271383
0.9997069103059872 0.021136914473202876 0.01180357047380477 -0.6896507065931237 -0.021396254508166915 0.9995224508361937 0.022295080586593057 -2.4062666529729886 -0.011326685417380446 -0.022541098777461296 0.999681751893825 273.40635412666927
0.9996557040338141 0.02283355036919478 0.01292680567231246 -0.6701896481017321 -0.023117259668891783 0.9994853412454121 0.022240615990492475 -2.4068060577828265 -0.012412321585300153 -0.02253179141102409 0.9996690715708308 274.9835507937387
0.999640438810356 0.023104222321233256 0.013608377527431501 -0.6727822719702796 -0.0233975670613693 0.9994883847358885 0.021806482845451582 -2.4006268547280305 -0.013097594536475245 -0.022117045449293642 0.9996695900769198 276.49516062948743
0.9996033331681761 0.02389252190760971 0.014910521254889602 -0.6458447491515568 -0.024211708627714407 0.9994733370597578 0.02160652069185668 -2.397293064380227 -0.014386435366443108 -0.02195895973725822 0.999655357896975 278.06399146374656
0.9995788677534889 0.024219376067233813 0.01598464541295054 -0.6287709998499229 -0.024553089836950304 0.9994774767132877 0.021021878816195064 -2.4028008174895894 -0.015467157566086309 -0.021405498687841425 0.9996512250133419 279.5720092432618
0.9995737829444695 0.02387795812605275 0.016795698611138048 -0.6136601262816882 -0.024232685204848496 0.9994806109154122 0.02124347986643035 -2.39530640657726 -0.016279725545657008 -0.021641430841819898 0.9996332422525449 281.1256198900826
0.9995779079187324 0.02296553395218809 0.017792981200147464 -0.5796855170535145 -0.023359653264820764 0.9994790872085948 0.022268383232770843 -2.4007585653807437 -0.01727230874021338 -0.022674622246371748 0.999593681886845 282.7165957831548
0.9995956687513977 0.02206481126362653 0.01793440966741115 -0.5662568370049021 -0.022467944226216133 0.999492169286984 0.02259635084727723 -2.397598010710393 -0.017426719262186304 -0.02299016420850838 0.9995837942950473 284.2230011168584
0.9996141311549692 0.020821636596303306 0.018386086650058205 -0.5310962978029223 -0.021201624713116367 0.9995604929002574 0.020719850245705183 -2.3939669194228435 -0.0179465861431825 -0.02110167042736587 0.9996162461473594 285.7984938251896
0.9995722187297122 0.023293868524869095 0.017685450529544833 -0.5243410398457115 -0.023618029948766918 0.999552686823481 0.018347070340800544 -2.4088576107827677 -0.01725016679418551 -0.018756917681504975 0.9996752521655943 287.34659996472715
0.9996122896286997 0.021963388014611153 0.017113735553397437 -0.4894731019665311 -0.022280245858115475 0.9995796662933547 0.018549432224753044 -2.4039711698448873 -0.01669913509335847 -0.018923539029387305 0.999681468551278 288.88024284618604
0.9996528319994493 0.020473203456536204 0.016585034137277466 -0.46988182255369654 -0.020786075254644213 0.9996049618931357 0.018917169072934982 -2.4068927877549955 -0.016191188719534448 -0.019255339786869743 0.9996834885624103 290.4212846446952
0.9996218796782353 0.022767772787486363 0.015418369682997394 -0.46176415169440677 -0.02304980996005425 0.9995655590692555 0.018368436120628984 -2.425452518908524 -0.014993464185390472 -0.018716881506882495 0.9997123958336218 291.98473908805477
0.9996462745063033 0.021925899417238773 0.015052599026038421 -0.44063385906011565 -0.022201107423298696 0.9995848133162782 0.018366052241657726 -2.4144929624201983 -0.014643658396964212 -0.018693740442064097 0.9997180139127783 293.5811325776863
0.9996416375005701 0.022349045530031517 0.01473487952143045 -0.41822689024699494 -0.02262206109651488 0.9995704963313553 0.018629688016576613 -2.4106120832560936 -0.014312196286465436 -0.018956345558895374 0.9997178692036628 295.10300340925147
0.9996309821575443 0.023308543784917216 0.013950312867754526 -0.41099689077658935 -0.023573033954558377 0.9995395474467954 0.01910510989040201 -2.42608268416911 -0.013498578246633863 -0.01942691135264865 0.9997201525952079 296.66962643811934
0.9996607427610774 0.022531496633517223 0.013066406460987681 -0.38009718111801843 -0.022793506708319214 0.9995348377609033 0.02026238419910331 -2.413855830875506 -0.012603787670630417 -0.020553339674012346 0.9997093101344059 298.26989098102626
0.999666033503157 0.022667914980510368 0.012409150908486193 -0.36871660215838375 -0.022930389671276252 0.9995072570652294 0.021434559993959466 -2.4140760658506775 -0.011917160594417307 -0.021711948670472145 0.9996932392358466 299.80752389706475
0.9996490334391966 0.022908524079548638 0.013304488064735113 -0.3547488475094335 -0.023194977450410433 0.9994934485555795 0.021790809417443633 -2.40573283809598 -0.012798554439987123 -0.022091759315212563 0.9996740224598212 301.4150436005413
0.9996030463490989 0.024257325406368088 0.014329404058530863 -0.35224943233645034 -0.024565138410929825 0.9994624581184839 0.021710570066961928 -2.398921023826671 -0.013795062190301532 -0.02205395621298908 0.9996616023843052 302.9970931126824
0.9995932564904165 0.0243393323319274 0.014863324209900493 -0.32810686261215505 -0.024662718701635358 0.9994542538825633 0.02197600437994258 -2.397816407271238 -0.01432033252812224 -0.022333636213936234 0.9996480064390084 304.59641269244577
0.9996813776579905 0.020314342637369157 0.014982342646106919 -0.31342386801797584 -0.02062203636197091 0.9995735116734066 0.020676712176099718 -2.387428125964681 -0.014555920250522603 -0.020979090945681268 0.9996739483128426 306.1969363022769
0.9997039176972639 0.01874419548100177 0.015515541454176048 -0.29015808177406066 -0.019045587945929535 0.9996282278941138 0.019510807795959723 -2.38416636574583 -0.015144060078315412 -0.01980053399264582 0.9996892498692098 307.7795705455702
0.9997296237048389 0.017467470138638787 0.015348189772649108 -0.2830057019509455 -0.017754514108917506 0.9996661915165094 0.01876919835681385 -2.383003981627313 -0.015015217259505418 -0.019036623638725735 0.9997060318995799 309.4021103354648
0.9997335975313932 0.01861274488220875 0.01364916287804644 -0.26143128720920666 -0.01886327766913807 0.999651604859946 0.01846200694704807 -2.3830460172975325 -0.013300780060780507 -0.018714556944430912 0.9997363925614408 310.99485467354447
0.9997442677008294 0.019632893160542463 0.011222684842095173 -0.2560321921834537 -0.019844767870465557 0.999620802985946 0.01909019312010542 -2.381857082217252 -0.010843634413566715 -0.019308023103471916 0.9997547778527954 312.61892765184416
0.999742167662431 0.019934066132511072 0.010873414987476885 -0.2535451770536297 -0.02016412326356883 0.9995660195774997 0.021475117822770284 -2.3764582737516258 -0.010440610585416434 -0.02168883415729994 0.9997102520873549 314.2400721802704
0.9997547551586918 0.018754440086084158 0.011777116268937843 -0.2409418136384669 -0.019042747576837 0.9995094358519353 0.024864863681044704 -2.3732582084389553 -0.01130501317811512 -0.025083034853333266 0.99962144737316 315.86210440860293
0.9997706738763529 0.017857567099031815 0.011819767792394496 -0.23058431517131767 -0.018157543767066527 0.9995027738561887 0.025778066097702446 -2.3639126404032877 -0.011353558089490056 -0.025986772981364866 0.9995978113014143 317.4837469946562
0.9997826260681671 0.016993006386360983 0.012080492786479161 -0.22878950517107177 -0.01728981127504115 0.9995403120690675 0.02490435717289753 -2.3578601232788627 -0.011651740594786996 -0.025107813553645792 0.9996168439200316 319.119779700012
0.9997867838037731 0.016503075832604026 0.012411099098183487 -0.20856718134936075 -0.016810927668017468 0.9995430007840745 0.02512334220777303 -2.343567122685268 -0.011990815807986914 -0.025326628095591042 0.9996073140263291 320.7385909367678
0.9997898268810798 0.01610464879479976 0.01268630423246134 -0.197115548323274 -0.0164214919373206 0.9995455245795354 0.025280010346437426 -2.3337447699024763 -0.01227341394857252 -0.025483025715091097 0.9995999093237886 322.36119829541184
0.9997815851713334 0.016133123168230942 0.013285490258609941 -0.18724848204683148 -0.016471052913976665 0.9995331748000212 0.02573202124386429 -2.337669531738838 -0.012864151456145771 -0.025945227515147946 0.9995805914417426 323.9819595646992
0.9997595255678441 0.017135146564279342 0.01368494599056169 -0.17105850797465044 -0.01747633563076347 0.9995293079836095 0.025213889155350475 -2.3243841947174255 -0.013246462009642966 -0.025446989072787276 0.9995884062960916 325.6240974679403
0.9997379608763046 0.017948233436305354 0.014208112259657218 -0.16728978401626715 -0.018291458683898573 0.9995347451845864 0.024407288741562668 -2.3095914364802406 -0.013763435295522763 -0.024660780663983157 0.9996011273281032 327.2362407211043
0.9997344148979291 0.01739136996541046 0.015120842414207499 -0.14027916644570287 -0.01777579533514858 0.9995123630761386 0.025672109192515575 -2.3068994774317275 -0.014666997004079184 -0.025934076575358712 0.9995560528969527 328.86023166030037
0.9997595300833854 0.01605651089052762 0.014935542394567233 -0.12378164194485175 -0.01645821775442799 0.9994952330745712 0.027173629771767085 -2.302867350215534 -0.014491690948040094 -0.02741290828109199 0.999519146072987 330.4899980948259
0.9997603662534463 0.016088647268488188 0.014844711481357686 -0.11595820456004091 -0.016471781828063532 0.9995247004732941 0.026058656411961617 -2.2869123643783373 -0.014418408464059212 -0.026296931246205756 0.9995501892933941 332.10266023082517
0.999747163068303 0.016862098510133407 0.014875467350382587 -0.09357609869706351 -0.017251164004183122 0.9995019034372765 0.02642616875519875 -2.294668256901452 -0.01442245846886034 -0.026676106897626464 0.999540083250795 333.7405689421264
0.9997244627112226 0.018436160174881235 0.014529508150913393 -0.08042059248869515 -0.01879363761276942 0.9995141847422901 0.02486350179352404 -2.267940808234671 -0.01406406316204557 -0.025129713780502515 0.9995852638085148 335.3410116728662
0.9996975041948643 0.020259628420480548 0.013944443629602031 -0.07114498068575814 -0.020557831925372267 0.9995556402743382 0.021584660996590257 -2.2706524130802777 -0.013500951193639248 -0.021864799691092826 0.9996697729040164 336.97688246041236
0.999687881335651 0.02122827797518733 0.013171942399267656 -0.06805212836487706 -0.021524822965984118 0.9995084026746757 0.02279550459996719 -2.265799835974865 -0.012681558853781002 -0.023071913886462018 0.9996533723556199 338.5618691029837
0.9996898185293575 0.0218323742806801 0.011983910120370018 -0.04737055903157117 -0.022134119697835672 0.9994258587287276 0.025652167549616293 -2.2642243522747822 -0.01141698288523199 -0.025909464541714815 0.9995990957172523 340.1773258758038
0.9996753578957929 0.0228013291370662 0.011370054580335529 -0.04430152407628196 -0.02311567595623726 0.9993313827545487 0.028327601708301932 -2.2422488998773815 -0.010716546279592294 -0.028581232445435173 0.9995340258342895 341.79644686147526
0.9996847814077819 0.02309616244855888 0.009844035581560068 -0.0426136584207264 -0.023363582207434258 0.9993355110194725 0.027976409616882025 -2.2345328155139748 -0.00919134738262352 -0.028197583432971914 0.9995601109657992 343.39215849210615
0.9996954331122933 0.023266638137111217 0.008228274310929774 -0.03685827057999436 -0.02347871026907839 0.9993679561776303 0.026691541445734417 -2.22806431015315 -0.007602051867058007 -0.026876601895959914 0.9996098524367987 345.00534435738666
0.9997225732560917 0.02269694489285007 0.00629485112670571 -0.028827593661962525 -0.022863413238877507 0.9993528138466935 0.027770809187006213 -2.2076009354574824 -0.005660465117759686 -0.02790702716724882 0.9995944962744853 346.5856079559874
0.9997622597494225 0.02117159056696455 0.005214180258592802 -0.027790327722803654 -0.021312852544107582 0.9993603396679817 0.028717135270768822 -2.2169178069065665 -0.00460285789121714 -0.028821437687361028 0.99957397847466 348.19235595384845
0.9997669266154624 0.021043752828110635 0.004822121446973027 -0.028067278473305812 -0.0211717350958983 0.9993770612903063 0.028235563440813898 -2.1978413563647488 -0.0042249356784021495 -0.02833107573143629 0.9995896658533967 349.80729956506514
0.9997706317926363 0.020897726794312614 0.0046870846788530755 -0.03371126068505359 -0.021019215324292122 0.9993988261624093 0.027571341925508495 -2.1857841948306325 -0.004108088881456501 -0.02766353733625293 0.9996088496614862 351.38901484677916
0.9997711995260111 0.020883483571220548 0.004629109555185054 -0.022130379547372736 -0.021002946501716954 0.9994020696953584 0.02746596749007561 -2.1758832765917493 -0.004052756911058291 -0.027556908759874453 0.9996120207133922 353.0005747774514
0.9997760556235566 0.020662154651762445 0.004573172956090709 -0.033250291961279266 -0.02078010460775721 0.9994070935898771 0.02745266065560279 -2.1672881381616835 -0.0040032306898838115 -0.027541544354456222 0.9996126437237235 354.5789717068182
0.9997812072414799 0.02038544926274983 0.004687328699049229 -0.03156274535749315 -0.020506030393686057 0.9994168359318429 0.02730367767978165 -2.1613354528694697 -0.004127997809417172 -0.02739382288977565 0.9996161954045144 356.17813372896467
0.9997824187479513 0.020302649171784794 0.00478722724942758 -0.03720503190745872 -0.020423056209672587 0.9994372490304625 0.02660984906654023 -2.1460038042769516 -0.004244283140979504 -0.026701829611853342 0.9996344323644012 357.7971238476509
0.9997891709654367 0.019931622640413017 0.004933962552894078 -0.039945314014187217 -0.020056653419624697 0.9994411668598511 0.02674106728589889 -2.131602473396152 -0.004398212780286953 -0.026834388809997743 0.9996302172874026 359.36955939239914
0.9997835655702989 0.020194494875483193 0.00500043383184166 -0.03403170639823483 -0.02031867182593436 0.9994509695430625 0.02617080618967829 -2.112660553357192 -0.0044691825876710155 -0.026266744629727216 0.9996449792528125 361.008295845772
0.9997905196201243 0.01977788242400588 0.005268034996144647 -0.04459722974345348 -0.019906514142513935 0.9994740418810887 0.02560020198119907 -2.1175989371323185 -0.004758946828254472 -0.025699707972130593 0.9996583803710903 362.58587223694985
0.9998052416381976 0.019021074785063145 0.005260936999507374 -0.04728535315193627 -0.01915273271236413 0.9994726231445716 0.026223051905136817 -2.1005370945446056 -0.004759372253922414 -0.026318706596107366 0.999642273050959 364.1605079209314
0.9998706652339945 0.01508431710725316 0.005578185058424205 -0.02700270679888661 -0.015234225826127242 0.9994950091421376 0.027886288449948875 -2.097272065479561 -0.005154722922139191 -0.027967661672830157 0.9995955375778067 365.7535749156177
0.9998634997678245 0.015537131322274522 0.005619550454387123 -0.03768906923506066 -0.015686965731371082 0.9994936932234024 0.02768169674610873 -2.0829780112712113 -0.005186611497319078 -0.027766072438420254 0.9996009925443077 367.33485697146136
0.9998411551216143 0.016620508898080387 0.006436083470381848 -0.024081629628104007 -0.016787773118233158 0.999497947049464 0.026870514410006364 -2.068488185087136 -0.0059862510770785915 -0.026974294214998196 0.9996182032462347 368.952028025804
0.9998339269786389 0.01701561203981288 0.006525899885211357 -0.03660866657091044 -0.01718914758936532 0.9994732411231876 0.027527686273843482 -2.0508887311571486 -0.006054062369997107 -0.027635289876883597 0.999599739443035 370.53596238614034
0.9998143719937775 0.017824979632487886 0.007313796063290355 -0.025473597613356547 -0.018023003802539208 0.9994463509229502 0.027967177031897734 -2.042533883685354 -0.006811232980016041 -0.02809380267667693 0.9995820853581707 372.16041874368193
0.9998118085496522 0.017874003765878763 0.00754104972703544 -0.029045829202998696 -0.01808030395465674 0.9994376894615203 0.028238405107329646 -2.023006354265122 -0.0070320765286573175 -0.028369435919240987 0.9995727712468481 373.73787527542044
0.9998062030718782 0.01810820518628467 0.007723286863561706 -0.030838250059395333 -0.018315965861557454 0.9994474586849947 0.027736307513978244 -2.015223674717413 -0.007216765269508431 -0.027872392318671297 0.9995854380980059 375.34449292437193
0.999803141916646 0.018039587631686258 0.00826139504565986 -0.0288530792573487 -0.01826150774664675 0.9994515485971016 0.02762461535379213 -1.9965859199063434 -0.007758528036951794 -0.027770043309428304 0.9995842285415987 376.98346092008313
0.9997971824142872 0.018225227415482395 0.008569426924807244 -0.030632206221136382 -0.018457064498106593 0.9994430513459834 0.027801509287549275 -1.976341854641574 -0.008057966024387101 -0.02795403767638805 0.999576730908188 378.5741189803963
0.9997891516613026 0.01833615565287429 0.009243244643073842 -0.020491153588163225 -0.018585932528002815 0.9994434074552391 0.027702679279928862 -1.9564177841340902 -0.008730139999246872 -0.027868633093524296 0.9995734710149352 380.1985511321546
0.9997803683737926 0.01882517144922538 0.009210205621137807 -0.03140861427239072 -0.019076522071712253 0.9994256144537184 0.028009418308889686 -1.9381935683674525 -0.008677634022145032 -0.028178965808371412 0.9995652277694976 381.8003609066244
0.9997582608751919 0.019838492543713955 0.00947913363738187 -0.025406978792065105 -0.020094245273206898 0.9994144760229942 0.02769343715984208 -1.9258985498459267 -0.008924188063731148 -0.027877219166253624 0.9995715179669273 383.4202839324324
0.9997439242261122 0.02018758466071411 0.010224839660092876 -0.032188378409550356 -0.020459645157146183 0.9994194854973674 0.027241420107370042 -1.9111887109325951 -0.009668966313970422 -0.027443641379370443 0.9995765891863811 385.04942277802775
0.9997229642557292 0.021179679584953988 0.010267222393046654 -0.0289265815348988 -0.021452928085410147 0.9993976825156156 0.02727717185581114 -1.9050263282283602 -0.00968331730310365 -0.027489877638001956 0.9995751797662502 386.6547399838817
0.9997045741742712 0.021754118448373185 0.010840786232776654 -0.02385805446379985 -0.022050374433728953 0.9993646368250795 0.028001851688765785 -1.8805798382328056 -0.01022474364071288 -0.028232623178998884 0.9995490851469738 388.2915539767093
0.9996939278411552 0.02218693610104457 0.01094488202647007 -0.019939513865710468 -0.02248753808830741 0.9993506663139222 0.028152378542460433 -1.8678320539527289 -0.01031316097214254 -0.02838988590278665 0.9995437224562194 389.9011224885507
0.999656459526657 0.02368531766370604 0.011223572756057117 -0.016653105694852677 -0.023992448261837947 0.9993180002976708 0.02806949880990766 -1.8634933793931394 -0.010551084157110518 -0.028329137357582128 0.9995429628645786 391.54116970743934
0.9996577221465532 0.023437988504298412 0.011623217293246425 -0.0035028229867368754 -0.023758030504258842 0.9993197376645585 0.028206700538994916 -1.8485260653711586 -0.010954203037574951 -0.028473191331332786 0.9995345330822302 393.2049778528288
