1.0 -3.469446951953614e-18 0.0 -1.7787691892340307e-19 0.0 0.9999999999999999 -3.5405977195229754e-19 0.0 2.168404344971009e-19 -2.354751593366955e-19 1.0 0.0
0.9999998184236251 -0.0001920850232811945 -0.0005711877703400902 0.0023623220759034095 0.0001924746445146272 0.9999997488292218 0.0006821250560820844 -0.022605926090915572 0.0005710566496940094 -0.0006822348851515522 0.9999996042253559 1.3271691435190551
0.9999996106291743 -0.0006537789352943687 -0.0005927180634304468 -0.007919513178060316 0.0006544457365945475 0.9999991525635218 0.001125420722648312 -0.03902273942997718 0.0005919818357649513 -0.0011258082084223669 0.9999991910569219 2.628002273801946
0.9999985244154309 -0.0013027885225958633 -0.0011197808784350139 -0.009237918093241298 0.0013039059154677044 0.9999986522689209 0.0009976409880589597 -0.0746863043332523 0.001118479749464476 -0.0009990996244713523 0.9999988754018504 3.9515879976599413
0.9999979703940859 -0.001937228998920874 -0.0005534921413556564 -0.02262172482950816 0.0019378220718998269 0.9999975470087418 0.0010727623416835195 -0.08804861158533576 0.000551412644931519 -0.0010738327538173656 0.9999992714139098 5.267169937196659
0.999997036378921 -0.002257119790703626 -0.0009124941099497561 -0.018649532155090798 0.0022585203953163664 0.9999962688856073 0.0015366511946255576 -0.10716273517368945 0.0009090223777324522 -0.0015387075564707359 0.9999984030282704 6.588547945280161
0.9999936632595775 -0.003508593216050255 -0.0006026759439965706 -0.02948167420671842 0.0035100103391593265 0.9999910402785762 0.002366259634554262 -0.14135771548296003 0.0005943683540825869 -0.002368360083453099 0.9999970187946299 7.919808128524947
0.9999935873579455 -0.003545972592000738 -0.0005013237787811235 -0.04596817924492045 0.00354734165519352 0.9999899091701308 0.002756432409814429 -0.15774417091880533 0.0004915445302566984 -0.002758193152571753 0.9999960753702014 9.237975717330988
0.9999945325228042 -0.003162199561540355 -0.0009671718406478215 -0.04767321814152363 0.003164403641643873 0.9999923810313146 0.0022856998956418675 -0.18049763445178707 0.0009599367157884275 -0.002288747964195241 0.999996920073368 10.56724348189401
0.9999993718278438 -0.0005397995478571074 -0.00098232359230411 -0.06509394826456763 0.0005397764616904867 0.9999998540369741 -2.3802210726537233e-05 -0.20032833946651057 0.0009823363803767111 2.327196069436608e-05 0.9999995172375006 11.89743762022698
0.9999981564558521 0.0016923360910403168 -0.0009072370437938672 -0.06665721773566044 -0.0016929583283586376 0.999998332053123 -0.0006854094371043539 -0.2266983538808344 0.0009060756633413533 0.0006869440995372273 0.9999993535678254 13.22589272218465
0.9999820106708277 0.005974440726658308 -0.000533272778243969 -0.1045120570416933 -0.0059749474674867745 0.9999816957056019 -0.00095303130405321 -0.241257904113775 0.0005275692314408041 0.0009562004503369592 0.999999403675884 14.567590881504826
0.999982839951986 0.005856299409656918 -0.0001534496495481305 -0.1236713329433625 -0.005856325537523358 0.9999828374910883 -0.00016788760203711293 -0.2712035399915645 0.00015246382826709145 0.00016878337089695224 0.9999999741335837 15.917468254411585
0.9999884223378712 0.004809210188411368 0.00016333554855116187 -0.11400853146835388 -0.00480962299815422 0.9999849839111226 0.0026266875916205064 -0.3045361535465053 -0.0001507008140786358 -0.002627442818475807 0.9999965369108845 17.255370670294397
0.9999999868828898 -0.0001127402006303492 0.0001162937087582389 -0.1172212798668156 0.00011215784866713471 0.9999875156145472 0.004995601496782098 -0.33155887634079506 -0.00011685546782980063 -0.004995588486281786 0.9999875151427958 18.621274221554074
0.9999983904090459 -0.0017831648169696276 -0.00019875849931439175 -0.11307461632853916 0.0017838402883144627 0.9999924538392277 0.0034511121448992255 -0.36391392631955066 0.00019260311689688276 -0.0034514612102576644 0.9999940251424273 19.96712149817813
0.9999957560895812 -0.0029088171497772906 -0.0001630630232517785 -0.11487460567577834 0.00290898396265977 0.9999952373244019 0.0010310850965691853 -0.3647334025757214 0.00016006302318906677 -0.0010315550866910133 0.9999994551370214 21.324332669210147
0.9999995837400214 -0.0008940199515759129 0.0001823452488435948 -0.136552135062318 0.0008940638638236815 0.9999995713888314 -0.00024056306524002945 -0.4185437142483679 -0.00018213011803512396 0.0002407259989782548 0.9999999544396522 22.668623390305065
0.9999989878441271 0.0012015982918956109 0.0007618866940021514 -0.13716955986454382 -0.001202153349746389 0.9999990121381016 0.0007283900631210865 -0.4070338850067291 -0.000761010772906524 -0.0007293052451931697 0.9999994444875729 24.039202680091254
0.9999968153441768 0.0017352919238074983 0.001832501827051299 -0.15586254346015993 -0.0017456708793922955 0.9999823595635395 0.005677428690675343 -0.43699561719062846 -0.0018226176542966363 -0.005680609666902954 0.9999822042104424 25.42886295284442
0.9999981516317629 0.0003393563505429027 0.0018925042564032456 -0.14402578003183703 -0.0003514358634341651 0.9999795466820817 0.006386134139045728 -0.45775885687239337 -0.0018902985278239628 -0.006386787553588234 0.9999778176116089 26.800966007357705
0.9999904606085778 -0.00396430824644552 0.001833837487332969 -0.14940444713127116 0.003953106108485585 0.9999737482988259 0.006072533109018024 -0.492547904255482 -0.001857862890869975 -0.006065225941571365 0.9999798804869673 28.167559803450562
0.999989708900815 -0.004221808036761672 0.0016608544159170586 -0.15691130372023035 0.004215604514859819 0.9999841904021077 0.0037212387661196334 -0.49176470133235045 -0.0016765386525783767 -0.0037141990337175327 0.9999916969365886 29.527375787560214
0.9999884421980842 -0.004226046292410584 0.0022925993481363585 -0.16030572599832127 0.004221929955184833 0.9999894721160486 0.0017974867200252626 -0.5436779327181454 -0.0023001716666426813 -0.0017877867812964134 0.9999957565039721 30.92668469616706
0.9999944099285438 -0.0017201530446736089 0.0028672620163158035 -0.17655900990981424 0.0017187744605852862 0.9999984061464251 0.00048323523093190304 -0.5367673860637072 -0.0028680889267439385 -0.00047830435866312115 0.9999957726346744 32.301227172551215
0.9999939412801732 -0.00022072688887380537 0.0034740016179974267 -0.17989140808777052 0.00022540905209503768 0.9999990668047982 -0.0013474346268534485 -0.5846675320406532 -0.003473701255660823 0.001348209564105068 0.999993057838963 33.68483073733965
0.9999932754366497 -3.0173704376213265e-05 0.0036671754192753514 -0.19572285689519928 3.3728114031902207e-05 0.9999995297649058 -0.0009691916419103467 -0.5841628677114686 -0.0036671447614286977 0.0009693088335428726 0.9999928062166742 35.07876185360161
0.9999950886353056 0.00016007889337479528 0.003130029347720188 -0.19229165356686068 -0.00016168461115259603 0.9999998554705612 0.0005127544568877497 -0.6273882265854189 -0.0031299470782717572 -0.0005132580238329434 0.9999949699841469 36.47222614085774
0.9999955497736991 0.00071003291791924 0.0028976349996779026 -0.2057655587056924 -0.0007144707936358021 0.9999985731097681 0.0015307876580003081 -0.629116667447206 -0.002896544199026125 -0.0015328511496248843 0.9999946301833708 37.878459191676946
0.9999935914537562 0.0026408322665880052 0.002417241157691993 -0.19971052975368386 -0.002645888552906317 0.9999943137201387 0.0020908863041345636 -0.6479794114792616 -0.0024117059348441093 -0.00209726869669747 0.999994892554786 39.26946660099773
0.9999795159405886 0.005590856534908007 0.0031160897381962436 -0.2227106004185736 -0.005598676060987804 0.9999811866257569 0.0025062385293331047 -0.6893610518465552 -0.0031020193544345613 -0.0025236332199120295 0.9999920043419414 40.66568057712544
0.9999606666776436 0.008378096814995583 0.00291076912779871 -0.2274999967795994 -0.008386377553308975 0.9999607888014764 0.0028442131930200387 -0.7122537459688307 -0.00288682614172735 -0.0028685121901464803 0.9999917189004429 42.089351175079415
0.9999568533083515 0.008903188932551142 0.0026504211602762064 -0.23516841954761625 -0.008911037969255181 0.9999559022608346 0.002964279855828646 -0.7290847615729926 -0.0026239129589750894 -0.0029877700241249024 0.9999920941228473 43.475641937620956
0.9999625323494099 0.008329051802503434 0.00235813030050982 -0.24893041018782572 -0.008335947879008475 0.999960963999482 0.0029295848940655523 -0.7521515890545593 -0.002333637779542697 -0.002949132443285578 0.9999929283499916 44.90329606939843
0.999967088087233 0.007964662672982396 0.0015449517582217921 -0.24485058521610797 -0.007968344264162184 0.9999653929759101 0.002391308603809443 -0.7820065063800614 -0.001525852453169729 -0.0024035406609814137 0.9999959473742257 46.30214080143153
0.99996872892346 0.007885994775253423 0.0005935028381001512 -0.25501046508883757 -0.007887846694277374 0.9999638194556549 0.003184598936409028 -0.81565403093274 -0.0005683676802198663 -0.003189180878406211 0.9999947530278797 47.731566563589055
0.9999675194542855 0.008050799684316165 -0.00038031958843567156 -0.2634448435198943 -0.008049218468327433 0.9999596363895181 0.003991953179410449 -0.833082623486892 0.00041244269033617327 -0.003988762328256183 0.999991959801486 49.129125997115956
0.9999596898902999 0.008874152620929967 -0.0013667435610557254 -0.2743573739066483 -0.008868471579906168 0.999952234224966 0.004108466735929645 -0.8607362810873338 0.001403137559677254 -0.004096180285429274 0.9999906262136992 50.560199597899775
0.9999581235204866 0.008767603227212692 -0.002623035492126135 -0.27884058470716505 -0.008756463729496454 0.9999527198094872 0.00422877131109671 -0.8727371251852394 0.0026599878911464613 -0.004205625801664329 0.9999876185141701 52.01264990897772
0.9999435113813646 0.010023261976201793 -0.0035366985132587654 -0.30113880266605303 -0.010002702004181248 0.9999332429947764 0.005784075362355692 -0.9140935167870889 0.0035944380242912684 -0.005748372210521707 0.9999770178560484 53.41966115202972
0.9999551658924373 0.00835778323346778 -0.004451251266517532 -0.3112569893219152 -0.008329769685434859 0.9999456161976081 0.006275316766599488 -0.9246668737384154 0.004503457312908313 -0.006237957653523435 0.9999704029454113 54.871200912275945
0.999974268468522 0.005289488286004685 -0.004845997801684222 -0.3229415360150708 -0.005253898584127392 0.9999593495741987 0.0073277388766873576 -0.9363481648431236 0.00488456121712328 -0.007302090093700888 0.999961409532173 56.266590288215674
0.9999772471234746 0.004307196622332166 -0.005191654281424071 -0.3440450963999027 -0.004270129670613874 0.9999654651395055 0.007129833591859238 -0.9669107760094791 0.005222185030331871 -0.007107502478282256 0.9999611053457762 57.692743707227365
0.9999818811121064 0.003317338940781513 -0.005023215495253923 -0.36832235780401895 -0.0032794144294032834 0.9999662009015841 0.0075393964818317475 -0.9944009065505158 0.005048056881122142 -0.007522786825893387 0.9999589615640101 59.14388772478631
0.9999830019802994 0.003096513781036119 -0.004940378283712289 -0.3659344877435441 -0.0030564606666936833 0.9999625687441384 0.008094390772249278 -1.0201424750427983 0.00496525817767478 -0.008079153277380435 0.9999550357419471 60.5497517935122
0.9999898899398271 0.0008805165617553129 -0.0044096143639925115 -0.38299682484493947 -0.0008417831114356233 0.9999611179509997 0.008778039990797895 -1.027692401462103 0.00441717249908289 -0.008774239482590719 0.9999517494958411 62.00423144507805
0.9999896391650419 -0.0015062977859929706 -0.004295651721878478 -0.3797227040573013 0.0015431632188258985 0.999961900390536 0.008591647669425993 -1.046329992275296 0.004282546848346185 -0.008598187716318692 0.9999538644213903 63.4119662325267
0.9999911308460333 -0.0019627684179855404 -0.0037263608887750156 -0.40333780783996787 0.001991615598978022 0.9999679579757277 0.007753482054298313 -1.0736950817690978 0.0037110235189630036 -0.0077608349204255815 0.9999629981928871 64.82036398122187
0.999993050306594 -0.0024372350687300107 -0.002821209372149009 -0.41905810579083824 0.002459057117520128 0.9999668866570004 0.007757488110433005 -1.090364264675912 0.0028022093736801592 -0.007764371866702694 0.9999659304993186 66.27218878207582
0.9999969957862167 -0.0007368203114784949 -0.002337843342061381 -0.4283004446794054 0.0007543653962830982 0.9999714939194592 0.00751280759931006 -1.109924382647028 0.0023322413133130063 -0.00751454876679156 0.999969045627651 67.64309212662938
0.9999964332576406 0.002137025825599088 -0.001602056857398147 -0.45070267199215175 -0.0021226284975148085 0.9999578262952313 0.00893532764447061 -1.1299037351186576 0.0016210844627524439 -0.008931895381918449 0.9999587958188866 69.11480576341111
0.999985688881764 0.005289283377602953 -0.0008034309616563506 -0.4617745996447712 -0.005280938533527409 0.999935489233268 0.010056294894158208 -1.1450650276413155 0.000856569805315026 -0.010051908310675274 0.9999491114212856 70.47632818101484
0.999953684150301 0.009622003314205013 0.0002158358860535291 -0.48753414012057084 -0.009623818823109018 0.9998908685654836 0.011208616691191721 -1.1726351781840298 -0.00010796298528747538 -0.011210174948278865 0.999937158188177 71.92697531953014
0.9999120044936675 0.013249913430416661 0.0006504087657894886 -0.495329104734078 -0.013256136441210951 0.9998544789570034 0.0107375874985125 -1.1770918880500707 -0.0005080420478826364 -0.010745264767927488 0.9999421389167009 73.29205919272303
0.9998571719405451 0.016846977312475885 0.001347230710969271 -0.5106325740069181 -0.016859967362950083 0.9998048696338845 0.010293891343925408 -1.1942270155847907 -0.0011735469632700416 -0.010315135568478002 0.9999461089316359 74.68690626978031
0.9998365714790394 0.017944007542591713 0.0022006542759504455 -0.5264832727290216 -0.017965743448929587 0.9997856501008512 0.01029009043369143 -1.2035278516950185 -0.002015537268627627 -0.010327945345241396 0.9999446340448982 76.13715669320982
0.9998245843302319 0.01856222186211036 0.0024988875887316233 -0.5310964181684732 -0.018588013880038175 0.9997696828647482 0.01072692934292029 -1.2202046399990114 -0.002299196596441256 -0.010771497253263072 0.9999393424316105 77.50130168256004
0.9998364925250797 0.017889053699955672 0.0026400618300717136 -0.5360046501256952 -0.017917356942275094 0.9997776644732059 0.011117103328594745 -1.2520618094184854 -0.002440600590402503 -0.011162588760991108 0.9999347179099228 78.90467891789541
0.999853195484052 0.016999233582162702 0.002147904666236878 -0.5342455713108436 -0.017019693548612727 0.9998061837668326 0.009895704929588661 -1.2565629257206794 -0.001979269128146348 -0.009930809081753745 0.9999487294482922 80.27836700079415
0.9998561277082756 0.01683392032840279 0.002083978803211507 -0.5470569231793483 -0.016854194922177435 0.9998066782914359 0.010126312238518082 -1.283870057645667 -0.001913110545899546 -0.010159979339322823 0.9999465559861782 81.67086620198445
0.9998708796275099 0.015980345744344218 0.001688959025413052 -0.5591157618686556 -0.01599732826243962 0.9998161537893918 0.010570910508338447 -1.2913150413844614 -0.001519721832771816 -0.010596564640248232 0.9999426999907858 83.06472783093231
0.9998666743115299 0.016262991034598787 0.0014658384174825033 -0.5738959717750857 -0.01627668838755247 0.9998187714822512 0.009873887127549628 -1.3055212766241826 -0.0013049939311915216 -0.009896429886351251 0.9999501775927319 84.42955175829866
0.999873563515053 0.01588968889766637 0.0006121512319970828 -0.5782231061678632 -0.015895092002955157 0.9998220316389249 0.01016125672400613 -1.3129905897830967 -0.0004505831111105553 -0.010169702382823746 0.9999481857231586 85.83352504441503
0.9998718024721092 0.01600485243988515 -0.0004725210774950846 -0.5898501468971251 -0.015998783691866587 0.9998130858116607 0.010855063275253611 -1.332609467175584 0.0006461665049521145 -0.01084611214702861 0.9999409704202351 87.1892753994864
0.999888379370284 0.014850567447898286 -0.0016399407155311856 -0.5951823754108838 -0.014829524134890446 0.9998159141742983 0.012174687317681154 -1.3488468462986156 0.0018204400036128843 -0.01214900908330621 0.9999245409450357 88.57539312723846
0.9999235183485949 0.012055098301778639 -0.00276261187935342 -0.599210198967774 -0.012018987061975078 0.9998466658803613 0.012735332806636124 -1.3690659891888997 0.00291571422150144 -0.012701155252858391 0.9999150860327888 89.95785120093522
0.9999307766255455 0.011170837638693604 -0.0036951739352093643 -0.6112455886755446 -0.011120653552399416 0.9998492590990529 0.01333379781681611 -1.3862858542309855 0.0038435669467370755 -0.013291782330847504 0.9999042731822327 91.32993022205822
0.9999405676050991 0.010121335622824933 -0.004052134265571882 -0.6271974972188747 -0.010068020325162835 0.9998652173445446 0.012968505270999681 -1.4032977079106475 0.004182847065827729 -0.01292693781746775 0.9999076947809222 92.70416085311254
0.9999553910847194 0.00838412600947237 -0.004349970713570989 -0.6401602870375267 -0.008327131295541254 0.9998813525420975 0.012959156445955633 -1.4221999399586696 0.004458106187884737 -0.012922355839523121 0.9999065646461223 94.05174476219997
0.9999575055418403 0.007997333813805439 -0.0045858190607069825 -0.660376360906327 -0.007939294187398109 0.9998898775166885 0.012537960740374061 -1.431563823495375 0.004685584721879445 -0.012501020036240323 0.9999108809327764 95.42647191888325
0.9999610497669634 0.0076802421285284365 -0.00434888551535998 -0.668318946362764 -0.007627980725776899 0.999899989770983 0.011909004058921669 -1.4398284106591683 0.004439915001330877 -0.011875367229101907 0.9999196281806294 96.78236317234028
0.9999516010094271 0.00888112630223483 -0.004233344627073257 -0.6867781149821206 -0.00883265851184677 0.9998967616743437 0.011333585133863773 -1.4551755664972088 0.004333562959490134 -0.011295645145290628 0.9999268116443173 98.10859484310961
0.999935563759896 0.010658289318482452 -0.003907577895346281 -0.7080967600576726 -0.01061307935262577 0.9998785376120096 0.011413701844643362 -1.462067430050578 0.0040287541570513605 -0.011371495189900573 0.999927226476401 99.46597800674066
0.9999337640692179 0.010844509019084424 -0.003855394412828229 -0.7148154010912201 -0.01079416353996404 0.9998591972792691 0.01284802200502911 -1.4750203777221471 0.003994182400530103 -0.012805555510478746 0.9999100280862914 100.79636521219155
0.9999317305265896 0.011089855344887491 -0.0036809457665960264 -0.7396053749525195 -0.01103603103296985 0.99983635414056 0.014334258877737973 -1.4831761409111404 0.003839308587798849 -0.01429265754704306 0.9998904838345951 102.13358082693772
0.9999379449987451 0.010572107812327 -0.0035123577875771496 -0.7499663276015198 -0.010523501229767914 0.9998524010009496 0.013580579999219104 -1.5061518758673278 0.0036554150421828214 -0.013542775232808226 0.9999016107558352 103.48216298997565
0.9999394112687955 0.010455472010036796 -0.0034433800391067398 -0.7623840044151992 -0.010415936990679468 0.9998818329408691 0.011306123613641292 -1.5159319928017867 0.003561184313407162 -0.011269572793459382 0.9999301549138089 104.8022196663142
0.9999508425263846 0.009270744690147575 -0.003516503459766492 -0.7732080012981222 -0.009234866301154825 0.9999064945138941 0.010085608081827116 -1.527596911967425 0.003609676057569753 -0.010052638067686723 0.9999429557313139 106.13817942387686
0.9999615426887903 0.008162415837860324 -0.0032075049128930757 -0.7859155648155984 -0.008125901062525871 0.9999038444703604 0.011237061834443455 -1.545801027249813 0.0032989183523838344 -0.011210566049571253 0.9999317178470613 107.4832866995763
0.9999832004173096 0.005117199457475564 -0.0027227078522800135 -0.7940898111807803 -0.005081232752390465 0.9999018444967731 0.013056892830362456 -1.5424490450715493 0.0027892555743581414 -0.013042839030955008 0.9999110482505208 108.8077239687505
0.9999906570825142 0.003933156141981236 -0.0017933265245567678 -0.8088546534651864 -0.003907724261423856 0.9998947636722644 0.013971087051977906 -1.5642241334046874 0.0018480884355162749 -0.013963948975435373 0.9999007914323479 110.16516238330095
0.9999939496588894 0.0032542676594202727 -0.0012289750298635554 -0.818932029583876 -0.0032377345089862463 0.9999073238251818 0.01322349562947136 -1.5771395871891498 0.0012718940452913275 -0.013219436792024105 0.9999118105031967 111.47232053161635
0.9999919012768742 0.003994858708080851 -0.0004883403130199698 -0.8329756713840979 -0.0039892125863119025 0.9999308476157109 0.01106282843653161 -1.5934941173249482 0.0005325010333298225 -0.011060790969920326 0.9999386857955458 112.81331170393831
0.9999714374600369 0.00753929390027387 0.0005322559815500488 -0.8367958881128881 -0.007543789622035159 0.9999308617728063 0.009020139991645236 -1.6130616737397543 -0.000464213728301932 -0.009023897763940036 0.9999591760551452 114.16020536677956
0.9999437136773454 0.010411693338686192 0.002041102099923529 -0.8526080403595596 -0.010428613071308561 0.9999098185085081 0.008461613381603965 -1.6143927872712842 -0.0019528184654286143 -0.00848242314611318 0.9999621167811711 115.46892292445749
0.9999341665147551 0.010911135147257195 0.0035510202949876526 -0.8655831159173688 -0.010949341912739444 0.9998803849374206 0.010923724211522974 -1.6312857353288612 -0.003431405590090253 -0.010961886621654761 0.999934029072368 116.83951053346357
0.999924717157968 0.011438919208981376 0.004439720927996736 -0.8717571020974292 -0.011494902703335311 0.99985205665465 0.012795782015708558 -1.6312118679425947 -0.004292694537239581 -0.012845853131424907 0.9999082742085987 118.13803608988422
0.9999277273884202 0.01072253622601859 0.005437572770094079 -0.8705983393066132 -0.010797546991791949 0.9998442768335021 0.013958333762294182 -1.6521691490334707 -0.005287057710776287 -0.014016037684726885 0.9998877925588927 119.50274475252711
0.9999181348140072 0.011114740788999327 0.0063392576440477345 -0.8717354311908206 -0.01119868104694953 0.999847996795606 0.013363115932223741 -1.6636298676385488 -0.00618976699978364 -0.013433013550917706 0.9998906144826171 120.82597873036697
0.9998855437345108 0.01297040582401442 0.007788965160955345 -0.8697358830057238 -0.013072757920932265 0.9998269321654811 0.01323664397583289 -1.6731947911166334 -0.007615933131147367 -0.013336952481602316 0.9998820546741646 122.13047422702311
0.9998537302633069 0.014620656311619684 0.008874370785479136 -0.8741953494795318 -0.01473225324824111 0.9998115430233124 0.012642752250413844 -1.6771535364873629 -0.008687853737679446 -0.01277164273205442 0.999880696051881 123.50475659580313
0.9998324510481373 0.015271537227738458 0.010092073554833075 -0.8761164079332773 -0.015392974587263549 0.9998087065300433 0.012066760778854088 -1.6874224788573542 -0.009905865848798387 -0.0122200862819845 0.999876263999986 124.83967077384314
0.9998090538654111 0.016039802397558294 0.011161564028521935 -0.8698842457612713 -0.016166558209349056 0.9998047734353452 0.011360345524831806 -1.6920559214457003 -0.010977168216646231 -0.011538620616114709 0.9998731729622382 126.17212941933047
0.999802947970541 0.015831303546276463 0.011976436098785933 -0.8667466913989509 -0.01596309903454446 0.9998121808846809 0.010990107469213493 -1.7115608241646492 -0.01180019995694487 -0.011179123104616728 0.9998678825150088 127.50338252686035
0.9997945748967989 0.0155750904895516 0.012970139849720235 -0.8616882292697394 -0.015729100605574715 0.9998059727888298 0.011858001808412625 -1.7190878138589865 -0.012782934909935808 -0.012059574750946609 0.9998455696908386 128.83003781513474
0.9997888682599091 0.015177966554400273 0.013850927773327089 -0.8544249349111049 -0.015355389202628807 0.9998002402483651 0.01279420402981712 -1.7323374664748863 -0.013653972058880047 -0.013004189410852731 0.99982221424833 130.2058328957963
0.9998097917495602 0.013316831772978446 0.01424929067362313 -0.8396671524624488 -0.013508785460235113 0.9998181449524711 0.0134606748466551 -1.7363075915836563 -0.014067447004324577 -0.013650605393708914 0.9998078654959447 131.52866215543386
0.9998207822154719 0.012482460701621411 0.014233467571613248 -0.8301655721413892 -0.012678111460310513 0.9998252318986423 0.013739402236932123 -1.756159809091975 -0.014059479644706198 -0.013917393652462992 0.9998042994439471 132.87467959303387
0.9998469446909481 0.01038694923022562 0.01407829743811196 -0.8184088886285878 -0.01059183541011487 0.9998379299209361 0.014557710403355233 -1.7512801831466918 -0.013924806734012328 -0.014704597564249603 0.9997949162547671 134.1964182196384
0.9998703585407266 0.008828459747392483 0.01346567473197056 -0.8009441262800134 -0.009026120681420578 0.9998513645853121 0.014689380377006064 -1.7732399325310446 -0.013333989767890853 -0.014809019117271033 0.9998014291199363 135.53005290914936
0.999884741541784 0.008942881306202861 0.012269005345844256 -0.793831344519822 -0.009117852575353625 0.999856460517942 0.014280165931244386 -1.7839077378405723 -0.012139539445057117 -0.014390387283920666 0.9998227584604634 136.8696276366841
0.9999089300844399 0.00736596142790553 0.011308144879969263 -0.7861731017209217 -0.007542393343725152 0.9998492460616835 0.01563961193178655 -1.7962589694221314 -0.011191240287893495 -0.01572347841675501 0.9998137468386087 138.20690599319204
0.9999277105496522 0.0063476798730430625 0.010211788728373887 -0.7682690508217549 -0.006510682885496691 0.999850651195075 0.016008944972013144 -1.8052213796459884 -0.010108644793847217 -0.016074273725734226 0.9998197002583921 139.549040563833
0.9999481513199068 0.004992729317807982 0.008875095664031597 -0.7698146086847235 -0.005137124086238586 0.9998535908582229 0.016321973119866367 -1.8147856938149465 -0.00879230580531357 -0.016366719634054706 0.9998273980279667 140.9072228929802
0.999963834419307 0.0037566708876241653 0.007630024705716384 -0.76859369021481 -0.003877732608688831 0.9998658427911465 0.01591413238020289 -1.808714748315387 -0.007569217552123196 -0.015943144342919095 0.999844249418043 142.22608515118984
0.999972460826431 0.003363386944331177 0.006615528491058277 -0.7636470659932393 -0.0034658513009848914 0.9998732644338869 0.015538434430793406 -1.8068170375422659 -0.006562428843047296 -0.015560935257111929 0.9998573857415388 143.5771487270837
0.9999820826364877 0.0012806839029899635 0.005847585707428193 -0.7530354347304298 -0.0013593571901564351 0.9999083531676192 0.01346987047292566 -1.822948508528196 -0.005829799630289084 -0.013477578347909695 0.9998921783459283 144.92909451126908
0.9999879390231885 -0.0014954536195356197 0.0046781870667018345 -0.7683675695467287 0.001436809801579668 0.9999206651447669 0.012513951697491362 -1.846898913431003 -0.00469653034444774 -0.012507079343521387 0.9999107538017422 146.2349694800784
0.999934450418562 -0.010869342753147894 0.00359892604772104 -0.7603260377023924 0.010811709598833147 0.9998188562657623 0.015664021650344216 -1.8432505813745625 -0.003768532050103361 -0.01562408463354566 0.9998708347320706 147.61494390933183
0.9998335282002979 -0.018137457377703753 0.0019870926819360105 -0.7491289100076309 0.0181007527305988 0.9996890642334192 0.017150439843883557 -1.8503746615924712 -0.0022975403744270873 -0.017111617227527045 0.9998509458259434 148.93761754918503
0.9997983691535837 -0.02004921524266909 0.0011180403270746545 -0.7221792028946019 0.02003133007829051 0.9996984614202212 0.014203240379849187 -1.866150220943532 -0.0014024671238540068 -0.01417798099660199 0.999898503821608 150.23941967127604
0.999814899052128 -0.019203755917359063 0.001176180720874103 -0.7438876239190029 0.01918935325544431 0.9997527961183569 0.011230109711411012 -1.881053330944337 -0.0013915503573472014 -0.011205461065146369 0.9999362485838366 151.63519799125586
0.9998693328647559 -0.01600397807070901 0.0022781341050960822 -0.7522289623250373 0.015983013997217427 0.9998322842530529 0.008941287204160467 -1.8896123013961084 -0.0024208483866610233 -0.008903707583761139 0.9999574308358684 152.946224836339
0.9998649541721255 -0.016130484942664575 0.003143387863589378 -0.7568131416250379 0.01610104693732465 0.9998282652388859 0.009175854447831013 -1.904267327766392 -0.0032908592861568154 -0.009124003616248195 0.999952960294568 154.32019164078366
0.9997936657007515 -0.020014573378754764 0.0034702864484756468 -0.7597325057897168 0.01997148958354679 0.9997281145384698 0.012034807618278985 -1.8986346658934705 -0.0037102147705793597 -0.011963017852481807 0.999921557178394 155.64449901578675
0.9995879385399618 -0.02845126249288691 0.0038051000562960074 -0.75903910375268 0.028391161557518776 0.999484146614878 0.015012748288551321 -1.8966010786325096 -0.004230269168075177 -0.014898531171577611 0.9998800621039582 156.98276628891716
0.999536000383973 -0.03021874648490521 0.0038224719631055103 -0.7418152947092072 0.03015315120394968 0.9994141669070631 0.01618982585446718 -1.9140246764824833 -0.004309469224487826 -0.016067054496473842 0.9998616295452725 158.33919674122694
0.9994981745006145 -0.03146047910693373 0.003692887198056192 -0.7375015945766685 0.03139498652948836 0.9993687955637657 0.016624237731532807 -1.9345871667597927 -0.004213563055355205 -0.01649995741901877 0.999854988132819 159.6658082630987
0.9995215822096787 -0.03055957138035157 0.004766475501054503 -0.7419150353062817 0.030475028807183446 0.9993926133638069 0.016901981438571034 -1.925398287017127 -0.005280098146049668 -0.016748637054202157 0.9998457899707907 161.0318932127103
0.9995736869869989 -0.028573010168714753 0.006002280638315403 -0.7440845898740003 0.028470073427540148 0.9994570125895615 0.016587190957239668 -1.91762501648916 -0.006472967982920989 -0.0164092345476826 0.9998444067493863 162.37331793989256
0.9996495697428237 -0.02553059892380012 0.006994729263930603 -0.7517632901797675 0.025423389040670187 0.999564079572153 0.015010067068524017 -1.926267933615032 -0.007374896729995028 -0.014826977630256272 0.9998628764145795 163.72371589433473
0.9996763408287668 -0.024269555356012995 0.007629041757132382 -0.7525256406052658 0.024157396562838565 0.9996035088680079 0.01446531171610697 -1.9207098448090283 -0.0079770842538993 -0.014276332354510184 0.9998662672878981 165.07157511146366
0.9996940090472775 -0.023425075298048555 0.007946957384494155 -0.7543453936748001 0.023297749867106796 0.9996044475431184 0.015753199483265687 -1.9241476656213685 -0.008312834518204602 -0.015563233203461358 0.9998443291604477 166.41609533364786
0.9997213693370134 -0.022304369287535188 0.007726500661490488 -0.748475577064931 0.022181157092947795 0.9996309753009149 0.015681501150146285 -1.9215238879688192 -0.008073416052600783 -0.015505749360113662 0.9998471841685609 167.75054980804373
0.9997896353373711 -0.019164444411609038 0.00730815684279955 -0.7461678950410702 0.019064290955998167 0.9997266221830391 0.013536384167248462 -1.9436874325375542 -0.0075655768638375484 -0.013394212005132947 0.9998816715641471 169.1379124948601
0.9998495768057344 -0.01597120951505427 0.006763449118901798 -0.7512216292990288 0.0158968475734138 0.9998141198003018 0.010909448754604981 -1.9485367551447772 -0.00693642959565187 -0.010800290395766222 0.9999176164409311 170.54609363577455
0.9999234071862552 -0.010543253020608179 0.006482252163593636 -0.7553843282711874 0.010482466364178291 0.9999014266249856 0.009341034175742377 -1.9561720657968307 -0.006580098620717732 -0.009272368898713116 0.999935360647667 171.9043227671029
0.9999508629704059 -0.007090465146779485 0.006927984092241466 -0.7603839925057893 0.007017792992370169 0.9999206839311411 0.010458318053581162 -1.9692104475330363 -0.007001589514199629 -0.010409185198718677 0.9999213102062675 173.25157114777855
0.9999678160042008 -0.0026334555578113247 0.0075783822946223125 -0.7702799295019951 0.0025354946794046013 0.9999134854718471 0.012907084472736086 -1.9960404896565684 -0.007611717520447679 -0.012887454368991946 0.999887981363099 174.6185750448646
0.9999702930629224 -0.000528718749881819 0.007689828070677899 -0.7706963161371605 0.000412278358026482 0.9998853615018816 0.015135847303560533 -2.002030622147993 -0.007696949764801716 -0.015132227605786811 0.999855875939925 176.04233806481636
0.9999710335682483 -0.0035722779773636887 0.0067209274631673975 -0.7689115493309902 0.003460675589558997 0.9998571459249557 0.01654422723696432 -2.000867896903569 -0.006779068489210578 -0.01652048937748414 0.9998405461182699 177.44311212967943
0.9999699973106102 -0.00560443772507436 0.005347407714492285 -0.7678659669585115 0.005515848244804361 0.9998496357578547 0.016440233532775732 -2.0019998426776766 -0.005438742366586376 -0.01641024510682242 0.9998505508017462 178.84279364416892
0.9999603211758418 -0.00832709476444832 0.0031647400766623363 -0.7659400196094593 0.008285870835080558 0.9998834457308842 0.012823388163533804 -2.0036700040834003 -0.003271153046636951 -0.01279665696224989 0.9999127687599152 180.180993747377
0.999985311598262 -0.0051985275218976845 0.0015335932286579927 -0.7781801881013399 0.005184877315768981 0.9999480602044846 0.008774618577446361 -2.0278959511720096 -0.0015791287962925017 -0.008766538367101584 0.9999603262918845 181.5968547533
0.999998399326146 -0.0015038788676925204 0.000969379803151953 -0.8041609950372137 0.0014959834884698577 0.9999661176621746 0.008094785752815248 -2.0355639548320683 -0.0009815206118137295 -0.008093322777090009 0.9999667668201102 182.99177222697332
0.9999986240808996 0.0015295812780074473 0.0006420402859007243 -0.8236747645088325 -0.0015354858794584206 0.9999555844424673 0.009299001296208182 -2.037348333103705 -0.0006277882366578142 -0.009299974529286933 0.9999565572352171 184.31760286363613
0.999989519176353 0.004448123258689549 0.0010843108228489396 -0.8210926848543707 -0.004461058301427458 0.9999152140402873 0.012233711352677739 -2.052138546287013 -0.0010298019099257805 -0.012238420550886852 0.9999245774424907 185.766083984481
0.9999796742125556 0.006184898766401866 0.0015486053801135903 -0.8350046692176101 -0.006207244027160884 0.999870230078736 0.014865837681591883 -2.071149158510633 -0.0014564608280440998 -0.014875148389965858 0.999888298104602 187.1318510861906
0.9999904781379364 0.004020013108113813 0.0016979761004110154 -0.8414774116783075 -0.004045625144287245 0.9998738483912855 0.015359694698031938 -2.0639016530964467 -0.0016360158500810789 -0.015366418124557036 0.9998805911960537 188.58355778031893
0.9999921407959859 0.0036577809995309036 0.0015293723365159483 -0.8389567491728789 -0.003681995842996692 0.9998629308214976 0.016141947686707687 -2.0755344587660427 -0.0014701191086024653 -0.016147452286297687 0.9998685406290575 190.00344654898663
0.999998557103967 0.0004151063754918947 0.001647263879055326 -0.8447764933558013 -0.000442732880450109 0.9998586650418595 0.01680636549620179 -2.079909957212122 -0.001640054758676592 -0.016807070874489783 0.9998574061307532 191.34859128643387
0.9999976113336047 -0.0008852185759132911 0.0019984292008344657 -0.8554833273109212 0.0008510723363550857 0.9998547318803794 0.01702324302141185 -2.086000134491509 -0.002013208340061251 -0.017021501883925497 0.9998530969452509 192.81252771681235
0.9999901806584731 -0.0037711274867848234 0.002327486291194438 -0.8499764039116966 0.0037290024557783616 0.9998338025672144 0.017845497216861204 -2.085160205101455 -0.0023943973017136466 -0.017836643130451694 0.9998380474000913 194.18041214771193
0.99995741201092 -0.008853890103023862 0.002604382309443014 -0.8524247979731865 0.008801599749571157 0.9997721402358173 0.01944735023136785 -2.0819353907473532 -0.002775973795554068 -0.01942359965094249 0.9998074903462464 195.6251237572465
0.9999184567148166 -0.012429115608712996 0.002932067568925314 -0.8476319926399556 0.012367459763595405 0.9997197773212008 0.02018446806976605 -2.090715412452206 -0.003182121276018225 -0.020146560319227673 0.9997919734715263 197.0379112777357
0.999938867036777 -0.010602231394465124 0.003139250326661289 -0.8543587200588167 0.010548469528840124 0.9998053364371373 0.016673901913028488 -2.0962460428589322 -0.003315420061328421 -0.01663976861873364 0.9998560526863853 198.45393382694826
0.9999853327418462 -0.0042322210073272234 0.003379736152890985 -0.8712976124343161 0.00419268758680243 0.9999236965042838 0.011619919542219888 -2.105469339998971 -0.0034286566148645408 -0.011605579154756768 0.9999267747421315 199.8938071811241
0.999970607320882 0.006032550077994589 0.004732105983207542 -0.8780909865502298 -0.006083053585982987 0.9999239111187876 0.010731655997774292 -2.103132869750044 -0.004667007056415608 -0.010760126432822812 0.9999312169957659 201.34134002551545
0.9999086614486586 0.01200278785257532 0.006213036382508809 -0.9044250551401851 -0.012091312910124722 0.99982302746468 0.014412283868700186 -2.1012169458079595 -0.006038949759353728 -0.014486091528387228 0.9998768345340449 202.77106736271978
0.9998799208664431 0.013741169490952618 0.007164082715712927 -0.8999687386497794 -0.013858323525260775 0.9997666959989799 0.016568055629638784 -2.1020875077109284 -0.006934747419458482 -0.016665348661259766 0.9998370744442372 204.20314324124962
0.9998898125049459 0.013260512098362548 0.006672453910013372 -0.8983146596761951 -0.013373647358459896 0.9997625116482227 0.017206565142614465 -2.1128515945946083 -0.006442701946023451 -0.017293904585681433 0.9998296917263007 205.67782314790247
0.9999389882631065 0.00970527775109604 0.00527516056150992 -0.8885797169405327 -0.00979644491618042 0.9997981640103433 0.017540265733856426 -2.1172674054134295 -0.0051038631112284615 -0.01759087374163215 0.9998322418011255 207.10122960320706
0.9999627586268199 0.007571454649387683 0.004141789804333774 -0.8877295496610734 -0.0076416629391210895 0.9998227570420964 0.017206379518183868 -2.1185741979866597 -0.004010778704579319 -0.01723738923290932 0.9998433807701619 208.53865112460664
0.9999593044138704 0.008193876341235423 0.003774903113847426 -0.8970867236945721 -0.008256071507925485 0.9998253555873338 0.01676590641009233 -2.122018639389432 -0.0036368663785530594 -0.01679639031611346 0.9998523163340538 210.03439733435982
0.9999516879134103 0.009157945620542752 0.0035712540067121476 -0.9042477733572032 -0.009216538179770998 0.9998172199684711 0.01675058479489777 -2.1258571905687824 -0.0034172005839499834 -0.016782690473110776 0.9998533212647408 211.49447360661964
0.9999396669508739 0.010432619218624803 0.0034384436369764614 -0.9080326120578941 -0.010490706233766219 0.9997947546278644 0.01733186997949977 -2.117724388343414 -0.00325692137437534 -0.017366896344668935 0.9998438795025066 212.94039397179523
0.9999467631474034 0.00986595228537496 0.0030222240191470654 -0.9222569954895026 -0.009917558566471566 0.9997965377133099 0.01756488606138393 -2.133181609528577 -0.0028483150098966774 -0.017593924397852886 0.9998411578498896 214.37645517882737
0.9999398527106703 0.010588858664210664 0.002857798512096111 -0.9236494139162283 -0.010635787160401283 0.9997999671540029 0.016938291730606708 -2.1398753992095187 -0.0026778698946571954 -0.01696766821535283 0.999852452741183 215.85407332608534
0.99994810719169 0.009886565038391942 0.002457384040760723 -0.9307306601854402 -0.009925891765428328 0.9998138961213612 0.016542364097709365 -2.1377611796407487 -0.002293379734584897 -0.016565897728208587 0.9998601459436062 217.3219680108825
0.9999516869430639 0.009643330531534614 0.0019052393205934207 -0.9303539626614062 -0.00967384633790668 0.9998134927676916 0.016715154515972015 -2.1451895725082397 -0.001743694354262258 -0.01673277828394835 0.9998584768187033 218.79036353520715
0.9999268038087271 0.011980128953742312 0.0016921904931239168 -0.9395389573979402 -0.012006334612136897 0.9997928849221065 0.016432748076507728 -2.15747566686172 -0.0014949736877461156 -0.01645186259944458 0.9998635413275649 220.26677681150886
0.9999518046240772 0.00969349010838199 0.0015571316203720775 -0.948420892032773 -0.009717614755134465 0.9998196894195549 0.01631430742308031 -2.1489956000707817 -0.0013987083810719364 -0.016328653082228806 0.9998657003362162 221.76865837041257
0.9999309855222718 0.011688634105093933 0.0011832155475400032 -0.9557302106005932 -0.011706263735319748 0.9998004407105414 0.016187716474309534 -2.158934127739534 -0.0009937672026577023 -0.016200450648216225 0.9998682702393544 223.24449103649224
0.9999422821192478 0.010715238854701391 0.0007848966223360616 -0.9627694722565213 -0.010726593428420732 0.9998101122126943 0.016268980542411618 -2.1537257862863877 -0.000610421606741157 -0.016276461126797516 0.9998673433036759 224.71162707681614
0.9999336523476124 0.011516331176781339 0.00025493536393773756 -0.9742081984517182 -0.011518982968848745 0.9997943096272845 0.016692857381671047 -2.167892260513213 -6.264244483599802e-05 -0.016694686783703918 0.9998606320466712 226.18608427730734
0.9999379731823396 0.011131122016767121 0.0003845582858069581 -0.9830774272229523 -0.011136031188286138 0.9997952802274899 0.016893385160159202 -2.1806571086920146 -0.00019643723129304878 -0.01689662011169503 0.9998572226317223 227.68677148877742
0.9999286211179824 0.011938746360381705 0.0004679492120619351 -0.9916237954586722 -0.011944807048619478 0.9997947355067474 0.016364854367133936 -2.190010439281437 -0.0002724773237509975 -0.016369276156727158 0.9998659772996014 229.19704193682333
0.9999579408463056 0.009157478939203871 0.0005070486285227837 -1.0014195781689779 -0.00916474478920886 0.9998150301536862 0.016908960462762225 -2.1831345385491483 -0.0003521114071840252 -0.016912896597545527 0.9998569047386838 230.69548734498417
0.9999556980573718 0.009375062107425416 0.0008426822371384688 -1.0048998435184622 -0.009388517337494531 0.9997991278475187 0.01770761727918374 -2.198175800175109 -0.0006765029974518219 -0.01771474468991327 0.9998428527382822 232.18865286878827
0.9999532148424443 0.009648180789399127 0.0006933346971895896 -1.0106749326465665 -0.00965910453764068 0.9997911729978153 0.018008667575786896 -2.20422252084982 -0.0005194390596142313 -0.01801452239178326 0.9998375903986112 233.7128944848478
0.9999628585274697 0.008583546612627915 0.0007773516034192817 -1.010548180656165 -0.008596008120873523 0.9998051297784514 0.017771075459760293 -2.189792819009712 -0.0006246613051707705 -0.01777709789299065 0.9998417797814037 235.168306080486
0.9999477792108085 0.010151158316086867 0.0011801757089967262 -1.026016923958102 -0.010170399952068185 0.9997927426683307 0.01763617552124197 -2.2056655021823617 -0.0010009035701124185 -0.01764725775999364 0.9998437740430457 236.71207727572053
0.9999407824469876 0.01078812528968358 0.0014310586843207002 -1.0391945168363577 -0.010812456894800983 0.9997749702135263 0.018251019869497218 -2.2016780546780947 -0.0012338424546932472 -0.018265412716362357 0.999832412126324 238.1922880801931
0.9999251691204907 0.01206720889352603 0.0020096274621605337 -1.0448230977642985 -0.01210535504435993 0.9997227675027694 0.020195260184131314 -2.1976759534238073 -0.0017653700384731407 -0.020218076615283746 0.9997940352167018 239.70324820720492
0.999942409150579 0.010367695863764835 0.002772948677294932 -1.0429904807880241 -0.01042495133518493 0.9997145276064516 0.02149845794275281 -2.200978663241954 -0.0025492678022650283 -0.021526128113452725 0.9997650359212974 241.24503261525237
0.9999172228619269 0.012452345478474864 0.0032382850292437615 -1.0573174617505965 -0.012514103815077646 0.9997255083630578 0.01980669466753726 -2.2093612696556733 -0.00299075657982798 -0.019845579759330396 0.999798583888585 242.71183440715828
0.9999217708799045 0.011866142227877654 0.003955599236083353 -1.053626270258536 -0.011938703207071303 0.999750953548039 0.018854661606182835 -2.2040750654926087 -0.0037308823126485733 -0.018900411726454413 0.9998144102575653 244.27156288257405
0.999917088585456 0.01219241659215601 0.004142572611332734 -1.0600663156709202 -0.012269242459530883 0.9997431402668067 0.019055686777500306 -2.1911404576192557 -0.003909173995316831 -0.019104933454038117 0.9998098418606163 245.76353134537516
0.9999175736910395 0.012116779776566344 0.0042461096793958795 -1.0639392015504585 -0.012201232495004712 0.9997161710504302 0.0204623381843328 -2.1925298420171844 -0.003996967187064583 -0.020512459731042515 0.9997816077800437 247.26503278036756
0.9999124133380354 0.012599126784404047 0.004053101380066287 -1.0660787120681043 -0.012681609997948675 0.9996987750275517 0.021012757919372956 -2.196094020408461 -0.0037871383874674845 -0.02106231775473162 0.999770991957911 248.83984171058853
0.9999194937739807 0.01215821463924634 0.0036309451451248622 -1.0782779351908516 -0.012232511701074224 0.9997005572795722 0.02119342940353152 -2.194368508722559 -0.0033721838900402715 -0.021236139204612665 0.9997688006608991 250.3328115491679
0.9999056605501517 0.013169086292562339 0.0039045022727762727 -1.0712552583255337 -0.013250744015155507 0.9996770922481606 0.021682459214979237 -2.203068057528897 -0.003617703591337289 -0.02173215169930499 0.9997572834498016 251.9015787697922
0.9998805790639379 0.014964315557531919 0.0038596420092030263 -1.0838098786924721 -0.015044566229346096 0.9996518370255221 0.021676387727775553 -2.1912178724825004 -0.0035339262007259243 -0.021731866190006704 0.9997575893011621 253.41287399837788
0.9998796920975628 0.014967440094199853 0.004071490373451768 -1.0820493365695238 -0.015052989000819514 0.9996476708946718 0.021861876024160315 -2.18276883571655 -0.0037428398487287587 -0.02192053440798696 0.9997527100882933 254.9694257642614
0.9998958184288853 0.013857400645052354 0.004040384337839841 -1.0919312050531431 -0.013944940529658893 0.9996493811823974 0.022508961705422423 -2.1827892708223646 -0.003727052300271986 -0.02256296005802575 0.9997384767642903 256.4677076098596
0.9999163830783114 0.012312462350555976 0.0039534917881812095 -1.0821106919755195 -0.012400023774635257 0.9996598296973215 0.02294481022230297 -2.1603808472283124 -0.003669640108065612 -0.022991915499676635 0.9997289160427643 258.02285127884056
0.9999408446643123 0.010120643115201366 0.003984938720077526 -1.0848410479130344 -0.010213154534048178 0.9996616373143266 0.023922841908810773 -2.171582338762494 -0.00374147611780476 -0.023962126017015088 0.9997058656840357 259.53829198558066
0.9999505528743462 0.009214814842890705 0.0037388471138729198 -1.0804797676853701 -0.009300572013405053 0.999678049821749 0.023607119075330824 -2.1657811347816494 -0.0035201084391736845 -0.023640725658119838 0.9997143216622763 261.09294528658705
0.9999466264583476 0.009639742181196566 0.003717470653534917 -1.0727382526939269 -0.009721328753578137 0.9996975158606295 0.022591426644753436 -2.1768839878943367 -0.0034985709273243184 -0.022626360065150168 0.9997378695639996 262.6184833241701
0.9999577147884753 0.008098933441008456 0.004356133579120024 -1.0761846308655116 -0.00820136768100706 0.9996774798777174 0.0240348454595609 -2.164507328149076 -0.004160072357466356 -0.024069555871405357 0.9997016306317272 264.1612426498915
0.9999790404420628 0.004470416504290977 0.004683380146190691 -1.0808940293431009 -0.004594204902052763 0.9996312554838189 0.026762778855804588 -2.159179367212137 -0.004562012771455179 -0.0267837348554238 0.9996308416605604 265.70412575399894
0.9999725766659988 0.005488211299497349 0.004972468937302944 -1.0714505656723468 -0.005614790937215142 0.9996510941943959 0.025810152905757482 -2.157535212517594 -0.004829082828897215 -0.025837364988355448 0.9996544955836055 267.27872919374914
0.9999797889634914 0.004093370775637258 0.00486476905135084 -1.0883636130241672 -0.004213601878953765 0.999679399254225 0.02496686320115103 -2.1439896709970907 -0.004761011157105421 -0.024986857286723663 0.9996764425281857 268.7787833986006
0.9999750805703 0.004234289348533766 0.005648807841604465 -1.0861504175583487 -0.004372200360773214 0.9996870893051293 0.024629399780526116 -2.125800379674503 -0.0055427527129320595 -0.02465348423425444 0.9996806908291631 270.37016146509774
0.9999580248780349 0.00609701429423533 0.006839217272279718 -1.0911243279094949 -0.00626699423087958 0.999664952799015 0.025113879137452062 -2.1199013372201208 -0.006683806676606322 -0.025155686809539047 0.9996612016871467 271.86375770745934
0.9999335103464755 0.008514271300591554 0.007777021192511861 -1.093666934885244 -0.00870392755405836 0.9996573277616385 0.02468741989329335 -2.1187114167797203 -0.007564161452451561 -0.024753469552589436 0.9996649684844425 273.3983626152399
0.9999225760899824 0.008778160539693812 0.008819620782884058 -1.0783924485015608 -0.00899253226921063 0.9996577178322542 0.02456789665629194 -2.1048240667182228 -0.008600941750594662 -0.02464530572363546 0.9996592583049647 274.9875339193454
0.9999082977752076 0.009602678401359966 0.009549062420286405 -1.0837488600311644 -0.009831613274839788 0.9996582146723942 0.024223815254268113 -2.0971863366530714 -0.00931318595142366 -0.024315477044392127 0.9996609535993592 276.4768485746626
0.9998835721567236 0.010932611556855296 0.010645192193080246 -1.07684090597299 -0.01118397565954561 0.999653063291694 0.0238468394434682 -2.1010448255739305 -0.01038079161133488 -0.02396311904998848 0.9996589458901891 278.0793135928056
0.9998772078752252 0.010506184936395786 0.011627090428715363 -1.0638379671401592 -0.010779250073334266 0.9996615421209201 0.023677182744350652 -2.094938373452396 -0.011374399230425476 -0.02379960715599741 0.9996520403364499 279.5596870969413
0.9998727118164913 0.009761245365797207 0.012620548222282611 -1.050157067944716 -0.010061543194155023 0.9996624306210851 0.023953917452317956 -2.0878387002342977 -0.0123824688736209 -0.024077851064710287 0.9996333985821481 281.11433425681116
0.9998758884346489 0.008235869701368935 0.01343049384014066 -1.0274263330008508 -0.008573764090089298 0.999643180005757 0.02529828531056105 -2.0848948517776305 -0.013217349287012676 -0.025410295882942652 0.9995897251128133 282.71141374823344
0.9998785327637711 0.007860771846506655 0.013458379272181424 -1.0323277511968048 -0.008205802154204515 0.9996340519046985 0.025776483166127996 -2.075905925036271 -0.01325083225027033 -0.025883789470973032 0.9995771330407656 284.2075074931843
0.9998869352582376 0.006493274589707516 0.013562967112741844 -1.0202133759018674 -0.0068141961210032185 0.9996946832808401 0.023750935787185713 -2.0717620775193284 -0.01340460587834866 -0.02384067157560243 0.9996258994887232 285.80570423243444
0.9998658624068854 0.009305411147541662 0.013478371608737083 -1.003037498870961 -0.00959731288744053 0.9997172285209218 0.021756713740437198 -2.0906685130754616 -0.013272106247675901 -0.021883151924393877 0.9996724357828894 287.30299204703226
0.999892505005479 0.007214271745029546 0.012764509693130997 -0.9746940089919895 -0.007492453162150998 0.9997324979087506 0.02188140246711625 -2.0707701483640166 -0.012603237824396405 -0.021974688245268045 0.9996790842460545 288.8262951929684
0.9999083192676192 0.006090140327091792 0.012093934183422715 -0.9706931185350722 -0.0063555085459977645 0.9997371883114147 0.022026389139286447 -2.069833527262113 -0.01195661294844658 -0.022101233276392174 0.9996842375972645 290.38443418314824
0.9999218850948596 0.0062159150446722804 0.010843712580914783 -0.9640673255062904 -0.006448431072088298 0.9997471714534033 0.021540912435346664 -2.0649888836100856 -0.010707075386988094 -0.021609155124110383 0.9997091591840712 291.94652247397795
0.9999214084378697 0.0065910541304835795 0.01066465874947035 -0.9522089625596848 -0.006818707562367141 0.9997466083205337 0.021452840853449066 -2.058517727639401 -0.010520560450537963 -0.021523874451149453 0.9997129791301781 293.5250041500036
0.9999296633713879 0.006344938012358748 0.010020482299584105 -0.9412087989031583 -0.006560050117813667 0.9997455533670561 0.021582267406388175 -2.04088289491583 -0.009880995290757342 -0.02164648467201001 0.9997168577344009 295.058967673747
0.9999364050582341 0.006765527325841349 0.009022941436654169 -0.948036968282968 -0.006964490457562018 0.9997291862343194 0.022204730699860172 -2.0526707329814613 -0.008870271919725009 -0.02226615921765704 0.9997127269547449 296.6490964750792
0.999945387951128 0.006483796152465502 0.008196431925571445 -0.9248170618185508 -0.0066740062058709025 0.9997039967274498 0.023396080182040868 -2.0443919676585365 -0.008042311001433142 -0.023449505972303466 0.999692673730414 298.2353712824137
0.9999519980983647 0.0064730581288549496 0.007355338944095778 -0.9265486912169036 -0.006653204297364282 0.9996718489391853 0.024737204957864908 -2.036472470769692 -0.0071928005045291486 -0.02478495458526155 0.9996669293597918 299.79312507511776
0.9999497648452719 0.0057514288246949385 0.008209071063429295 -0.9218308667851405 -0.005956537552718473 0.9996650927113258 0.025183766015007346 -2.0171765003040023 -0.008061479809283937 -0.025231399039830658 0.9996491329734417 301.39528676816997
0.9999340562288671 0.006933310785176673 0.009154910582243695 -0.9341594250153265 -0.007161107547632065 0.9996595812454847 0.025088646071428765 -2.0036291190334587 -0.00897784743753156 -0.025152551424511144 0.999643310096553 302.97335389719433
0.9999293525961995 0.006818662836242247 0.009736305585224519 -0.9110291101762638 -0.0070623141576876755 0.9996571337449414 0.025213858691213616 -2.000586484668286 -0.009561043321489531 -0.02528083874204967 0.999634666091473 304.5727118679613
0.9999437312403499 0.003957682687400927 0.009842311735325359 -0.9053299375856099 -0.004196644041261244 0.9996940035372281 0.024378011881741525 -1.9867298528165118 -0.009742820391152575 -0.024417945316513985 0.9996543609693881 306.1595143469239
0.9999453156496321 0.0010383160392362072 0.01040613353658225 -0.8996124186539238 -0.0012740056854944797 0.9997422332484122 0.022668126476078874 -1.978882805545393 -0.010379915361056893 -0.022680144796959737 0.9996888858015379 307.76729133275524
0.999947979000013 0.00024413938564198795 0.010197043501642057 -0.8942259433390931 -0.0004648332200691977 0.9997655863005901 0.02164616288655288 -1.9709104802613981 -0.01018936933771985 -0.02164977717468031 0.9997136909664514 309.3800788723818
0.9999632247925047 0.0013922307899039959 0.008462314134728482 -0.8834674518565406 -0.0015707574230190745 0.9997755712890416 0.021126754739017352 -1.9702248399539133 -0.008431002325598555 -0.021139270451820933 0.9997409911817278 310.96533181388816
0.9999789773839804 0.002191002883741364 0.006102810727066936 -0.8836880159722273 -0.002323255081145343 0.9997607726130137 0.021748563673268856 -1.9603892046040834 -0.006053700096091372 -0.02176228527327319 0.999744845278394 312.58915324387004
0.9999743376316564 0.003996898984968181 0.005945492007176328 -0.8814610216105228 -0.0041428083431382995 0.9996854664536238 0.02473469815318955 -1.9443664477116969 -0.005844760334838042 -0.024758694922433735 0.9996763705377338 314.2150414226603
0.9999761045705039 0.0028229511260629515 0.00631040696979414 -0.8844279967892567 -0.0029988825015323586 0.9996021305520489 0.028046163473613713 -1.9370790991845677 -0.006228723806937493 -0.0280644180177616 0.9995867103227387 315.8336423754969
0.9999767856223254 0.002087190366866964 0.006486282102243305 -0.8840347987793674 -0.002273995824957002 0.999578928041212 0.02892741852472076 -1.919319866734208 -0.006423174401181049 -0.02894149733791766 0.999560469694666 317.45011395435694
0.9999775647151922 0.0008335646567458098 0.006646445762812453 -0.8794009456580816 -0.0010179727034363359 0.9996132532697727 0.02779042284136265 -1.9109683245416096 -0.0066207106946173456 -0.02779656579878147 0.9995916752014021 319.098146170413
0.9999729123914375 -5.00164788418099e-05 0.007360162261242403 -0.8838504171433603 -0.00015647882360988324 0.9996064372677818 0.02805255903016251 -1.8962261759910408 -0.007358669265248834 -0.02805295140984122 0.9995793524858932 320.7051381758063
0.9999720114082031 -0.00042348472929071984 0.007469743524173034 -0.8750524986076873 0.00021071156073691755 0.9995948389780548 0.028462492317675583 -1.8822423007170976 -0.007478771115259787 -0.02846012228580645 0.9995669509516725 322.33880189884303
0.9999666776625401 -0.0005080643917589629 0.008147726234455073 -0.8751608588043837 0.00027316724399249585 0.9995850118862426 0.028805023370344175 -1.8810319372591502 -0.008158980497952807 -0.028801838388357225 0.9995518421551126 323.95488646010403
0.9999636865258396 0.0008651439786248293 0.008478039926690085 -0.8623730870304689 -0.0011020291722574939 0.999607978950699 0.02797631020028392 -1.860620276742187 -0.008450513512005575 -0.027984637875938995 0.9995726331169066 325.59309133190834
0.9999571874635282 0.0015655845025528328 0.009119878805230413 -0.869538020218376 -0.00181511277093435 0.9996224298661605 0.027417203699030133 -1.8488678068261892 -0.009073512207025541 -0.027432584041983638 0.9995824751966244 327.20607847535587
0.9999493014831923 0.0012787045118326365 0.00998796189024236 -0.8575593768914257 -0.0015639870056404536 0.9995895056358162 0.02860723946892254 -1.832800632957114 -0.00994728249974958 -0.028621410723918807 0.9995408277963074 328.83672296471485
0.99995039019008 -0.000454294757599661 0.009950416201086606 -0.8493968195180186 0.00015303758254562455 0.999542179783605 0.03025570013352237 -1.8251572880882319 -0.009959606522734973 -0.030252676954161888 0.999492662199074 330.45460449823247
0.9999505366127355 -0.0007762674626747394 0.009915732188151106 -0.8489775801902066 0.00048402488217387 0.9995663999054183 0.029441091661573448 -1.8139788499160099 -0.009934287703132327 -0.029434836515818748 0.9995173336870297 332.0653415941943
0.9999524177318393 0.00017337717815905408 0.00975357468899124 -0.8266378705633117 -0.00046411678611778945 0.9995553514652494 0.029814156570209235 -1.8178712280682656 -0.009744069481521768 -0.029817265322641298 0.9995078708108333 333.71653941726487
0.9999517677303147 0.00152363050027279 0.009702616522660924 -0.835581101992953 -0.0017948649710511216 0.9996060960374948 0.02800769908834684 -1.7789519265388007 -0.009656122032628618 -0.028023763645618618 0.9995606174666687 335.30349392705233
0.9999518528120701 0.0032380880125913317 0.009263198406042998 -0.832377888134278 -0.0034691869386806557 0.9996803868829001 0.025041741436832993 -1.785567188103134 -0.009179151159344506 -0.025072672003502435 0.9996434886053479 336.9268937445105
0.9999547580728355 0.004332284883439789 0.008468359570782411 -0.84231416681284 -0.004550087597482636 0.9996549141395301 0.02587178639795079 -1.7694105011853414 -0.008353353995911982 -0.025909148193505968 0.9996294000910507 338.5072354063765
0.9999587311418506 0.005140225097930395 0.007490934238636412 -0.8367284387205611 -0.005354229013547993 0.9995698739427232 0.028833996043736997 -1.7577133597496999 -0.007339499559910469 -0.028872914842119526 0.999556144770284 340.12967488453984
0.9999604224437053 0.006072348104730477 0.0065023171875612604 -0.8296901011124456 -0.0062748135622958424 0.9994814211956224 0.03158346700517448 -1.7380720034759 -0.0063071599257427625 -0.031623018459600034 0.9994799670101141 341.7416696484444
0.9999636222633023 0.00662246968673957 0.005375596475617205 -0.8446389163084137 -0.006787176030140224 0.999489409690289 0.031222654415739175 -1.7254776283349171 -0.005166081077694024 -0.031258004342735055 0.9994979983913788 343.33288310788515
0.9999720174635244 0.006578725121630961 0.0035615525505077747 -0.8428031224653085 -0.0066831365350521026 0.9995232136816995 0.030144335934611764 -1.7125964020481677 -0.0033615434112033394 -0.030167295358491945 0.9995392110039023 344.93494884674254
0.9999820740569434 0.0057815574152504014 0.001557289064639159 -0.8441687245835158 -0.005827038818505666 0.9995029043498059 0.030983702219204226 -1.6916736434520017 -0.001377380981629819 -0.03099222180510533 0.9995186766790872 346.5295832073205
0.9999945765931025 0.0032589333435013093 0.0004755339741861137 -0.8458266441912246 -0.0032725743503840008 0.9994744976613428 0.032249321895671895 -1.6969664701229026 -0.0003701856951942662 -0.03225070385260696 0.9994797422098372 348.14380553703546
0.9999949200225695 0.0031848490829711014 0.00012907257230702668 -0.8581213281710257 -0.003187340416050159 0.9994921672763214 0.031705652428999476 -1.6718346772517536 -2.8029284131869886e-05 -0.03170590339055413 0.9994972410810337 349.74553169928816
0.9999952740564652 0.003070908436595486 -0.00014621995202310895 -0.8692133220193088 -0.003064914974235465 0.9995166178031409 0.0309376310337021 -1.6542407253131601 0.00024115594903592868 -0.0309370372847891 0.9995213062217712 351.3527841928808
0.9999959464629969 0.002846404996541002 7.093039675766023e-05 -0.8731894839941696 -0.0028472391169809584 0.9995210215216263 0.03081591711957535 -1.63585916840231 1.681818378301424e-05 -0.03081599477147991 0.9995250743259505 352.9362329902481
0.9999972134383946 0.0023595936810959246 7.368186520820535e-05 -0.8898558725604857 -0.002360743702142094 0.9995240333803318 0.030759284217533878 -1.6177941053595102 -1.0673580044758858e-06 -0.030759373056954024 0.999526818545057 354.53245521708754
0.9999984451115617 0.0017594310088911887 -0.00011905350183638846 -0.8882416623081377 -0.0017549726457946283 0.9995316718553898 0.03055089212171756 -1.6091410876871657 0.00017274997166365344 -0.03055063628647858 0.9995332054527929 356.12391232860665
0.9999985953511549 0.0016357566527299564 0.0003655045868573609 -0.9181375797619211 -0.0016459447268049885 0.9995524216325303 0.029870508125220102 -1.5953030447047998 -0.0003164801154140885 -0.029871068357734953 0.9995537099809257 357.74507917874007
0.9999992144746227 0.0012394054796783282 0.0001868752545036267 -0.9242773688329355 -0.0012444884739697707 0.9995421685935835 0.030230852314263916 -1.5781365191666017 -0.00014932140158107482 -0.030231061727932645 0.999542925857505 359.3271535397046
0.9999987546709028 0.0014991036747747455 0.0004932980487604415 -0.9276564735025311 -0.0015130467111602337 0.9995608079524662 0.02959563948192889 -1.5550603586706777 -0.000448714478548308 -0.029596349592723566 0.9995618313874692 360.9555866769601
0.9999996560864106 0.0007830691060914611 0.00027318296684994783 -0.9382913332028591 -0.0007907205530947705 0.9995723002985891 0.029233392161954766 -1.559303820011696 -0.00025017435804155943 -0.029233598696159577 0.9995725757244764 362.5131238936058
0.9999996279319933 -0.0008612143516620735 -4.946709370913711e-05 -0.952556402999496 0.000862306148690874 0.9995554099352596 0.02980333663223554 -1.530481279364657 2.3778065876039556e-05 -0.029803368785919552 0.9995557806671834 364.08766490273825
0.9999895244924886 -0.004570249908732319 0.0002524431105657629 -0.9473613131019808 0.004559948741323875 0.9994868358412599 0.03170602178702896 -1.5210885395876153 -0.0003972180168251699 -0.03170453914377803 0.9994972058185082 365.68667136132365
0.9999909113798161 -0.0042488768523827915 0.00035243372799905826 -0.9679568647541061 0.004235732962516144 0.9994990216166524 0.03136501752711332 -1.5009692799190393 -0.0004855232788577176 -0.031363240261733136 0.9995079346610033 367.2741851415846
0.9999944539281354 -0.0031375956264997323 0.001116965858272124 -0.9680743534475977 0.0031019587404729435 0.9995271303596532 0.030592376503225528 -1.4804283655781074 -0.0012124242634622136 -0.030588742653203962 0.9995313196048843 368.88883153939884
0.9999983161962049 -0.001471092833772815 0.001097038951613837 -0.9837050685790456 0.001435800523317536 0.9995025393743407 0.03150574923963605 -1.4630999135331804 -0.0011428411710846615 -0.03150412167991301 0.9995029686065736 370.4820078544145
0.999998702260234 -0.00010035655978440049 0.0016079206494859298 -0.9965846047425273 4.867949875766997e-05 0.9994844381147453 0.0321069396241458 -1.442410535616191 -0.0016103139192393328 -0.03210682031634803 0.9994831459312249 372.0856075758079
0.999997946393991 0.0005591941585389396 0.0019479505705645838 -0.9975107957669858 -0.0006215956603731832 0.9994818149689277 0.03218252851315188 -1.4276305058595014 -0.0019289450270463513 -0.032183673893725444 0.9994801100211083 373.67437921210797
0.9999979643705185 0.00032957642502362983 0.0019906371766108236 -1.0133267345954962 -0.0003926209715972625 0.9994956490421889 0.031753635555243735 -1.4101380327789084 -0.001979168088984337 -0.03175435310701722 0.9994937438392455 375.28075827963676
0.9999966502764166 0.0008167476747987 0.0024560865334473407 -1.0249751585413376 -0.0008937975431272454 0.999502239631986 0.031535283004912824 -1.387922890309277 -0.002429107801898616 -0.03153737323477894 0.9994996215833476 376.9098661459008
0.999995665832497 0.001085977665760891 0.0027365983343544827 -1.0256655608757839 -0.0011728167660469083 0.9994893146999484 0.031933278550594794 -1.3646856141599666 -0.002700522169209283 -0.03193635030291202 0.9994862563988063 378.50349976699175
0.9999929133220206 0.001686767659410125 0.0033657275390218387 -1.0318186654009058 -0.0017937345599903119 0.9994851239046955 0.03203544268508095 -1.3418355004794338 -0.0033099585118500736 -0.03204125351213946 0.9994810664881396 380.1239895722103
0.999991880466187 0.0025478875566690975 0.0031220618324835506 -1.042128225413146 -0.0026473721975806223 0.9994751509537785 0.032286437184887676 -1.3173431744688737 -0.003038161240800802 -0.03229444092975305 0.9994737808878211 381.74579568529515
0.9999852516501294 0.004098353657605354 0.0035637025896521957 -1.0414889796346514 -0.004209657294697196 0.9994851587456531 0.03180717240173835 -1.309713051083814 -0.0034315110719506173 -0.03182170589257321 0.9994876706521547 383.3516669211766
0.9999799974024389 0.004652896355357792 0.004284314012229896 -1.0555553231524566 -0.004786623639992901 0.9994843537537719 0.03175082393286252 -1.2877231624068801 -0.004134371853070173 -0.03177069685902765 0.9994866331320094 384.98421822334006
0.9999742287932858 0.00589550721949953 0.004096917976078518 -1.0606757035073953 -0.0060228333315222315 0.9994762913671584 0.031794157659067145 -1.273618223319313 -0.003907330003838807 -0.031818013967856246 0.9994860413126039 386.57008534654614
0.9999619416379385 0.0072562960134143015 0.004843700450900704 -1.0673969798407885 -0.0074108985853026475 0.9994376579745289 0.03270239126265124 -1.2511726926084328 -0.004603678766527954 -0.032737043483068405 0.999453396685331 388.18000893617693
0.9999550567838638 0.008119840961474417 0.00489413762756041 -1.0754435859860223 -0.008276808254143776 0.9994225846516434 0.03295438855423169 -1.22546428156799 -0.004623727648177575 -0.032993415969480154 0.9994448737502696 389.7925268107791
0.9999440110951606 0.00933415297715947 0.004984801682133044 -1.0689661381356808 -0.009494112636022477 0.9994071895591499 0.03309276775196852 -1.2110028370843007 -0.004672954051978886 -0.03313824184927036 0.9994398533419242 391.4322083285625
0.9999309680077912 0.010148341897882055 0.005922023187403008 -1.0871391833429722 -0.0103420837377707 0.9993799171648765 0.03365742812267664 -1.1942587102208677 -0.005576784399422163 -0.03371635141083222 0.9994158829756755 393.07933990790497
