1.0 -3.469446951953614e-18 0.0 -1.7787691892340307e-19 0.0 0.9999999999999999 -3.5405977195229754e-19 0.0 2.168404344971009e-19 -2.354751593366955e-19 1.0 0.0
0.9999998184236251 -0.0001920850232811945 -0.0005711877703400902 0.0023623220759034095 0.0001924746445146272 0.9999997488292218 0.0006821250560820844 -0.022605926090915572 0.0005710566496940094 -0.0006822348851515522 0.9999996042253559 1.3271691435190551
0.9999995990749863 -0.0006227654238465836 -0.000643438467405147 -0.007878449377712479 0.0006234318605723953 0.9999992690199224 0.0010359976767853364 -0.039982446498254665 0.0006427928687385296 -0.0010363984219421438 0.9999992563481335 2.6231509716465324
0.9999989732184265 -0.0005462443338452392 -0.0013248312772263305 -0.010181380675332502 0.0005478582007660167 0.9999991080611215 0.0012180834487439097 -0.0674937677403847 0.0013241648373066885 -0.00121880804239965 0.9999983805470946 3.9457426161011844
0.9999992587409344 -0.000863053596684241 -0.0008588690525857161 -0.023503601077690096 0.0008642941959071757 0.9999985823841044 0.0014450687636606992 -0.07664220526171318 0.000857620736955586 -0.0014458100365610609 0.9999985870598135 5.278795002344793
0.9999986084910863 -0.0011723058987375534 -0.0011868928565376756 -0.021120976150679316 0.001174371274268336 0.9999977950753758 0.001740888963413753 -0.08685334493538406 0.0011848494867532887 -0.0017422804282339161 0.9999977802939537 6.609259414685544
0.9999969948364335 -0.002292126620104846 -0.0008697560884195944 -0.038430953179922914 0.0022942146809654725 0.9999944709325528 0.0024072140531530618 -0.11417975293863544 0.0008642337152179198 -0.0024092022727010033 0.9999967244177975 7.942258227263239
0.9999967527602609 -0.0023992057349396783 -0.0008592339194740607 -0.045425084496084095 0.0024012867017064576 0.9999941670784265 0.0024289148461975603 -0.11863389718535886 0.0008534015154609308 -0.002430970272684499 0.999996681040094 9.264058802737303
0.9999964980837591 -0.002340106032579236 -0.001236011895511268 -0.05366710939540237 0.0023429281815449416 0.9999946409346888 0.0022866537948512777 -0.13029254048569688 0.0012306543653246684 -0.002289541718619895 0.9999966217397843 10.575342127890963
0.9999974103185943 -0.0018695968910766147 -0.0012976764836553126 -0.08188754568193034 0.0018720137505858318 0.9999965111837988 0.0018636473950918414 -0.12655560443687913 0.0012941877979388645 -0.0018660718734614368 0.9999974214247529 11.905302983753222
0.9999994126156131 0.0005580894630061823 -0.0009291405468212238 -0.0986857859986815 -0.0005571500812028441 0.999999333719181 0.0010110122402660921 -0.15763736295228808 0.0009297042423828168 -0.0010104939967824356 0.9999990572763351 13.233962792726611
0.999997067980884 0.00217260168134742 -0.0010694980101440287 -0.10482732488819575 -0.0021718641885808583 0.9999974031898738 0.0006903790193092815 -0.15458955164446586 0.0010709952424014114 -0.0006880542067731097 0.9999991897758915 14.56743432979154
0.999997642312798 0.0021337683535861407 -0.0004029851856726702 -0.13665825427173162 -0.002133294578134947 0.999997036798754 0.0011727964577441731 -0.18804587845085147 0.00040548650259085244 -0.0011719340316074334 0.9999992310757758 15.915542323437805
0.9999993093553355 0.0011221218974224846 -0.0003494693775984458 -0.1268787363329278 -0.0011208000533272037 0.9999923025843414 0.003760130372704326 -0.20561255719431812 0.0003536860450839279 -0.0037597361657432174 0.9999928696203222 17.263731420316216
0.999993195811982 -0.0036548785969397358 -0.0005001964373993906 -0.12408251482483154 0.0036577597703753434 0.9999759919124984 0.005885268519453796 -0.24039142045153078 0.00047867453217190583 -0.005887058187009667 0.9999825565572782 18.62068531506492
0.9999867671663017 -0.005115028340442172 -0.0005495299144150155 -0.11617461395587728 0.0051176894776056425 0.9999746288904161 0.0049548786200192384 -0.2655357226689235 0.0005241716763437513 -0.004957625470619289 0.9999875735206568 19.970515921880953
0.9999824994443194 -0.005875841926105704 -0.0006894149552005111 -0.11687555430030364 0.005877904717183148 0.9999781385184953 0.0030286487631662985 -0.26276547185275473 0.0006716040818166252 -0.003032648131368643 0.9999951759858291 21.350589177818765
0.9999925344377569 -0.003843243125957005 -0.0004006940188327065 -0.1476872239877989 0.0038438106345805873 0.9999915976881728 0.0014246639387330284 -0.31892120204173774 0.0003952153570112107 -0.0014261935202359193 0.9999989048882586 22.68734137181297
0.9999985931877762 -0.0015349857240493266 0.0006763465367693366 -0.1562222873348713 0.0015329003783105515 0.9999941027941407 0.0030732052380245184 -0.30750364355599347 -0.0006810599293362463 -0.003072164201561569 0.9999950489697863 24.04440686432707
0.9999976164363769 -0.0017304208306133523 0.0013314540267065217 -0.16340036879310033 0.001720918646510158 0.9999732773844965 0.007105135563524203 -0.32042637899754034 -0.0013437134290325333 -0.007102827441495779 0.9999738717969535 25.43374910389246
0.9999955098663093 -0.0026756800925511175 0.0013494402787742482 -0.15811195123639 0.0026645995460309047 0.9999632594909987 0.00814736590219966 -0.34207132991959477 -0.0013711905534951106 -0.00814373375882903 0.9999658991372554 26.814575161418638
0.9999813196412293 -0.005988482381077643 0.0012241145895749404 -0.14865359541779888 0.005978859481368462 0.9999523303974419 0.007719466462568394 -0.38211576015171733 -0.0012702842261001933 -0.007712003597428439 0.999969455222952 28.189408264033005
0.9999784848172254 -0.006433519223107439 0.0012805243705769059 -0.1681053063433862 0.006426406445262803 0.9999643150721541 0.0054836004062877785 -0.3881532951782094 -0.0013157576300810217 -0.005475253357474594 0.999984145065301 29.53836347125955
0.9999768480242957 -0.006582615679630758 0.0017241219517193157 -0.1634187975768564 0.00657603676610681 0.9999711790124256 0.0037943215851981935 -0.4270067394928791 -0.0017490489658573514 -0.0037828959179110515 0.9999913152245633 30.93089982425467
0.9999867930864159 -0.004590406284425724 0.0023112403777072513 -0.18866413722847172 0.0045852478907127785 0.9999869959140046 0.002232375008976211 -0.4136955932424214 -0.0023214580244670436 -0.002221747954512342 0.9999948373196519 32.3173595300589
0.9999901341657227 -0.0032277131880398807 0.003051794105216897 -0.18900029471895205 0.0032257540807919868 0.9999945881113459 0.000646725568960728 -0.46055820996201263 -0.0030538652912311375 -0.0006368748587811383 0.9999951341348617 33.69437912201469
0.9999901546761749 -0.0029812072440874096 0.0032867860418181703 -0.20679348841991224 0.0029775590338523214 0.9999949461606121 0.001114356761896024 -0.46363289621122294 -0.0032900918363167543 -0.001104559208032303 0.9999939776022198 35.08955239660427
0.9999922739339848 -0.00280743572296035 0.002751433196015847 -0.20789138797844314 0.0028011879459585547 0.999993495587322 0.0022720309616030654 -0.5014121355132879 -0.002757794111467065 -0.002264306166474133 0.9999936337227552 36.483595101523704
0.999994100764157 -0.0022237036459486458 0.0026179353904580115 -0.2237296355849922 0.0022149971401929976 0.9999920224212033 0.0033239852102688082 -0.4932180717471649 -0.002625306282715313 -0.0033181669434539348 0.9999910487260727 37.88813119909372
0.9999979769836346 -0.0003325215593460197 0.001983799710145688 -0.21005420236293876 0.0003248576633592473 0.9999924884277939 0.003862324967041367 -0.5109477081908621 -0.001985069279607229 -0.0038616727751983656 0.9999905734462845 39.283558956351
0.9999934531468625 0.002545984262134567 0.0025713082982765116 -0.23128197255694966 -0.002556703705033971 0.9999880197720418 0.004174156467619853 -0.5470603044155758 -0.0025606503699130215 -0.004180703295749034 0.9999879823213683 40.67986968315796
0.9999782958155297 0.006067721175265264 0.0025672258801613555 -0.24576148410998733 -0.006079166277302988 0.9999715133953768 0.004473940810992412 -0.5746191929491504 -0.002540006334618772 -0.004489450391817595 0.9999866965118289 42.10104312229856
0.9999803658184693 0.005782723581467811 0.0024141410822033967 -0.256492139472189 -0.0057937739801994965 0.9999726560171776 0.004595586093687724 -0.5813653610815326 -0.0023875002642950423 -0.004609482944239289 0.9999865261628901 43.49018034451349
0.9999826889657174 0.0054781641805939345 0.0021474352470639566 -0.27407018392919846 -0.005488100936463851 0.9999741341590337 0.00464884617859842 -0.6018611369342544 -0.002121912735122264 -0.004660551137979234 0.9999868882878454 44.92221178015728
0.9999869271763704 0.004983549474067065 0.0011444225271882282 -0.2622917516082616 -0.004988116387737213 0.9999794679476236 0.004022733762813985 -0.6296741270062597 -0.0011243516291891977 -0.0040283897693866935 0.9999912539160136 46.312171437604796
0.9999892529776351 0.0046356423453105325 6.885089249727841e-05 -0.2665631847606573 -0.004635914464354586 0.9999782670787445 0.0046876086769097915 -0.6581260742564097 -4.7119319365825215e-05 -0.004687877581830672 0.9999890107318888 47.74354565408303
0.9999870399288513 0.00500509780241136 -0.0009321797320753772 -0.27377779682292847 -0.0049999131741258265 0.9999724638014899 0.005483841300647451 -0.6757055067302917 0.0009596013106448844 -0.005479109524555773 0.9999845291438414 49.14462919981873
0.9999807315442298 0.005890193297550283 -0.001960139797535146 -0.2811571708829297 -0.005879109420973178 0.9999669626830743 0.005613343493923884 -0.70311355386535 0.0019931388905989516 -0.005601711573653085 0.9999823239585734 50.57960848073638
0.9999807468400128 0.005439890016382886 -0.0029855535176073035 -0.2985257106439845 -0.00542268998429578 0.9999688265400914 0.00573937197129892 -0.7086021824422131 0.003016682259084861 -0.005723071858514541 0.9999790728227692 52.02468919530831
0.9999724326222761 0.006343254254830368 -0.0038596762623337773 -0.32348450843347365 -0.0063167754006091086 0.9999566935198384 0.0068344308004072915 -0.7376209730545235 0.003902861980529875 -0.006809861827256706 0.9999691962552621 53.43572094464035
0.9999724359142705 0.0055151840974976985 -0.004970929028665995 -0.326058944036558 -0.0054780491436681004 0.9999572179531523 0.007453405239677777 -0.7568430638364345 0.005011823693400069 -0.007425968954532107 0.9999598675048414 54.89620357848131
0.9999843918772852 0.002154779415668495 -0.005154892194880706 -0.3450983244428853 -0.00211089241149169 0.9999616120592678 0.008504030937130818 -0.768718008398095 0.005173019063902519 -0.008493016955608787 0.9999505530522892 56.27955470525324
0.9999835777448908 0.0006158244253776186 -0.005697805569739159 -0.3587961960279205 -0.0005694666513780672 0.9999667552777688 0.008134128442649739 -0.7845890502706541 0.005702625831220202 -0.008130750317024251 0.9999506842699133 57.71431415582688
0.9999859359744007 6.0469589138098176e-05 -0.005303224135811914 -0.39306709270419343 -1.3242691065071602e-05 0.9999603505048604 0.008904899779513547 -0.8170175727361821 0.0053035527966910235 -0.008904704491685645 0.9999462878469966 59.152335819420074
0.999984755228137 0.00012176189123366821 -0.005520369021864339 -0.3788312929908593 -7.012591262032207e-05 0.9999562577766402 0.009352946745263836 -0.8439042616726706 0.005521266855297534 -0.009352417229726491 0.9999410222199983 60.56564797519332
0.9999859833336535 -0.0021715420936410396 -0.004828823358126146 -0.4045438210299146 0.0022200146338563955 0.9999469774486565 0.010055536768924444 -0.8453713803990687 0.004806731714735585 -0.010066116082987565 0.9999377823894716 62.02297417404377
0.999977623908871 -0.004649839796561665 -0.004809435338937694 -0.40048075089119295 0.004697072565099034 0.9999403910090684 0.009856567788013493 -0.8670210482652344 0.004763317603057861 -0.00987893769836482 0.9999398568953581 63.432737920109986
0.9999779454489266 -0.0051364439723253965 -0.004210173127699549 -0.42403417226777673 0.005174254947178134 0.9999459351866993 0.009019633024828676 -0.8907721779360083 0.00416361702533725 -0.009041218787660836 0.9999504591062668 64.83812267029123
0.9999817456680031 -0.005024960698265831 -0.0033553094051652164 -0.4368682603693025 0.0050547752007271355 0.9999472872465066 0.008937111767196712 -0.9078100710844947 0.003310224189528731 -0.008953909136288551 0.99995443392978 66.2902204566046
0.9999898391335261 -0.0035043955061776436 -0.0028356377987479786 -0.44832737623304963 0.003529098741900041 0.9999554552610126 0.008754024687453269 -0.9247791153763247 0.0028048341656030794 -0.008763943157098903 0.9999576622104256 67.6622787659899
0.999997379686655 -0.0008776899780296808 -0.0021143031687074734 -0.4717763421747393 0.0008992064858925515 0.9999476024050095 0.010197248028005531 -0.9431630368670254 0.002105242548139345 -0.010199122705204742 0.9999457714580919 69.12912295995886
0.9999961515117548 0.002499442934979333 -0.0012040516001789545 -0.48730596100694235 -0.002485647659855322 0.9999327706156124 0.011325890915948437 -0.9584917240982986 0.0012322791837001807 -0.01132285470643371 0.9999351351239762 70.49681479109088
0.9999777907255295 0.006662796884981376 -0.0001586801613070051 -0.5141811699692278 -0.006660309222872618 0.9999005071522271 0.012434471707062153 -0.981784091412186 0.00024151276315727472 -0.012433138937876826 0.9999226763769499 71.94446174666926
0.9999515847863341 0.009836085943789059 0.0002819126694225166 -0.517897718112539 -0.009838779826658857 0.9998782408860173 0.012112053161183465 -0.986444969972072 -0.0001627431527153056 -0.012114240676395029 0.999926606652598 73.311039019481
0.9999078455028024 0.013544797112180377 0.0009159369701777602 -0.5352828298597478 -0.013554500279148542 0.9998410888498426 0.011578972288521117 -1.001255072709342 -0.0007589566427676599 -0.011590320540269169 0.9999325419535429 74.70112724713081
0.9998920438207662 0.014579411964723857 0.0018279539674968751 -0.5514841830520785 -0.014599737188008935 0.9998255761463779 0.011647531526721492 -1.0084090304100841 -0.0016578210997783944 -0.01167296199112741 0.9999304943792242 76.14294361337456
0.9998786743013954 0.015426776010659666 0.002156669093845498 -0.5602361532478566 -0.015451691439064056 0.9998079186407616 0.012056993436789922 -1.0219737487277287 -0.0019702544584763466 -0.012088855047494627 0.9999249860278497 77.52114902198664
0.999885148883074 0.01498410389642866 0.0022728039070812377 -0.5606056012814505 -0.015011045752488166 0.9998111799679932 0.012339892645440165 -1.051138906773604 -0.002087472690030902 -0.012372592812062539 0.9999212776047391 78.92936349990072
0.9999019472223727 0.013905961334458686 0.0016492869380817748 -0.5568791132903049 -0.013923378182783365 0.9998418347395103 0.011065490309228933 -1.0525585070022467 -0.0014951499160396895 -0.011087369180903285 0.9999374154281697 80.29226715546471
0.9999044008640516 0.013740491319334703 0.0015453150397052927 -0.5706299201786394 -0.01375716649246704 0.9998409032550791 0.0113537913712567 -1.0817336944156313 -0.001389062622371926 -0.01137396534846875 0.9999343495546993 81.69554431778027
0.9999155183347257 0.012933955315534977 0.001291883601224459 -0.5885101616357427 -0.01294849837836995 0.9998445630118196 0.011966044990214047 -1.0890399489349143 -0.001136914590714869 -0.011981762276660798 0.9999275697773079 83.07027758921892
0.9999124011206458 0.013194782484432916 0.0010429616876780985 -0.6021225392418221 -0.01320547342622878 0.9998521786165696 0.011010740936811607 -1.096338407228147 -0.0008975232517340669 -0.011023549437743403 0.9999388360356688 84.44309867763344
0.999919197111923 0.012710098216344315 0.00022938956552601424 -0.6106149474766394 -0.012711882224044905 0.999855022183066 0.011328843387510945 -1.10064256768285 -8.536559583419622e-05 -0.01133084419038064 0.999935800282487 85.84153595718142
0.9999167701494577 0.012869874275870552 -0.0009050286569832253 -0.6205256200926618 -0.012858261773951557 0.9998472076897309 0.011841723111141868 -1.1185343417041356 0.0010572919613307814 -0.011829100674779042 0.9999294747716079 87.19486119477885
0.9999296968013395 0.011689476727585347 -0.0019893610435713365 -0.628504502517021 -0.011662703450061934 0.9998477862490219 0.012976351708194837 -1.126173607139206 0.0021407451874169156 -0.012952238367236283 0.9999138246569486 88.58729255037412
0.9999546935552661 0.009004062659558503 -0.003088311347397353 -0.6351780281973022 -0.008960707770678509 0.9998649507912932 0.013776280679749599 -1.1505854298778833 0.003211937049824818 -0.013747983350438656 0.999900333246083 89.96866349599084
0.9999571929545017 0.008319007757021749 -0.00405047440241387 -0.6462773279768781 -0.008260908539075008 0.9998656823859428 0.014155373143310425 -1.1609931586962148 0.004167689374425316 -0.014121306883117924 0.9998916036606035 91.34505613220702
0.9999644587877314 0.007175447783292884 -0.004426520871414267 -0.6622735906998628 -0.007113226733495352 0.9998778706925971 0.013915664327721355 -1.1814841026122052 0.004525831779471525 -0.013883683184362347 0.9998933744166811 92.71600127544703
0.9999724063565549 0.005854532951432923 -0.004572849099551933 -0.6741390461807656 -0.005791182997450248 0.9998887474495187 0.013746087778604147 -1.1967431085094868 0.004652817686193863 -0.013719226546673655 0.9998950615565416 94.04423310713987
0.9999731503529987 0.005326291947440463 -0.005032809040687331 -0.6902291987125798 -0.0052590428035228995 0.9998979565908717 0.013282276881701999 -1.199198950574624 0.005103041201716689 -0.013255452768579873 0.999899120890588 95.42378182803921
0.9999756931854514 0.004969258844792324 -0.004890755117093079 -0.6993047155661732 -0.0049067146221311855 0.9999070802802436 0.012718292401057624 -1.2071148622323766 0.004953501585059301 -0.012693985978265602 0.9999071584685656 96.7725556932287
0.9999708895204769 0.006135412536003604 -0.004536166171353927 -0.7219927002225375 -0.0060792869666116914 0.9999060568131608 0.012284943055348168 -1.2262398731960282 0.0046111136222699075 -0.012257009028912167 0.9999142480104948 98.11192486144205
0.9999601152457624 0.007868223756195518 -0.004225984833383762 -0.7449963530288052 -0.007815426036879201 0.9998929677904532 0.012368188667065764 -1.2320106381383773 0.004322848567570851 -0.012334667745656887 0.9999145808341907 99.4795972814213
0.9999591249334964 0.007992019781080387 -0.004228008624596 -0.7486529184059108 -0.007933930168472648 0.9998762806865094 0.01358219731665846 -1.240944310247969 0.004336035104769291 -0.013548097694937207 0.9998988188122784 100.8280943284132
0.9999579840686865 0.00824953487052012 -0.003996904603287064 -0.7774130840777681 -0.008187001503423328 0.9998476305893248 0.01541715349864805 -1.2520241824579397 0.004123480303047223 -0.015383783381471082 0.9998731600226389 102.14120140666569
0.9999629566481739 0.007683455566726298 -0.003879409550226371 -0.7861806150335208 -0.00762629449484072 0.9998651985595473 0.014540438495197738 -1.2725632591041156 0.003990607761802184 -0.01451031464404684 0.9998867565040962 103.49231932510064
0.9999630824023125 0.007669206019371481 -0.003875188770568361 -0.7952426824623414 -0.007621290119554494 0.999896141907299 0.012231980511517328 -1.2804019993217142 0.003968596224179645 -0.012201995247892531 0.9999176773955187 104.81846230298247
0.9999717737427977 0.006330379435861115 -0.0040469733634796974 -0.8121079113010542 -0.006285189952324581 0.9999188262085539 0.01108320304489002 -1.293479311510218 0.004116806092391706 -0.011057454437364424 0.9999303898875543 106.15392061512993
0.9999791026044185 0.005307548786151708 -0.0036911059427800945 -0.8231755669995293 -0.005262578095958911 0.999913083768969 0.012088431873596883 -1.3058505147162627 0.003754945394423769 -0.012068754768559843 0.9999201195870282 107.49444496488515
0.9999929507923251 0.002072612230981245 -0.003130915988239342 -0.8353848173729261 -0.0020283493406573717 0.999898884558167 0.014075029520522033 -1.3038594739593745 0.003159771760884698 -0.014068579992779726 0.999896040051645 108.8150262857644
0.9999972699245032 0.0006740721716609289 -0.0022373567601420004 -0.8501051413270038 -0.0006398655310999165 0.9998834380155867 0.015254538624234053 -1.3304333130022143 0.0022473788315779336 -0.015253065673697169 0.9998811395793554 110.1794679035983
0.9999982480414724 0.0003210267357654827 -0.0018441399568581518 -0.8504695538291198 -0.00029477788640534883 0.9998988993040931 0.014216338172522906 -1.3368843130049983 0.001848517505348645 -0.01421576993634658 0.9998972421590202 111.47905780092904
0.9999985999033363 0.0013756788257498036 -0.0009527304123317432 -0.8708899918534927 -0.0013641585073557528 0.9999272004167464 0.011988867175743498 -1.3497282160655493 0.0009691539761829033 -0.011987550952985324 0.9999276770690736 112.82026209553761
0.9999889768392799 0.004694219572774851 0.00010243837562690181 -0.8720791849042011 -0.004695012100021489 0.9999385149808461 0.01004605021545222 -1.3680045768887754 -5.5273708494054654e-05 -0.010046420627199985 0.9999495319168161 114.17472002238546
0.9999704544919281 0.007522504140745993 0.001581790428192637 -0.8889582187071018 -0.007537049837268732 0.9999274154980317 0.009399820636793255 -1.3694219774407808 -0.0015109655456109915 -0.009411465137634138 0.9999545696220186 115.4779934641365
0.9999624337297901 0.008102606274368178 0.0030787801524095534 -0.9036087295441323 -0.008138106066064467 0.999898455994563 0.011698245272615324 -1.3873993349655112 -0.0029836814883784785 -0.011722861487437333 0.9999268334051954 116.85085401035862
0.9999547529577514 0.00868815360619816 0.0038740172619568724 -0.9090397999709942 -0.00874047205698542 0.9998679641916269 0.013698844657610627 -1.3854842673917975 -0.003754488393086454 -0.013732085839286822 0.9998986616834423 118.14544462627826
0.9999528099744719 0.008414831145597488 0.004854732546905573 -0.9115579691748392 -0.008485056073661668 0.9998569646213582 0.014630588972354018 -1.3987443691804253 -0.004730924601124927 -0.014671091524125978 0.9998811816544346 119.51605720585671
0.9999473389674682 0.008425179166905898 0.005859661734060375 -0.9150952442356628 -0.00850754627742462 0.9998633133018948 0.01417661390346239 -1.4114008519435406 -0.005739420758204499 -0.014225718973873713 0.9998823370621217 120.83453934697117
0.9999238640914023 0.009997534997842944 0.007232931520649712 -0.9098660651795922 -0.010098453268181116 0.9998502531324163 0.014053204960639273 -1.4195440676517779 -0.007091351591886336 -0.014125176708351254 0.9998750882558421 122.1426766668882
0.9998943533272673 0.011834799048616562 0.008439176161142158 -0.9201207160566685 -0.011948305299422887 0.9998370927559436 0.013528709207658933 -1.4224317102622748 -0.008277692492616824 -0.013628114068725918 0.9998728690750451 123.51238320402615
0.9998747760019575 0.012471513928261258 0.009741336247032198 -0.9264225827761251 -0.012597512610634751 0.9998363731211118 0.012981898378221583 -1.432743482380498 -0.009577839175744143 -0.013102989599232326 0.9998682796540374 124.85203225529112
0.9998548855322003 0.013272992591244363 0.01067874143998473 -0.9157266479236001 -0.01340482138154541 0.9998336391672676 0.012369510167446657 -1.4372749022820963 -0.010512785377986895 -0.012510862042338148 0.9998664709211721 126.18085155267407
0.9998481837614096 0.012912408892260665 0.011699534183800663 -0.9214437778420198 -0.013052398853303676 0.9998431758518156 0.011969069066939515 -1.4524977734061832 -0.011543150866964924 -0.01211995919383269 0.9998599213165283 127.51836126455026
0.9998419631558038 0.01266480489637543 0.012476033208039077 -0.9062443118342388 -0.012824242297165878 0.9998360481473536 0.012783413507847428 -1.4600913675320493 -0.012312089332100946 -0.012941389185033438 0.9998404537229878 128.84341671672638
0.9998331247467892 0.01247380278441761 0.01334641817656516 -0.8995991289998961 -0.012657489957956462 0.9998250973510855 0.013768176348796627 -1.4739421990838308 -0.013172343438893733 -0.013934811208406998 0.9998161382998482 130.21529714610983
0.9998521689773326 0.010393276305659935 0.013697444292330175 -0.8837666163663093 -0.0105910926725283 0.9998395108787216 0.014449265033295342 -1.475681648978135 -0.013545071931173937 -0.014592200170084566 0.9998017797149541 131.54268099917044
0.999859031405177 0.009664514049258702 0.013730057137021471 -0.8763733065868082 -0.009865442627253999 0.9998441215307853 0.014642598745980836 -1.4931679040336623 -0.013586404452283388 -0.014775987977934555 0.9997985195998775 132.89175905590582
0.9998837028291925 0.006965145646548266 0.013567149790254817 -0.8671297682833812 -0.0071741384423252294 0.9998554131048021 0.015417024054883093 -1.4833272860634679 -0.013457807465437671 -0.0155125640095898 0.9997891016495795 134.21556220048322
0.9998981654536284 0.005887808081563777 0.012999708929330696 -0.8505015999712955 -0.006091029345878892 0.9998589961178811 0.015648873725613757 -1.5084958329667237 -0.012905739433049183 -0.015726462042196927 0.9997930387246693 135.55179413527588
0.9999129693731429 0.005847018098165093 0.01182649793015415 -0.8454404040799374 -0.006027357481229935 0.9998652246559585 0.015271001632021984 -1.5159117359995564 -0.011735615166660471 -0.01534095541524081 0.9998134478109889 136.89353733256723
0.9999324388670531 0.004276713136634907 0.010808673584629148 -0.8360830647399888 -0.004454158464401975 0.9998548258078314 0.016446512762095807 -1.5238307913768454 -0.010736768321310413 -0.016493545481611947 0.9998063236267644 138.23652955007597
0.9999485183929195 0.003366096617529104 0.00957235384130681 -0.8113168850102697 -0.003527544906965524 0.9998509703442263 0.01689951263149898 -1.5351651850255188 -0.009514042674979538 -0.016932409854034106 0.9998113704540839 139.58053538256283
0.9999627870843507 0.0018790135142844298 0.008419843129337325 -0.8234544350152959 -0.0020234684685756094 0.9998503494222623 0.01718092927937912 -1.5408227568637347 -0.008386300591608298 -0.017197327547554354 0.9998169441896005 140.93296955039713
0.9999738197659469 0.0011305578678749567 0.007147141128575554 -0.8198613523606941 -0.001250414504669806 0.999858294812872 0.016787696439470798 -1.5375365140018566 -0.007127149468136605 -0.01679619414869362 0.9998335319459901 142.25868532920734
0.9999802788442677 0.0012089562726247732 0.006162820087849285 -0.8172060942977968 -0.0013098569238137216 0.9998647380733487 0.01639481097940049 -1.5382041661025994 -0.006142166389264098 -0.01640256038655661 0.9998466031376767 143.61082651454151
0.9999839510317036 -0.001097047660936606 0.005558252698584813 -0.8166574177967261 0.001017940516422523 0.9998984395901138 0.014215283848386029 -1.549962050592336 -0.005573283503490313 -0.014209398011809427 0.9998835089744174 144.95912827914566
0.9999830866469194 -0.0040391845422319585 0.004184664715378621 -0.8238673942052883 0.003983753257031571 0.9999053218368047 0.013171069123305682 -1.5698564971383182 -0.004237469245004318 -0.013154175937396692 0.9999045011949549 146.26996932490385
0.9998993995433395 -0.01381465875035889 0.0032165215142221882 -0.8235118090751943 0.013760494545556485 0.9997725641231778 0.016293213287072228 -1.5634061296794879 -0.00344087541999846 -0.01624731356248066 0.9998620830801542 147.66491502405327
0.9997949698191805 -0.020187032202780595 0.001581791314730416 -0.8094399391972704 0.020155409463323178 0.9996356245503297 0.01795487634448958 -1.580172528090043 -0.0019436707640519502 -0.01791931373747152 0.9998375469770951 148.97378000943218
0.9997441608663411 -0.02260678144990843 0.0007390878744219359 -0.7836362205408973 0.022593222462672875 0.9996330431964802 0.014944070359607835 -1.5884450585310423 -0.0010766540708954085 -0.014923548980797934 0.999888057987822 150.27045814611319
0.9997677436860695 -0.02154102519541328 0.0006655256283278174 -0.8015705896209975 0.021531551823447036 0.9996968751992229 0.01193942980062365 -1.6024164366784606 -0.0009225115158388677 -0.011922327210868949 0.9999285009886626 151.67353924884165
0.9998243322501745 -0.018651655971676243 0.0018494270360544596 -0.8123370141265788 0.01863302973534628 0.9997800714896853 0.00962386846799567 -1.6057815903165595 -0.0020285215403712826 -0.009587717608772342 0.9999519792328687 152.98379546390268
0.9998195669726585 -0.018798515394686223 0.0027293458571016633 -0.8182193309102065 0.018770525673590454 0.9997743817266278 0.009942484516408785 -1.6220797102798539 -0.0029156342520267613 -0.009889459485509504 0.9999468474211334 154.35802838263373
0.9997549818288107 -0.021931254666619656 0.002999397536222462 -0.8194564887779346 0.021891463866199924 0.9996795352060216 0.0127118327171486 -1.620009005832803 -0.0032772230405706607 -0.012643057114107223 0.9999147028205118 155.68196612673597
0.9995289619814406 -0.030498982971747184 0.0034155807101755257 -0.8227966917090647 0.030442092494775884 0.9994143851884084 0.015625801974802057 -1.613851105777391 -0.0038901518776761485 -0.01551446448339799 0.9998720758738221 157.01573609945657
0.9994676564666312 -0.0324440374543803 0.0034333802001815824 -0.8079713684819841 0.03238165311452005 0.9993328982668475 0.016887480314406823 -1.6283594493663287 -0.003978988150261189 -0.016767312149248908 0.999851501423853 158.37170542579491
0.9994330252832795 -0.03352625429526094 0.0031013274073818974 -0.7955517220240027 0.033467995345280444 0.9992910746510241 0.0172406908567386 -1.64780228755341 -0.003677144877890244 -0.01712712091863573 0.9998465583968827 159.7039431483393
0.9994583407782142 -0.032626944866686755 0.004302035176111731 -0.8056027737169371 0.032546895699676566 0.9993165941770272 0.0175226764766164 -1.6386752897142656 -0.004870806934537561 -0.017373167580649673 0.999837210895217 161.068772228006
0.999514804153836 -0.030668522272684847 0.00544040565755227 -0.8047409797454712 0.0305706041402967 0.9993837296817188 0.017251058327022645 -1.6323444106668654 -0.005966117851533679 -0.017076372005724993 0.9998363880949052 162.4070440881362
0.9995871271468505 -0.027968871557114944 0.006581600669834308 -0.8195613619922417 0.027863339076735147 0.9994897814775149 0.01561445023878157 -1.632395604650942 -0.007014961746609014 -0.015424618361946222 0.9998564254232191 163.7576169284636
0.9996190866179775 -0.02664506264045042 0.0071918224348202575 -0.8186825629833515 0.026534048925419364 0.9995336480639164 0.015113921800471233 -1.628876846889654 -0.00759118053502034 -0.014917336804514078 0.9998599137080203 165.10636253646865
0.9996377283957054 -0.025841968788578647 0.007523604357806435 -0.8231456310803578 0.025716271375606586 0.9995355622691937 0.01635032537684976 -1.6294437236488004 -0.007942635366325959 -0.016150923358957407 0.9998380179901022 166.45528886854024
0.9996718744674844 -0.024596138201182335 0.0071535579762548665 -0.8116046958762413 0.024476611080068336 0.999566818679278 0.01634229168650345 -1.6307471664254551 -0.007552417076713655 -0.01616183480050299 0.9998408653843724 167.78371724558326
0.999741796392173 -0.02163720765723879 0.006940590954060126 -0.8175253928287572 0.021537317459666187 0.9996677929320161 0.014157956091693066 -1.6482590683572724 -0.0072446244759224974 -0.0140048189991981 0.999875682502549 169.17286905225535
0.999808991819143 -0.018541204785844905 0.006180907443230176 -0.8155292446353708 0.01846898475625127 0.9997627911303971 0.01154374555435641 -1.6522928931354726 -0.006393476757154448 -0.011427385725010546 0.9999142654788516 170.5838855338781
0.9998931670134797 -0.013324082030680542 0.006010275711841676 -0.8233626474354627 0.013264216216759722 0.9998630854802942 0.009892969661958068 -1.6593212862676399 -0.006141268067207597 -0.009812191348100043 0.9999330006177335 171.9382850309739
0.999924658912912 -0.010381987512887091 0.006549110588594232 -0.8350136702253144 0.010308715966456418 0.9998849826716703 0.011124378146257177 -1.6676537728609113 -0.006663851035856328 -0.011056027307164651 0.9999166752019328 173.27869758645508
0.9999603881675396 -0.0051678943258471124 0.007246721838405358 -0.845062622385362 0.005070640065941941 0.9998976903861894 0.013375251693751092 -1.6955025390782281 -0.007315102923474458 -0.013337976610397562 0.9998842871290812 174.6706676031986
0.99996891502112 -0.0028678320614938715 0.007344694791184502 -0.8455062899453147 0.0027498381678552376 0.9998678063931254 0.01602523377383577 -1.7029247901342952 -0.007389682160071355 -0.016004539214947083 0.9998446115884255 176.05503956574378
0.9999588116219704 -0.006527478156997096 0.006306116288921255 -0.8393794274518926 0.006417845346969601 0.9998305794307726 0.01725177325456662 -1.6987487662620593 -0.006417659004201309 -0.01721059133192015 0.9998312903688049 177.46456931212575
0.99995124645699 -0.00853805556006301 0.004960476898253279 -0.8420560314500726 0.008451364519117373 0.999815623880089 0.01724217694910198 -1.7000225003332852 -0.005106777386620439 -0.017199413861733667 0.9998390375405096 178.85454514809433
0.9999287672436 -0.011608666655976811 0.002774763219827844 -0.8417849284833994 0.011570251259030422 0.9998421756122983 0.013481585120128033 -1.6940336539906968 -0.0029308287581467024 -0.013448520335818311 0.9999052692856073 180.1938633890049
0.9999627740320702 -0.008559568793344421 0.0010882751990182338 -0.8545534002160117 0.008548784177604317 0.9999177952703916 0.009556201051752956 -1.717628021028037 -0.0011699827884891977 -0.00954654206377256 0.9999537462684418 181.61055100928778
0.9999890016031062 -0.004671180585260714 0.000420418339493309 -0.8736308997533183 0.0046673005435642 0.9999503821389977 0.008800542987347362 -1.727581952164198 -0.00046150643632410096 -0.008798484146201884 0.999961186092019 183.00380745410612
0.9999975461340753 -0.0022139101866425343 7.956707866999522e-05 -0.8941880176012189 0.0022130068565313597 0.999947832685288 0.00997168501762026 -1.7279290721265834 -0.00010163934326941045 -0.00997148466070814 0.9999502783470061 184.32960736035562
0.9999990107633216 0.0011908962633433154 0.0007484901711327452 -0.9026561377011145 -0.0012003945231358762 0.999917098391712 0.012820116767807288 -1.7419800890230688 -0.0007331607426076749 -0.012821002822191847 0.9999175387829928 185.78076274111893
0.9999940856270862 0.003238596590612786 0.0011576695033941975 -0.9106578394214938 -0.0032560609801243305 0.9998758603015292 0.015416291782153726 -1.759067322271636 -0.0011075987220053908 -0.015419970352453278 0.9998804917311617 187.1450159199768
0.9999983454157481 0.0011499094658377618 0.0014095651882421465 -0.9229549788589546 -0.001172345506683767 0.9998709709284707 0.016020833165464817 -1.752776761776434 -0.0013909609103330677 -0.01602245947060638 0.9998706646489237 188.59860225974174
0.999999230740809 0.0003211023800665635 0.0011980869065151307 -0.9197563042487581 -0.0003410348010414489 0.9998609223426229 0.01667392156170578 -1.7573488417522674 -0.0011925663308384362 -0.01667431765238792 0.9998602626979272 190.01952935123848
0.9999940998801032 -0.00306424341731284 0.0015526183736979862 -0.9352765511790739 0.003036648624265533 0.9998427014363123 0.017474299328692124 -1.7623599744786846 -0.0016059197771534418 -0.01746948181244666 0.9998461072749958 191.37177999408445
0.9999897817406913 -0.004180869816112471 0.0017195202356212692 -0.9391026837696974 0.004149608288568375 0.9998329726556087 0.017799087828539763 -1.7729101467048891 -0.001793648834713324 -0.017791770963431753 0.9998401050747858 192.8257509387599
0.9999726621500766 -0.007132013819301026 0.0019517536600363488 -0.9311967672134795 0.0070945662255295396 0.999802493107609 0.01856453308057413 -1.7683057883250413 -0.002083770842349176 -0.0185501790790203 0.9998257592008792 194.18558184648654
0.9999243206746995 -0.012075440809024078 0.0023530120802224093 -0.9380658954769738 0.012025586128491127 0.9997244313529229 0.020160521168437837 -1.76513219672365 -0.0025958110461884796 -0.02013069946978164 0.9997939871348929 195.6363536713229
0.9998737101371887 -0.015683513762458835 0.002567330426311202 -0.9292068514645405 0.01562654379144521 0.9996598314205082 0.020881392504818335 -1.7723369359032908 -0.002893950934517538 -0.02083863729165689 0.9997786636307898 197.04914363454148
0.9999022080282391 -0.013715264541160906 0.0027323822034395697 -0.9341208914927104 0.013665705352055846 0.9997552392786843 0.01739856356040097 -1.7799527769780545 -0.0029703395614796976 -0.0173595225197011 0.9998449000045836 198.4660513297792
0.9999667299867262 -0.007586463420508971 0.0029974163663695043 -0.9539193654832108 0.0075490683472189055 0.9998959014445731 0.01229625261379874 -1.7851711061981583 -0.0030903896610210172 -0.012273216049875179 0.9999199056225335 199.9081186088887
0.9999871890376203 0.002644264612198367 0.004316204996979747 -0.9605630404281607 -0.002692901323839818 0.9999325074955002 0.0113017138958113 -1.7801386049414183 -0.004286029316608525 -0.011313192445645113 0.9999268181363807 201.35414369003726
0.9999459961184677 0.008741094163617073 0.0056212192824746715 -0.9793463203821589 -0.00882439546643142 0.9998490184117877 0.014968982543960355 -1.7753233723265267 -0.005489525748250197 -0.015017778320973877 0.9998721575490753 202.7837005882721
0.999920631131569 0.010721777342830148 0.006616260996924214 -0.9777065955023474 -0.01083384179318561 0.9997943882413187 0.017140861413912543 -1.779163978517883 -0.006431120646596347 -0.01721118083024495 0.9998311937238655 204.2039242107049
0.9999220937534363 0.010870647233905538 0.006134772474637663 -0.9770507044392467 -0.010976671882022053 0.999786225597225 0.017521866264902326 -1.7844984300923044 -0.005942987479001994 -0.01758784093673279 0.9998276595259791 205.6967482441816
0.9999661009095936 0.006638713733545534 0.004870780575750777 -0.9739902461489194 -0.0067254744682452815 0.9998150485080403 0.018017679509272383 -1.7895452225671191 -0.004750265888520629 -0.01804982739370147 0.9998258041821085 207.12695123299872
0.9999829511673597 0.004419232304183816 0.0038167730627984104 -0.9715127353714405 -0.004486388109713741 0.9998320486521614 0.017769265871445474 -1.7901187048571838 -0.0037376058186580465 -0.017786086802390987 0.9998348290707769 208.5586741606468
0.9999822823476179 0.0049961387932013004 0.0032362914466587175 -0.9761533457874405 -0.005051215850804409 0.9998386215818276 0.017239953982891992 -1.7914046461287552 -0.00314963622875022 -0.017255996079405093 0.9998461433615983 210.04692172644903
0.9999779274844093 0.005876893139448705 0.003099461750389885 -0.9859170596839344 -0.0059296582183648375 0.9998327837719194 0.017298660406033572 -1.7965351210234273 -0.0029972813311297413 -0.017316657673288702 0.9998455629125845 211.50846987587065
0.9999696491825252 0.007217638866261083 0.0029336652184153546 -0.9908551316704002 -0.007269174338353142 0.9998124050859055 0.01795309853620389 -1.7897364814788608 -0.002803536118865457 -0.017973879326414435 0.999834526235354 212.94342277396424
0.99997294009233 0.006901310472094208 0.0025477413333241813 -1.005628965483544 -0.006946137789910968 0.9998133809977219 0.018026490315800656 -1.8006526241158998 -0.002422859660630279 -0.018043699841939365 0.999834263592046 214.38865764843146
0.9999696515760802 0.007439617175351153 0.0023125765911391474 -1.0081359281710585 -0.007478966307503814 0.9998188993505867 0.017499530609331838 -1.8084552039832351 -0.002181968144276007 -0.01751629555772862 0.9998441970679053 215.86154266315611
0.999973177587004 0.007068740361739611 0.0019175515977162695 -1.0160796244035613 -0.007100593391518346 0.9998277723945368 0.01714663607214259 -1.8076433907413 -0.0017960163623120353 -0.01715979225435593 0.999851146851674 217.32642290153927
0.99997729785042 0.006605098280190417 0.001332834871378494 -1.014478226503187 -0.00662701353983769 0.9998306454309496 0.017168667799221774 -1.8130850821239044 -0.001219208501148187 -0.017177111090916818 0.9998517192021831 218.79153846367817
0.9999617738170369 0.008659940955360816 0.0012067767421118341 -1.026687751804946 -0.0086790554032423 0.9998203021345425 0.016853410568911424 -1.8195372349194192 -0.0010606104230578054 -0.016863240347697185 0.9998572429286247 220.27821123717342
0.9999775662131909 0.006597958638180928 0.0011549892847973538 -1.0401148821766413 -0.006616432252084399 0.9998370335163634 0.016796703219835347 -1.8134556874356553 -0.0010439771822411273 -0.01680396864993412 0.9998582583324274 221.7728962976076
0.9999625455051858 0.008632324651907131 0.0006249319476809821 -1.0419200164670972 -0.008641530828438741 0.9998241794085018 0.016641340872400604 -1.8225665447197972 -0.0004811686425006537 -0.016646118282385342 0.9998613279999611 223.2537944938023
0.999970402765057 0.007687403037877986 0.0003121098395452086 -1.0532475376172432 -0.00769154834705171 0.9998305589862396 0.016724036883157073 -1.818344124301295 -0.00018349254589621901 -0.01672594284122887 0.9998600948002911 224.7363887068742
0.9999628497165847 0.008617074158424373 -0.00021260402380983597 -1.065786705755337 -0.008612187737931456 0.9998170820755237 0.017077254547856895 -1.829927864767871 0.00035972114721328466 -0.017074789480673716 0.99985415045071 226.20257772635176
0.9999617866351924 0.008741011552602283 -0.00014130462454964212 -1.0729475111177809 -0.008737234420428038 0.9998106784461347 0.01738585661931397 -1.8468450879111038 0.00029324788435127836 -0.01738395798516769 0.999848844585629 227.70926682965347
0.9999638310689702 0.00850473412369785 -7.767049664484846e-05 -1.0803718030221425 -0.008502226137550228 0.9998224567575037 0.01681568091249696 -1.849324495279722 0.00022066963371903596 -0.016814412673266096 0.9998586034232829 229.21575739351002
0.9999805161255508 0.0062420152744287515 -6.78365900664325e-05 -1.0910611832588089 -0.00623988602276723 0.9998287096415461 0.017424557472602593 -1.8449119832188767 0.00017658935278582768 -0.017423795030462572 0.9998481785709027 230.71266535493592
0.9999842509923855 0.005598849811408721 0.000388120374197301 -1.09921255339629 -0.005605003584147377 0.9998175923262973 0.01825831349359821 -1.8547746324302075 -0.00028582403279181533 -0.018260201723325025 0.9998332277666334 232.20218792850855
0.9999866434279561 0.0051661303957420395 0.00015508875603685926 -1.1037571490898372 -0.005168119490671216 0.9998143354924807 0.01856300313401801 -1.8586465479873353 -5.916105719667888e-05 -0.018563557082940767 0.9998276805818115 233.721938703878
0.9999889216467505 0.0046979240748811265 0.00029340163899372186 -1.1059880368584611 -0.004702498577879655 0.9998222286734992 0.018259177347237737 -1.842498878310406 -0.00020756925486673417 -0.018260355149744383 0.9998332442730276 235.18082831147606
0.9999767367838608 0.00678154904196988 0.0007324416364949276 -1.1254683714960756 -0.006793649437998347 0.9998145163489224 0.01802163228752461 -1.8595192421053317 -0.0006100912348261539 -0.018026189358096065 0.9998373289159741 236.72345640257342
0.999971760217589 0.007463197540495911 0.0008828563516479113 -1.1346709992746922 -0.0074784056070771945 0.9997971523962744 0.01870100307567054 -1.8569882468784742 -0.0007431080343867525 -0.018707077695123635 0.9998247311618513 238.2026850606304
0.9999575484812937 0.009097111201422908 0.0014641669855104155 -1.1409861116024576 -0.009125419847514263 0.9997450498828471 0.020653376385196275 -1.854561688810166 -0.0012759077260605027 -0.02066586116971749 0.9997856241469661 239.7185900174382
0.9999726338563079 0.007026480894606179 0.0023151875024138885 -1.143499069011312 -0.007075766698457163 0.9997325830965587 0.022015808472614 -1.8553331298784435 -0.0021598748897720807 -0.022031588149323735 0.9997549420101065 241.25924200995635
0.9999546955531559 0.009139400473702443 0.0026604855501888777 -1.152566264179841 -0.009191421623742084 0.999752782763314 0.020245768320223644 -1.861501637632665 -0.002474793841118115 -0.02026930514579084 0.9997914935984568 242.72856052059373
0.9999568302255324 0.008652553286183657 0.003386885326547958 -1.1516764009702105 -0.008716512217195414 0.9997748068585134 0.019348333123186245 -1.8577459770665943 -0.003218710396796386 -0.019377020073257176 0.9998070668895704 244.28917552220116
0.9999528249879797 0.009053126289704925 0.003519756701155565 -1.1569595110842172 -0.009120216831089729 0.9997675439224836 0.019536626473213498 -1.843525193303494 -0.0033420712328214594 -0.01956780616681993 0.9998029463487308 245.77963947127597
0.9999534602176168 0.008933708465054563 0.0036422845327314015 -1.163288325369373 -0.00900807573228897 0.9997401551555398 0.020939836420907815 -1.8429402787709945 -0.003454267985576567 -0.02097167227776179 0.9997741029861001 247.28067918494187
0.9999502496456913 0.009306065749306012 0.003591010642764783 -1.1726330413356525 -0.009381379183164968 0.9997235609636388 0.021559021021091435 -1.8482851079555487 -0.0033893885497689232 -0.021591637514579806 0.9997611280913382 248.85313725254406
0.999955250033743 0.008933026565536585 0.0031143138201757377 -1.1813649774511896 -0.008998099095104599 0.9997273372379261 0.021547282876722678 -1.8423301361255893 -0.0029209824424599263 -0.021574341970594907 0.9997629797298664 250.34603309493897
0.9999439420642416 0.01001097010078653 0.0034486501925723055 -1.1770385855031649 -0.010084431138031006 0.9997074029161309 0.02198665080151162 -1.8486361956169104 -0.0032275336794536694 -0.02202019638969038 0.9997523163192283 251.91506836234552
0.9999240814739228 0.011901329904943237 0.0031921169309543354 -1.1824042185387826 -0.011968722951846433 0.9996863991777029 0.02199665851591338 -1.836846658251324 -0.002929326621217132 -0.022033194566195093 0.9997529481784158 253.43189396181833
0.9999221416767282 0.011964134735493771 0.00354542525954238 -1.1893069631831759 -0.012039586621807177 0.9996836108271476 0.022084533355958287 -1.8263093751300599 -0.003280081452869567 -0.02212549978832467 0.9997498203716697 254.98105336784224
0.9999372868120318 0.010647445225696207 0.0034719350191084967 -1.1977250940475495 -0.010724250699629859 0.9996800292354774 0.02290915986614978 -1.8287319004471028 -0.003226900331473867 -0.022944957519024364 0.9997315219837756 256.47712144557846
0.999952122436192 0.009176568574168946 0.003397559181224157 -1.1895353552904733 -0.00925324362951924 0.9996860414772369 0.023285101768017128 -1.8047812779751304 -0.0031828154062327205 -0.023315425840897318 0.9997230919678076 258.0365321774337
0.9999691156371404 0.007125867355632158 0.003315083039911377 -1.1892216815244196 -0.0072044162264302426 0.999678298246174 0.02431864310247726 -1.8154791815947093 -0.003140725393168079 -0.024341775757392468 0.9996987615316171 259.5493221555468
0.9999764235789006 0.006110921037604107 0.0031319198620446556 -1.189617327324468 -0.006184364135948611 0.9996927658926448 0.024002655266948555 -1.8099995406483484 -0.0029842795316844363 -0.024021458778816812 0.9997069888744897 261.1019548097733
0.9999729749710798 0.006701981370512886 0.003022046199562101 -1.1768317478585482 -0.006768823334985619 0.9997198919644121 0.02267863844834666 -1.8164778431074708 -0.0028692081123853526 -0.02269848170449764 0.9997382390318659 262.6275176909699
0.999980527347041 0.004927097398239725 0.0038299651424746517 -1.1896018805860777 -0.0050184835242628985 0.9996938359868173 0.024229096306864567 -1.8027768999464 -0.003709413721898959 -0.0242478455977165 0.9996990958503016 264.16368899929927
0.99998856966743 0.002129492460599372 0.004280864117590723 -1.1948428811553709 -0.002244933303904458 0.9996289789018005 0.02714525372696404 -1.8071138343131619 -0.004221470548615042 -0.027154554235513863 0.9996223333758284 265.70865311432914
0.9999852767347942 0.0029746432303943025 0.0045384811425457005 -1.1839607342681426 -0.00309245753579801 0.9996525500676992 0.02617662770530467 -1.8027245798288989 -0.004459038475161827 -0.026190277874931958 0.9996470308726134 267.2849012268813
0.9999893882858965 0.001405010369306306 0.004387398333488824 -1.2026322665275464 -0.001515010481217576 0.9996820380666666 0.025169972125274376 -1.7845796596242711 -0.004350639583522032 -0.02517635247693774 0.9996735583288304 268.7846709351985
0.9999858450959953 0.0013472952499076572 0.005147271752006895 -1.196279963215439 -0.001474598744255335 0.9996911216955889 0.024809005392422086 -1.762179693906099 -0.005112257228482702 -0.024816244869783417 0.9996789578791077 270.37685332311435
0.9999742629958528 0.0035131721171281624 0.006255474988137442 -1.2047412915568736 -0.0036710308125204342 0.9996704953583038 0.025405200912569932 -1.7620084000043263 -0.006164161437336521 -0.025427511599076365 0.9996576637916357 271.86836963451947
0.9999580820177008 0.005599310405495184 0.00724444103929465 -1.2085080623812356 -0.005777833170184377 0.9996742195367934 0.024861042479444227 -1.7556398661838573 -0.007102876828691632 -0.02490185801575428 0.9996646670843218 273.4124204257048
0.9999476914344951 0.0060199037323971916 0.008268926690138232 -1.1907291055730527 -0.006223681014331341 0.9996719887962691 0.024843119925306672 -1.7448183394110415 -0.008116661865487193 -0.024893284068031086 0.9996571633399419 274.9976752140282
0.9999368034231083 0.0068116938711689735 0.008943711724751722 -1.1977967216677516 -0.0070285271368769504 0.9996765704850993 0.024440831179313678 -1.7355730892713064 -0.008774336326705597 -0.024502148204010494 0.9996612705128082 276.49209790698546
0.9999163747526736 0.008054670208842554 0.010117597482360671 -1.1950164215914463 -0.008296209367141667 0.9996760329299988 0.02406246243563744 -1.7374780311067515 -0.009920505334089096 -0.02414438838724055 0.9996592579928496 278.0904715055297
0.9999089193303184 0.007750587015091603 0.011049046776952804 -1.18184366575069 -0.008012743990591714 0.9996826445079326 0.02388317830196487 -1.7315875671952283 -0.01086043254867474 -0.023969536658779482 0.9996536961991886 279.57233105723145
0.9999062273541438 0.006629105727006266 0.011982964918143203 -1.170396539086612 -0.006918303134338319 0.9996818441659961 0.024255876109566598 -1.718893985648181 -0.01181835868033234 -0.024336503830756147 0.9996339635024429 281.12765248456884
0.9999017373615938 0.005357868959131916 0.012954105779523327 -1.1487192079444748 -0.005688022595043874 0.9996564597654232 0.02558532475833467 -1.7201820122468632 -0.012812573768164214 -0.02565649442254286 0.9995887065476217 282.7207650285613
0.999901964807799 0.005053460701176964 0.013058457188346705 -1.1581856692871861 -0.005393883710852183 0.9996430391198575 0.026166779533301446 -1.7131958442704438 -0.012921564109171614 -0.02623465057798189 0.9995722966853936 284.21343173968836
0.9999100272549103 0.003334385985468179 0.012993046781207438 -1.1444529833350812 -0.0036443532658406884 0.9997075635949462 0.023906191091314314 -1.7031564268551482 -0.012909535744704822 -0.023951391902262704 0.9996297688250196 285.8254179629311
0.9999084826415802 0.00444488286939757 0.012777689733861976 -1.1330043456800407 -0.004718703878140159 0.9997581439535219 0.02147993084928152 -1.707772401734955 -0.012679124650120773 -0.021538259614443486 0.9996876227985781 287.33365764414907
0.9999192516721538 0.0035851826814800834 0.01219166108340492 -1.10089038504655 -0.003852756496531195 0.9997506555298963 0.021995068299872658 -1.697728272365944 -0.01210976582806332 -0.022040264163620343 0.9996837401564355 288.86689097057604
0.9999294530218598 0.0025313991426244367 0.011605214329495597 -1.0967257238596844 -0.0027877040063579083 0.9997513789662472 0.0221225892194138 -1.6985826540456133 -0.011546328883832713 -0.0221533808692493 0.9996879063043669 290.43243019701333
0.9999444475451847 0.0027562189718668938 0.010173744757129295 -1.0942869768263768 -0.0029740890894266936 0.9997652350553883 0.0214622823126898 -1.6919828271446997 -0.010112202406263038 -0.021491348070966598 0.9997178928704845 291.9799231534985
0.999942939839477 0.003093838505774763 0.010224736165065397 -1.0880529500715044 -0.0033133621125024416 0.9997628607906461 0.02152309943225308 -1.6889172773562324 -0.010155723326524804 -0.021555749993121053 0.999716065155918 293.58085731658986
0.9999494978385803 0.0029806316916383474 0.00959779185908603 -1.0701723556415992 -0.003188190490716028 0.9997598022007906 0.021683480771678875 -1.6712595219089477 -0.009530856808787952 -0.021712985720247942 0.9997188149797807 295.0969831958051
0.9999581189440114 0.0032602458917114123 0.008551675601616267 -1.072992533108722 -0.0034498573962109943 0.9997464371713922 0.02225218732069712 -1.6831428878629036 -0.008476960310926172 -0.0222807578716594 0.9997158141082565 296.66795313596344
0.9999654107888523 0.0030177650218018463 0.007750504592682379 -1.056094683525921 -0.003198338257992709 0.9997212420446763 0.023392495139354513 -1.6704776538027084 -0.007677751654463652 -0.023416475204349124 0.999696314300219 298.2654780034365
0.9999735228432913 0.0028874383302347102 0.006679544406740864 -1.0511978661264347 -0.0030501072742356 0.9996958465884033 0.024472661274431616 -1.653891124017353 -0.0066068500391482455 -0.02449238711449625 0.9996781844746021 299.81592492827554
0.9999710697649059 0.0018835903027756866 0.00736964885175304 -1.0476301638343493 -0.0020679198251940837 0.9996831875370656 0.025084821129536816 -1.6391087236125215 -0.007320065127881746 -0.025099335752911497 0.9996581615733032 301.41653184620463
0.9999588837525781 0.003147065915718181 0.008504515363173235 -1.0612058534779272 -0.003359681269524355 0.999679231469855 0.02510272295718807 -1.6297031363664098 -0.0084227881502781 -0.02513026377925322 0.9996487015400758 302.99620495394674
0.9999555784451646 0.003038273401812188 0.008922445433833562 -1.0376580224629728 -0.003262060252605047 0.9996777420577422 0.02517480858363086 -1.6237764610337526 -0.008843082880874879 -0.025202796325961833 0.9996432458388076 304.5995937850613
0.999957032078304 0.0001330971578163715 0.00926910400255653 -1.0399455021673716 -0.000359435153089966 0.9997016944450445 0.024421157130748848 -1.6142194829616356 -0.00926308935392179 -0.02442343992013549 0.999658787169826 306.18511392767505
0.9999474646161628 -0.0029879845772482257 0.009805099033173573 -1.030588237619627 0.002765676194308342 0.9997405694565779 0.022608511688942082 -1.6049459456964383 -0.009870109990978471 -0.02258020664784842 0.999696311487827 307.7976794132937
0.9999446694005888 -0.0036101642264655225 0.009880529516137172 -1.029060344518832 0.0033967156591279066 0.9997623215685082 0.02153514982444739 -1.5934769347210929 -0.009955927378690173 -0.02150039733526731 0.999719266809067 309.41515680897305
0.9999636503201663 -0.002516817042674665 0.008146390666750524 -1.0206428745339016 0.0023427784751954787 0.9997703119108498 0.021303398684149887 -1.5993997772397788 -0.008198136970221901 -0.02128353953461396 0.9997398669152614 310.9998092511997
0.999982678931311 -0.001555307818238193 0.005676518589208484 -1.0165905357320162 0.0014313542920695917 0.9997618648044867 0.02177532762349375 -1.584906069181098 -0.005709034612472303 -0.021766825765479864 0.9997467740512992 312.6252058284749
0.9999836741146905 0.00019922403662132014 0.005710675925777484 -1.0250545521312961 -0.00033796648507773697 0.9997045420484175 0.024304616270134357 -1.5593504730599355 -0.005704147059920438 -0.024306149967401276 0.9996882883123119 314.25394996927577
0.9999829329666674 -0.0009450684624102684 0.005765468626477889 -1.0204337485155413 0.000783285195475162 0.9996076512856792 0.02799874881129177 -1.5581620510819687 -0.005789667753503661 -0.027993755495802623 0.9995913312016456 315.869432921795
0.999980469758214 -0.001747982109658909 0.006000389110655331 -1.022245547856585 0.0015741675503012902 0.9995824914222502 0.028850733369853082 -1.5420665275370549 -0.006048314950386013 -0.028840724852405908 0.9995657209458954 317.484440955592
0.9999760263702403 -0.0030804402490051 0.0062014178462262174 -1.0173281860591166 0.0029071197693890105 0.9996102179943606 0.027766179299827873 -1.5358284178552282 -0.006284533210025717 -0.02774748591872533 0.9995952089120269 319.1305989545801
0.9999677186317086 -0.004009677619455811 0.006963059093233494 -1.025187527441683 0.0038124442581426183 0.9995975199951092 0.028111621510286962 -1.5225630327450546 -0.0070729757157005965 -0.02808416829872217 0.9995805382848899 320.7352483970801
0.9999668904702116 -0.004179287209061317 0.006982229873370226 -1.0134887157954835 0.003979888434463841 0.9995906474297866 0.028331926055721476 -1.5026987303365915 -0.007097779512617886 -0.028303200051920566 0.9995741845433428 322.36959856422754
0.9999604954201438 -0.004355749609531397 0.00774822928764882 -1.016367614501595 0.00413134023922211 0.9995781923259907 0.028746642039206002 -1.5041463903104726 -0.007870174841670297 -0.028713496399942577 0.9995566994850267 323.9853326755328
0.9999630487186737 -0.0029127299206084933 0.008088090795398954 -1.0037635091634458 0.00268644701625137 0.999608542105261 0.0278486180947823 -1.4816416007902398 -0.008166040819140888 -0.02782586136483602 0.999579430174726 325.6208422726481
0.9999596848580136 -0.0021617391242221336 0.008715248290450946 -1.0109233513831288 0.0019229677063637447 0.9996250838435388 0.02731288935279553 -1.4715250545163374 -0.00877102486373334 -0.02729502961794739 0.9995889407611769 327.23187950020065
0.999950153867699 -0.0025793034940571145 0.00964556810804015 -1.0029006487337286 0.002302987123624022 0.9995897358936833 0.02854918778324184 -1.4566315548087807 -0.009715248695419936 -0.028525551649841854 0.9995458503032282 328.8648542503825
0.9999451854000619 -0.004349401318520817 0.009524122856272299 -0.9925465261922628 0.0040594443298836245 0.9995339677874628 0.030255051203210325 -1.4505941647238316 -0.009651276458912367 -0.03021473072249108 0.9994968348748186 330.48473092194035
0.9999440348953775 -0.004485480166497163 0.009581626048953285 -0.9957966889106376 0.004203797088317881 0.9995641991957058 0.02921882526744753 -1.4351830810927866 -0.009708511626579824 -0.029176911384877352 0.9995271145183603 332.0937554503667
0.9999499295978902 -0.0036542523480764724 0.00931583324063715 -0.9694786450861835 0.003375882231817883 0.9995524432276478 0.029724007649875563 -1.442186337957558 -0.009420283673162576 -0.029691070775682157 0.9995147315501265 333.73856642888535
0.9999546337619547 -0.002301954688122644 0.00924291257923939 -0.9787022827170316 0.0020420247639643414 0.9996048923684029 0.02803371658873726 -1.4055454618290468 -0.009303793742878189 -0.02801357109089988 0.999564244692969 335.3305025178193
0.9999611185179872 -0.0005761444755768078 0.008799404391527764 -0.9763390172111794 0.00035619854568229997 0.999687970216582 0.024976695350265976 -1.4102624579652763 -0.00881104962482306 -0.024972590368874316 0.9996493060784651 336.9521265671558
0.9999671389027026 0.0004744538879142496 0.008092960788290176 -0.9912810057117551 -0.0006824770231577395 0.9996689314755502 0.02572084081528764 -1.3929485224332583 -0.00807807877280593 -0.025725519360849994 0.9996364050524991 338.53819094783086
0.9999736453620882 0.0012785572916606414 0.0071465989776331555 -0.986651258502924 -0.0014836149634881706 0.9995851936512823 0.028761771539162324 -1.3822064102985707 -0.007106861527873221 -0.028771616896540536 0.9995607468251446 340.15784300259423
0.9999786838141073 0.002237259654597313 0.006134051588360223 -0.9801026649300199 -0.0024293865220352236 0.99950095970344 0.03149491408851136 -1.362357958335561 -0.006060528635885891 -0.03150914533713542 0.9994850893185536 341.7668414823463
0.999984322852046 0.002790777252401541 0.004854442589593672 -0.989356598018553 -0.002940436018750472 0.9995119439020087 0.03110028641649398 -1.3495162905661502 -0.004765279755362376 -0.031114073642048684 0.9995044805041727 343.36693418808835
0.9999915485224316 0.002707998603738793 0.0030934812616064187 -0.9896943199678202 -0.002799556045578245 0.9995463898426056 0.029986280558344118 -1.3394166903128883 -0.0030108754517666134 -0.029994688094941352 0.9995455233919535 344.9709765344734
0.9999976041513591 0.0019296308901491054 0.0010335445223094621 -0.9883844021432668 -0.001960514318085087 0.9995247624446484 0.03076370628055932 -1.315798344409599 -0.0009736908029453488 -0.030765659461274283 0.9995261508062127 346.56384318500704
0.9999998395601953 -0.0005659791013365532 -2.3411638471773156e-05 -0.9929788656561631 0.0005664395980550189 0.9994808421597284 0.03221374359161288 -1.323636628605981 5.167204779122627e-06 -0.03221375231901686 0.9994810024005659 348.1781452576919
0.9999997847691511 -0.0006167089448776263 -0.00022390256994228542 -1.0115132028871625 0.0006234809985259868 0.9994996828062609 0.031622702551966406 -1.2998849770340482 0.00020428858676832333 -0.03162283596775124 0.9994998521940042 349.77056726660624
0.9999995164166927 -0.0007522830328817402 -0.0006334325560302478 -1.017888953556558 0.0007714876541450744 0.9995226613329847 0.030884531151966762 -1.2821357076237705 0.0006098963617751213 -0.03088500551077174 0.9995227583627068 351.38488699287234
0.9999994991773259 -0.0009533166944483591 -0.00030468573251728496 -1.0268202725203042 0.0009622316109109928 0.9995270324544019 0.03073736291538607 -1.2634457772230547 0.0002752392328199439 -0.03073764130498228 0.9995274491846555 352.9652629317954
0.9999986228293399 -0.0016196152871008982 -0.000362198350996849 -1.0407263564972433 0.0016299605993595392 0.9995283938661863 0.030664850540147375 -1.2430364594428855 0.0003123623264235508 -0.030665399281873746 0.9995296572587713 354.5641439226455
0.9999975982660141 -0.0021057421662728365 -0.0006077123583765746 -1.038130146886779 0.002123281481082666 0.999533452249774 0.030469156271976217 -1.2364502434549514 0.0005432687149058439 -0.030470374036953886 0.9995355227246546 356.1545394427077
0.9999974684020675 -0.0022499542306849835 -2.9978382727986405e-05 -1.0712905529437762 0.0022498496328422837 0.9995542539276099 0.029769642374942784 -1.2227701662686068 -3.7015291914294654e-05 -0.02976963504202664 0.9995567855208433 357.7736950910747
0.9999966220086702 -0.0025931522241647766 -0.00017758463028957308 -1.074232345515285 0.002597322107309192 0.9995437150158049 0.030093448866706167 -1.204881582880934 9.946673995372274e-05 -0.03009380904701626 0.9995470738216787 359.3562003309928
0.9999972099849104 -0.0023574796602320574 0.00014938457091120505 -1.0821825266526144 0.0023520452184036377 0.9995617718457283 0.029508170451773893 -1.1834926984501137 -0.00021888401269503613 -0.029507737343870716 0.9995645279557683 360.978465554559
0.999995451684366 -0.003014357796918941 -0.00010130061151657861 -1.0955333334219526 0.0030160296936534124 0.9995711068369074 0.029129124890513065 -1.188341578298395 1.3451584368815318e-05 -0.02912929849954199 0.9995756518686606 362.54206658297505
0.9999881349034583 -0.004850907416090728 -0.0004458197097814958 -1.1093110600712421 0.0048620143603537135 0.9995465032669882 0.029717816129733583 -1.1572213219077545 0.0003014592070052127 -0.02971963168910203 0.9995582287373336 364.1125940142243
0.9999644068274911 -0.008436963017563338 -5.236622813282999e-05 -1.103069372939462 0.008434392755759228 0.9994632233197855 0.03165637719858362 -1.1501611336142075 -0.00021474555670639834 -0.031655692742313994 0.9994988099167695 365.7106454606569
0.9999668606751009 -0.008140222607347123 0.00011973563536293755 -1.1269394575266825 0.00813251260427256 0.999479072849476 0.031232117166405147 -1.129371820411898 -0.00037390965403654363 -0.031230109012562526 0.9995121512545481 367.2950367823547
0.9999748016885011 -0.007052930655670616 0.0008075683541119382 -1.1279132185503096 0.007024992476523766 0.9995092002362929 0.03052880759738287 -1.1066269633903987 -0.0010224896241735112 -0.030522365756721355 0.9995335610796352 368.91617703468603
0.9999848905963119 -0.0054414018839687005 0.0007808538281705217 -1.1425603465012268 0.005414253824120007 0.9994939335833491 0.03134585387838818 -1.090529177666526 -0.0009510241074847014 -0.03134115313318593 0.99950829295989 370.50606877230257
0.999991084723816 -0.004031633234897646 0.0012555531226167466 -1.155366561528099 0.003989542864318725 0.9994833305375048 0.031892875313668544 -1.0697149443562497 -0.0013834848838115807 -0.03188758252115576 0.999490504243463 372.11516993963465
0.9999923020276391 -0.003622987299265105 0.0015066040136793308 -1.1519489829898562 0.0035731567253847307 0.999486041775126 0.031857256921962965 -1.0544889857240631 -0.0016212482306039878 -0.03185162897710639 0.999491293262544 373.6996565674468
0.9999918020354461 -0.0036987728132370484 0.0016477102307767039 -1.172564948910532 0.0036449779491804016 0.9994959967729079 0.0315351635786274 -1.0371029023431255 -0.001763521308713061 -0.03152889980417237 0.9995012848871458 375.3069770742373
0.9999926174360023 -0.003098481711379856 0.002272551878941592 -1.1901530186631086 0.003025630289359083 0.9995026662662246 0.03138894168683354 -1.0163922381046118 -0.0023686798987913346 -0.03138183466838797 0.9995046622346283 376.9373995280852
0.999992657769792 -0.0028942550963857554 0.002511513771798005 -1.1875777218584613 0.0028131924495565837 0.9994934393052872 0.03170095749209684 -0.9922927868998589 -0.002601992389708851 -0.03169365998512603 0.9994942428913156 378.5266705135485
0.9999922551777418 -0.002312576637609018 0.0031845849441804234 -1.1925402747667637 0.00221012709872254 0.9994915957355589 0.031806687422434726 -0.9692355857994917 -0.00325652153942862 -0.031799403370144044 0.9994889659384608 380.1505105405178
0.9999953449211078 -0.000884415129892133 0.002920265592829228 -1.2017534924298343 0.00078937258546714 0.9994750542594547 0.03238815798603435 -0.9550480227605654 -0.0029473774118683807 -0.03238570267423648 0.9994710997571669 381.7683956966085
0.9999946263470672 0.00030721463630718326 0.0032638780228373557 -1.2012432063111267 -0.00041084357535258343 0.9994942575548206 0.03179717438598785 -0.941547150791007 -0.0032524590332185226 -0.03179834508664624 0.9994890128360383 383.3744018801349
0.9999917320761758 0.0007317041052016613 0.004000048992080065 -1.218120346572185 -0.0008581948962868178 0.9994966605346374 0.03171260094861966 -0.9161359007116149 -0.003974831679797496 -0.03171577219531153 0.9994890247152929 385.0123420448453
0.9999905702077778 0.0018847431070950806 0.003912446848460984 -1.2234719706888597 -0.002007976441759824 0.9994942523707266 0.03173653238437331 -0.8990231281757207 -0.003850653227187395 -0.031744089840541403 0.9994886118657017 386.5843973934346
0.9999838902645797 0.00346066486201898 0.004499223132694057 -1.226722672700918 -0.0036055315013791 0.9994620080992226 0.03259899523056917 -0.8818028477884863 -0.004383988734345153 -0.03261469280202261 0.9994583845644891 388.2051479753014
0.9999804545456087 0.004171907557419903 0.0046567919717267 -1.23613378656469 -0.004322770552936972 0.9994502665684092 0.032870629646747605 -0.8552022026515729 -0.004517099104921236 -0.03289011806633135 0.9994487660553644 389.80879980473554
0.9999752516630077 0.005307354855930367 0.004618229178028451 -1.225242437460786 -0.0054566002141899946 0.9994428455543489 0.03292755637825024 -0.8384714808479242 -0.0044408982341226245 -0.03295194195623069 0.9994470711171601 391.45435355908535
0.9999632643274328 0.006373760838433384 0.00573106982928301 -1.2526604808793989 -0.006562987779698503 0.9994128502004588 0.033628589502048764 -0.825761734644201 -0.005513364685351082 -0.033664967738367385 0.9994179670076642 393.0978212014148
