1.0 -6.776263578034403e-21 8.673617379884035e-19 -8.673617379884035e-19 0.0 1.0 -1.828002979293187e-19 0.0 0.0 1.0683203047244863e-19 1.0000000000000002 5.551115123125783e-17
0.9999999520556653 -0.00021661944205385926 -0.00022127943901499754 0.002102274673966724 0.0002167420704873432 0.9999998229377592 0.0005542091035697942 -0.01548121933919435 0.00022115936581252205 -0.0005542570294932409 0.9999998219436688 1.3129438562310276
0.9999996030234856 -0.0008820519424788537 -0.00012624229267214643 -0.002573244100881847 0.0008821907363355041 0.9999990026412474 0.00110293104855583 -0.030025300554791953 0.00012526933446548993 -0.0011030419643528499 0.9999993838024411 2.61392378865525
0.9999985204178208 -0.0014988950955985693 -0.0008440823748564353 0.013256726875178516 0.0014997882078330639 0.9999983153439995 0.001058274769718639 -0.05698652425018358 0.0008424947800279728 -0.0010595391330705246 0.999999083789072 3.940544040191934
0.9999974226791498 -0.002265521147197393 -0.00014848713051180025 0.011520711605653287 0.0022656774728983236 0.9999968718762653 0.0010596907806988047 -0.06574241014437086 0.00014608592557733245 -0.0010600244576896667 0.999999427503004 5.252369093387767
0.9999965674149491 -0.002555006702203492 -0.000580601566570884 0.020526693681376544 0.0025558663210328366 0.9999956322757951 0.0014842433819316236 -0.08017817031423859 0.0005768068262684929 -0.0014857222051158259 0.9999987299604793 6.579534941749719
0.9999937145294974 -0.0035246731962537145 -0.0003841600965569054 0.026887567696792795 0.0035256752234179706 0.9999903032937905 0.0026387375433542127 -0.10891684699847826 0.0003748557141123937 -0.0026400753424597715 0.9999964447354533 7.91369279221519
0.9999932259836302 -0.0036786338985850763 -0.00012505245812396114 0.01832578400642701 0.003679021547302345 0.9999879433728849 0.00325237038696385 -0.12339825073786582 0.00011308667861321779 -0.003252808378215585 0.9999947032092832 9.232877034496227
0.999994638320277 -0.003190828979346208 -0.0007361656036726687 0.027581217684497457 0.0031927125891355723 0.9999915971634039 0.0025714182556095047 -0.13956385692144216 0.000727954521730057 -0.0025737547957831305 0.9999964229270298 10.566952198660367
0.9999996153042148 -0.0006511599912842075 -0.000587691917928717 0.021276653990648278 0.0006511955164902691 0.9999997861631567 6.015084757928997e-05 -0.15469536725259567 0.0005876526734155717 -6.053352577872872e-05 0.9999998255001055 11.885755913569561
0.9999976490662089 0.00203015052955679 -0.0007618071479679918 0.03432500634905629 -0.002030725302092936 0.999997653658791 -0.0007542092123936477 -0.17665655802052638 0.000760274266675319 0.000755754449009322 0.999999425409399 13.228563587774486
0.9999864096598904 0.005172883308446222 -0.0006494388933096003 0.023371140603538912 -0.005173169695844601 0.9999865225808879 -0.0004392882925969416 -0.19396912502683433 0.0006471578095250908 0.00044264197271172277 0.9999996926276797 14.570796023099243
0.9999838809157253 0.005677649096673538 -4.6970941203389877e-05 0.017385276726836332 -0.005677630636533872 0.9999838038890246 0.00039556724779301255 -0.21344814242559634 4.921607864027781e-05 -0.0003952941833274719 0.9999999206600072 15.914483428776403
0.999991918193015 0.004020391187494341 1.327798711826464e-06 0.034759367233025446 -0.004020379091276473 0.9999878718815951 0.0028447575328090493 -0.23583347053675063 1.010925779435564e-05 -0.002844739839859418 0.9999959536672627 17.263508324262066
0.9999997405315091 -0.0006535181019305162 0.000303069420160707 0.03792250783503351 0.0006519378528641528 0.9999863428339176 0.005185472671295336 -0.2538539080482265 -0.0003064541072478602 -0.005185273668177221 0.9999865094183302 18.61864064455816
0.9999968931463294 -0.0024912737234375803 -8.516033377340294e-05 0.04840660311315985 0.0024915631749919654 0.9999904742489509 0.003583786777239638 -0.2764537514909282 7.623133422252591e-05 -0.003583987772899431 0.9999935745882106 19.964538483616412
0.9999945727552683 -0.0032941823660680384 5.311783891403816e-05 0.0555119367957895 0.0032941223714994593 0.9999939712843245 0.001098250734139263 -0.2846905789854923 -5.673536281226507e-05 -0.0010980697804579152 0.9999993955113328 21.317763347729645
0.9999994878738961 -0.0009796985817415043 0.0002538555370058598 0.06164475833630054 0.0009796062296764524 0.9999994539210258 0.0003640462069228083 -0.32643741687798766 -0.0002542120755735424 -0.000363797336560565 0.9999999015136768 22.676789612005226
0.9999987800280137 0.001223485770328179 0.0009710948486839066 0.06071482302553373 -0.0012249254430591243 0.9999981498451029 0.0014831942795125639 -0.3154258929832021 -0.0009692784656497068 -0.0014843819675837656 0.9999984285527848 24.039420732749647
0.9999967198294062 0.0015285250391958063 0.002055223065233808 0.05434429675208036 -0.001540952877685737 0.9999804570687252 0.006058956176609003 -0.331079759706274 -0.002045921804716703 -0.006062103216595612 0.9999795323421612 25.421866936692144
0.9999978119174899 -0.0001881029097480257 0.0020834533758636352 0.0823781751343868 0.00017338191454563986 0.9999750373801247 0.0070636082217183805 -0.34627648823111873 -0.002084730227326737 -0.007063231430493592 0.9999728819600145 26.790854178906827
0.999987602312005 -0.00445071101721227 0.0022330231141990406 0.07343528934623827 0.00443680915964678 0.9999709829736253 0.006192571531207936 -0.37354006601252243 -0.0022605198557500558 -0.006182587169822956 0.9999783325954833 28.160346134390284
0.9999881946214619 -0.004466187660591201 0.0019141013462458051 0.08517243609005284 0.004458933434610278 0.9999829230372093 0.003777770698445842 -0.3734685034395322 -0.001930941055393781 -0.0037691911944838412 0.9999910322903101 29.535137664830366
0.9999865208398638 -0.004476064447668147 0.002631156421327604 0.09315249898910047 0.004471005485626582 0.999988150963054 0.0019256289451540488 -0.4088082144321604 -0.002639744706591958 -0.0019138390459100063 0.9999946844689361 30.92279970155046
0.9999930502565321 -0.002040494892200684 0.003120227430085734 0.09373359646388102 0.0020370154034344283 0.9999973003462913 0.0011179756706355046 -0.40375547319280897 -0.00312250049243208 -0.0011116119331585144 0.9999945071391023 32.29233105407057
0.9999938807679175 -0.0001512517299045138 0.003495075101476094 0.1021157045862516 0.00015480987485643732 0.9999994700655658 -0.0010177926012642784 -0.43964505200748316 -0.0034949195991758253 0.0010183274305746593 0.9999933742513596 33.67992484483479
0.9999933967852529 0.00044079791660594657 0.0036072265496284147 0.10303893121366386 -0.0004384646630621429 0.9999996941783439 -0.0006476044469895572 -0.44937668405487385 -0.0036075112111203845 0.0006460185199022182 0.9999932842389891 35.0767703507837
0.9999945018040044 0.0002258085691822999 0.0033083791520419443 0.11753054769912996 -0.00022918431254410497 0.9999994535255257 0.0010200117406088003 -0.48058819697850497 -0.003308147293677232 -0.0010207643462467417 0.9999940070823027 36.462729611111754
0.9999945762140182 0.0012607476411030153 0.003042705733837377 0.1198296791592274 -0.001268396186474246 0.9999960378135517 0.002513071896882953 -0.4874750224075747 -0.0030395255827068953 -0.0025169175866608844 0.9999922131735804 37.86550498669548
0.9999888685027611 0.0037632565318669424 0.0028461851454711943 0.13072243072151574 -0.0037721109318534503 0.9999880435662285 0.0031118977277413366 -0.5071834942968264 -0.002834440481826854 -0.0031225991692656594 0.9999911076198531 39.25264630880733
0.9999752858628697 0.006245297762413234 0.00322860897119246 0.13145006127985834 -0.00625549182183633 0.9999754513329694 0.003156827479543955 -0.5265075884021253 -0.0032088146520444 -0.003176945953486265 0.9999898052081008 40.649242715107405
0.9999591083921778 0.008472048006668615 0.003163216629398989 0.13473848491747445 -0.008483656329138656 0.9999572625840556 0.003674314981196428 -0.5437389546110194 -0.003131952728037384 -0.003701000323358396 0.9999882466636674 42.08060980991999
0.9999483662146637 0.009776153374060424 0.002773395191187314 0.14504701052010094 -0.009787075085562997 0.9999442965733975 0.003951825408492379 -0.5591637286085236 -0.0027346072777806015 -0.003978764732022155 0.9999883456074539 43.46681563383674
0.99996128571948 0.00845726522316398 0.002429345718416441 0.14699895493565487 -0.00846634575634331 0.9999571213445463 0.003751862442418533 -0.5714452916183117 -0.0023975112533350584 -0.0037722848195723955 0.9999900108519466 44.90095839049496
0.9999652333074613 0.008170776779384784 0.0016645050419344188 0.16081383312084666 -0.0081765131789231 0.9999605557086664 0.003468669524438216 -0.5981918914073772 -0.0016360977963964483 -0.003482158728825102 0.9999925988483667 46.29385129759678
0.9999706761809265 0.007610913179128734 0.0008489837556408799 0.15998297523914257 -0.0076144020304929035 0.9999622571461487 0.004183918478429408 -0.6109032180588588 -0.0008171083379852886 -0.004190260234373373 0.9999908869832856 47.72649837209093
0.999967208808797 0.00809758257336298 -0.00010226006987114952 0.16338167407021686 -0.008096968563551077 0.9999546363746773 0.005016403418075322 -0.6288898263741688 0.00014287618675148418 -0.005015410856583152 0.9999874125389975 49.124513353844925
0.9999623403386753 0.008616151436029444 -0.0010391491860365512 0.16346807847583233 -0.008610778661271024 0.9999500771185067 0.005069297072802987 -0.6451997195893459 0.0010827752337372928 -0.005060158209529211 0.9999866111069764 50.54389085078259
0.9999547938992405 0.009207784484590033 -0.0023720988741915486 0.1721468203297957 -0.009194928900039553 0.9999432800481036 0.005374940159742109 -0.6621411797509834 0.0024214558255579175 -0.005352885823412583 0.9999827414321871 51.99919459566848
0.9999496362091076 0.009424560298657379 -0.0034500286024368824 0.1708504268307483 -0.009401536131639594 0.9999338226101383 0.006630349364036489 -0.6779777219345866 0.00351228871345305 -0.006597579772211861 0.9999720674929816 53.40147698038438
0.9999614918798927 0.007785684102578938 -0.00404942853565163 0.16221903302630486 -0.007754713160378463 0.9999409843939123 0.007608690117677253 -0.690789049631348 0.004108428760717735 -0.007576994856335605 0.9999628542895085 54.855679523819994
0.9999710186556628 0.006076947888092856 -0.004586125371952443 0.16768688147543315 -0.0060394726708058455 0.9999486178924886 0.008141643268704524 -0.7001711820128862 0.00463536645940165 -0.00811370941775795 0.99995633959394 56.25717279174854
0.9999800964593563 0.0035531407813927563 -0.005213623516096393 0.17045901604515504 -0.003513321394539011 0.9999647419911083 0.007627014811819111 -0.7111104979455041 0.005240539991626157 -0.00760854576267901 0.9999573224743269 57.68298836420053
0.9999812531672676 0.00306949258250155 -0.005298256690639609 0.16862930644256197 -0.0030270331849822467 0.9999633906577966 0.008003400640189584 -0.7311576432464759 0.0053226295506933075 -0.007987212487875494 0.9999539359636221 59.145064460889785
0.9999859555332277 0.0022020359560793556 -0.004820764425122075 0.16945222850604125 -0.00215933256555441 0.9999585452987815 0.008845618956911086 -0.7458927554897977 0.004840043358888191 -0.008835084963771486 0.9999492563377183 60.53588905907829
0.9999912700706952 0.00023125540238954747 -0.004172085839667742 0.15996230843886178 -0.00019122389915924394 0.9999539684643575 0.009592934587634463 -0.7551501364875941 0.004174112559739326 -0.009592052900601793 0.9999452831532204 61.99064490697459
0.9999907278277267 -0.0015860970465753001 -0.004003567358564233 0.17301223532407561 0.0016236876181511184 0.9999544678103511 0.00940350747902571 -0.7695348091653893 0.003988470525381372 -0.009409920694247243 0.9999477713812163 63.393146249100035
0.9999912795928754 -0.0023475723489509155 -0.003453931006404694 0.16805228566979624 0.002376969553280473 0.9999607782639939 0.008531820270630692 -0.7834582248048049 0.003433766758602374 -0.008539955634390342 0.9999576383021251 64.80710222065454
0.999993209099662 -0.0022865857123474205 -0.0028902038009595062 0.17033993162168204 0.0023109087986202606 0.9999617082231022 0.008440485510982434 -0.7995977967661063 0.0028707934759422873 -0.008447107067100251 0.9999602016689175 66.27177961471492
0.9999971736014514 -0.0009508067911898057 -0.002179163652578162 0.1646594010288654 0.0009691788136954346 0.9999638687304473 0.008445231390204679 -0.8107846742436902 0.002171055314743679 -0.008447319397334854 0.9999619639306186 67.6311170072705
0.9999971339267812 0.001853189536553923 -0.0015158580549263952 0.16363858262189168 -0.0018383401558793881 0.9999508794794784 0.009739565819798098 -0.822378057414063 0.0015338329857675689 -0.009736751102101015 0.9999514203334081 69.09030364533297
0.9999842457490172 0.005571341563478513 -0.0006844001684076844 0.1573555025879625 -0.005563267420060917 0.9999208782292056 0.011282169555695408 -0.8363532909749423 0.0007472029021896847 -0.01127818415014173 0.9999361200799397 70.4646876968963
0.9999584090427455 0.009118899842857839 0.00016075522508334286 0.1549043923152108 -0.00912017858930559 0.9998851392133294 0.012104988300623672 -0.8471101798756838 -5.035258565436705e-05 -0.012105950785361216 0.999926719019647 71.9107135121717
0.9999113203766258 0.013296854409542492 0.0007382603554250749 0.15277588578638157 -0.013304649491205488 0.9998417548426802 0.011808962817826969 -0.850451689121667 -0.0005811215138822878 -0.011817737730108585 0.9999299992309728 73.27065731762347
0.9998637795432838 0.016431844307857518 0.001554613760338025 0.14496289822031294 -0.016448476417907944 0.9998000719240872 0.011369425695423473 -0.8583426588573442 -0.00136748242512517 -0.011393447812969599 0.9999341574965545 74.67171571572875
0.9998275053910958 0.018440536610185142 0.0022149582399030813 0.14872182874509376 -0.01846466535425013 0.9997643283743839 0.01141682473164487 -0.8681922953809069 -0.0020039040238516706 -0.011455753691207401 0.999932372746023 76.1151114373822
0.9998155542673657 0.01903305709368404 0.0025690752394804672 0.15183396339213878 -0.019062854341192172 0.9997448297437057 0.0121195309940556 -0.8826514397256677 -0.0023377481514725096 -0.012166269332790958 0.99992325546154 77.48532439286208
0.99983483958583 0.01797957201041484 0.0026511336073331386 0.1601193713048671 -0.018010297272024096 0.9997650639125831 0.012060108397962257 -0.8963240752627037 -0.0024336753703335656 -0.012105864077944619 0.9999237597276536 78.90606259140691
0.9998535051760613 0.016952067938263194 0.0023654919138890182 0.1654458006257375 -0.016977492982380164 0.9997934010147742 0.011176764174128924 -0.90009830029001 -0.002175534116154498 -0.011215286799206322 0.9999347400620838 80.27759197108165
0.999852852231237 0.017028227374425723 0.0020768556803346166 0.17384586723740164 -0.017050786146408425 0.999789910696001 0.011375640675678417 -0.918431651665065 -0.0018827125107695967 -0.01140937863560968 0.9999331384959042 81.66513019719443
0.9998681459428661 0.01615066516865756 0.001687222031653137 0.1796448117028897 -0.01616928420547831 0.9998011088916822 0.011674628182267098 -0.9214377954918952 -0.0014983335671348835 -0.011700369841356362 0.9999304257453864 83.08106276127583
0.9998690636190017 0.016129091786565054 0.0013069011484114742 0.17988135478028855 -0.0161427329911594 0.9998069466081336 0.01120186239289153 -0.9309868808005972 -0.0011259730685023875 -0.011221492458418499 0.9999364031184541 84.44326499072237
0.9998626175217845 0.016564893407496964 0.0005919139486145865 0.1819152349173072 -0.01657062838075471 0.9997959933607904 0.011549284475005117 -0.9361436281178034 -0.00040048055557064324 -0.01155750602753841 0.9999331295938756 85.82473610235729
0.9998748563927655 0.015811751538287993 -0.0005099431732405076 0.1857633927000597 -0.015804040198228224 0.9997950874660377 0.012649720472355514 -0.9522397060713162 0.0007098529817482447 -0.012640078098256673 0.9999198590504014 87.19255665942714
0.9998955076424759 0.014359639934047968 -0.001665687904819444 0.1945347241167033 -0.014335408687841169 0.9998027402188676 0.013746881147756837 -0.95942324678124 0.0018627597562264914 -0.01372156619089951 0.9999041197714053 88.56093839931455
0.9999197369806615 0.012340965687656075 -0.0028670796331927385 0.200391596600125 -0.012298140599165603 0.999819189258484 0.014503260203536417 -0.9699414986448593 0.003045545730391226 -0.01446683617249447 0.9998907116735006 89.96055871220396
0.9999361920035513 0.01068578160236978 -0.0036641478113047963 0.20096377284803646 -0.010630776067853788 0.9998351906074693 0.014716597699050843 -0.9778053954485991 0.003820802598060084 -0.014676705717073281 0.9998849912694391 91.31336391038309
0.9999456239315956 0.009560497249722327 -0.0041648601784008135 0.1980287841445978 -0.009500190397173116 0.9998530895503552 0.014266945048014049 -0.9824149677096349 0.004300647769381923 -0.014226602098764815 0.9998895480059764 92.6733024732229
0.9999524165394841 0.008659583594427684 -0.004491798969524131 0.1956251474307974 -0.00859493751263865 0.9998619896667233 0.014217196951949694 -0.9946802507688564 0.004614294449846589 -0.014177913513394412 0.9998888413447047 94.02286252339337
0.9999558993795437 0.008243201634778563 -0.004499879187889475 0.18729919204522488 -0.00818048245437339 0.9998715459440255 0.013783009013549992 -0.9913942989554465 0.0046129176718371885 -0.013745589794076052 0.9998948843467335 95.38952459864342
0.9999602557124614 0.007715640118900485 -0.004467200884261929 0.19153916965654005 -0.007655405615909119 0.9998816121714823 0.013347525016531707 -0.9972474140181855 0.004569657106992659 -0.013312796102608493 0.9999009389360957 96.75276367041315
0.9999499876266528 0.009039501767589983 -0.00427897674619797 0.1836733282991806 -0.00898408684301047 0.999877748158848 0.012797458333915856 -1.0070786172388697 0.004394136651858984 -0.012758375420932581 0.9999089535610431 98.10122135869254
0.9999399344723401 0.010192918606546274 -0.004028876340283777 0.17850205653308937 -0.010139634571755466 0.9998636676833902 0.013032032815741577 -1.0096018026752869 0.004161161876127733 -0.01299039851981569 0.9999069628067724 99.44717207444369
0.9999315053488387 0.01105489845635483 -0.003843672222108534 0.1754148316075511 -0.010998511888480458 0.9998359051178236 0.014394290485848898 -1.020386678081945 0.004002169253951064 -0.014351029673597955 0.9998890091296208 100.79708372959642
0.9999233434694378 0.01174661938596955 -0.003914601065454425 0.16852208435442495 -0.011682968751566887 0.9998052584909779 0.01590450764174255 -1.0213015879345102 0.004100663275526518 -0.015857554068041665 0.999865852266039 102.12491378460068
0.9999328878521195 0.010995297085046405 -0.003650098530953343 0.16864961569177883 -0.010938483993467397 0.9998240866767734 0.015236315002039326 -1.031815270858204 0.0038169845634973424 -0.015195365697903203 0.9998772582065438 103.47863337056211
0.999931961477559 0.011117394593209656 -0.0035321294577012833 0.1689741588667404 -0.011071091622128864 0.9998558983839703 0.01286908779510994 -1.0379564581417575 0.003674691510925446 -0.012829107488881634 0.9999109513523358 104.82133708607739
0.9999367901001417 0.010611895485488812 -0.0037153014323250888 0.16139315650808983 -0.010567777023246653 0.9998757098818658 0.011699867448243004 -1.0397405225641303 0.003838997752921771 -0.011659865256858219 0.9999246519767668 106.1551998273842
0.9999539551379808 0.008939764475277725 -0.003488295397765343 0.15929349078545463 -0.008893984843211142 0.9998769007931186 0.012925955026912064 -1.0500023822841356 0.0036034212898892236 -0.01289433482167832 0.9999103717210691 107.48912288132367
0.9999808121453088 0.005473053158233427 -0.0029019003334767486 0.1647858247914702 -0.005429432515753856 0.9998752505301007 0.014832553947066028 -1.0486763285490162 0.002982717930903234 -0.014816513456623118 0.9998857806323965 108.81747654451631
0.999989553152443 0.004090413724879099 -0.002040122237232959 0.16433248103809195 -0.00405738516317748 0.9998647297065781 0.015939257545689374 -1.0615519965904139 0.0021050446048594537 -0.01593081323906888 0.9998708806455303 110.15770440454558
0.9999928172125353 0.003530006124242231 -0.0013800645542533406 0.16695873880270407 -0.0035090797273736865 0.9998830873002887 0.014882812414266087 -1.0656213296950703 0.0014324397473558358 -0.01487786254284849 0.9998882924154099 111.48920745142215
0.999986570517229 0.005120386035079077 -0.0008002681399166493 0.16329008837210401 -0.0051099994201752805 0.9999090246299559 0.012483204045002938 -1.067071549085438 0.0008641142330812852 -0.012478946852557677 0.9999217615299995 112.8097119950394
0.9999677954420358 0.008015118350263233 0.00040737016945125836 0.17324770116426547 -0.008019070984453279 0.9999088750219631 0.01085984201663376 -1.0799703218748673 -0.0003202901527805703 -0.010862758854748421 0.9999409471937255 114.14841923822219
0.9999458025229547 0.01024352636208194 0.0018606919472998768 0.17131631971154526 -0.01026272186994514 0.9998909710577681 0.010617087948895905 -1.0776043578733456 -0.0017517328007623746 -0.010635608141391728 0.9999419059435336 115.46523312075921
0.9999281585698054 0.011539421485907341 0.0032433683544568393 0.16576790787649165 -0.011579386674589305 0.9998537492123646 0.012585627304230799 -1.0836640971662928 -0.0030976634064328722 -0.012622279170479634 0.9999155377021732 116.81455433444228
0.999925550182723 0.011469440695750826 0.0041648540395932245 0.1741906087039552 -0.011530429082694959 0.9998220994613616 0.014927111601155124 -1.0835584074683622 -0.003992907818827201 -0.01497402261990476 0.999879910449027 118.12118481866882
0.9999232939962385 0.011307795617287706 0.005053698574551367 0.18625865771799044 -0.011386216364400448 0.9998108492349023 0.01576768393400452 -1.090424267290508 -0.004874445320476966 -0.0158240167363892 0.9998629107344141 119.48412445093268
0.9999122623635527 0.011755891163421994 0.006104636243820388 0.19591510758519637 -0.01184783858423894 0.9998135071170678 0.015250565076692034 -1.0927874307610663 -0.005924214281296635 -0.015321553553351276 0.9998650677307115 120.80607306017318
0.9998840296218483 0.013288167827302064 0.007439884672076853 0.2090753635809378 -0.013398746193241792 0.9997974822749527 0.015015594183742795 -1.0958080074790053 -0.007238848829469261 -0.015113537729702217 0.9998595801573217 122.12562635176788
0.9998517797623064 0.014939656057677135 0.008557169997652068 0.2145730650374923 -0.01506439351275515 0.9997784229427511 0.014702690300298615 -1.091043440993347 -0.00833562148160006 -0.014829419428344232 0.999855292391216 123.48659006733456
0.9998266405986619 0.01587300447547957 0.00973326508966723 0.2284726137945119 -0.016009656075724753 0.9997720463684854 0.014126084050691996 -1.097552278818532 -0.009506823751634058 -0.014279461184037777 0.999852847813697 124.81942822327318
0.9997999620439628 0.016833801837777475 0.01080087863448351 0.2448847831827915 -0.016980306469243475 0.9997630711020561 0.013618769895717591 -1.0988415686422766 -0.010569064799571327 -0.013799447657551296 0.9998489236410832 126.15701126677989
0.9998027011506909 0.016015766404926694 0.011749636852517332 0.2613375026692445 -0.016173706650966967 0.9997784277764277 0.013472438678840914 -1.1044346834072436 -0.01153126298850106 -0.013659815567148672 0.9998402069364625 127.50084531352393
0.9997924104513473 0.01588725010905968 0.012756616107549645 0.27107560174321577 -0.016068862952094986 0.9997691577784696 0.014262637792318211 -1.1082010801748523 -0.012527078291497242 -0.014464661127312711 0.9998169061797535 128.81768958492967
0.9998022628627585 0.01453784820836395 0.013567833769360722 0.29641006447690865 -0.014748126146844249 0.9997706455514913 0.015528976289589847 -1.108472325824827 -0.013338965138044657 -0.015726005533296793 0.9997873597690192 130.17590268368258
0.9998119970380515 0.01354827109547449 0.013871369812188764 0.32011282781270234 -0.013768547567028708 0.9997786339182095 0.015909440346192287 -1.1102157792856544 -0.013652754889095533 -0.016097437708850967 0.999777212571977 131.50960615269088
0.9998236019089144 0.012720930375535096 0.01381821152880602 0.34497720428180634 -0.012948788957450599 0.9997795648164024 0.016527270562270605 -1.1179018991277039 -0.01360492438546037 -0.016703284048704997 0.9997679262352274 132.8519493284823
0.999853469595822 0.01028875799401059 0.013681402540074848 0.3636253542284831 -0.010523193226856018 0.9997971183713548 0.017175113624707996 -1.1090107261387245 -0.013501917374259428 -0.017316568742122385 0.999758888266324 134.1850820296705
0.9998759259975342 0.008768532641231161 0.013086077683998065 0.3894437760458669 -0.00899450966415125 0.9998097016142652 0.017310672387681688 -1.114963017927057 -0.012931799308487778 -0.017426227184799307 0.9997645198569872 135.5122312474507
0.9998908235068822 0.008678610388904936 0.011959212924680572 0.40776777970626443 -0.008884478174244618 0.9998113913979099 0.01726984953388576 -1.1190513630102374 -0.011807080004336036 -0.017374215188550635 0.9997793404039944 136.8734318809108
0.9999249040881274 0.005657816695565988 0.010870845680298682 0.43102042679078445 -0.005858619030228383 0.9998111510769261 0.018529403305385085 -1.1099684393427982 -0.010763957664815998 -0.01859169969817309 0.9997692163219188 138.22344846590315
0.9999392766407814 0.00510853193324033 0.009764523842458964 0.4536719866438198 -0.005288209081479534 0.9998155299470665 0.018464586164828996 -1.1133108028295395 -0.009668396460021083 -0.01851510150963919 0.9997818327574504 139.55291467998356
0.9999559697577688 0.003921065226339659 0.008525478814864084 0.4685941009565542 -0.004080012146334755 0.999816685038656 0.01870694628364604 -1.1106565497333742 -0.008450565516772117 -0.018740906398734183 0.9997886608448853 140.90754579745547
0.9999670090223595 0.003616792629866811 0.007273216281130682 0.48077145528829823 -0.003750077385598681 0.9998237463697508 0.018396008648016424 -1.1083366179158716 -0.007205400403987587 -0.018422676603496616 0.9998043244431576 142.22702597552833
0.9999745159143808 0.003349006393494297 0.0063048930208234105 0.49121050015210865 -0.0034630430410113947 0.9998290277240005 0.018163773625148812 -1.1008406445834997 -0.006242984986541062 -0.018185144591166998 0.9998151457332993 143.57112847690107
0.999984412193908 0.0012450896926123362 0.005442896319437212 0.5204197921686662 -0.0013327566745383647 0.9998689694787872 0.016132812791117612 -1.1016086578311626 -0.0054220967886130945 -0.016139815138853184 0.9998550431031177 144.9286777814513
0.9999893183253373 -0.001744898699030747 0.004280019109910511 0.5219197745226932 0.00167933427210794 0.999881922957614 0.015274815664343626 -1.1214001425357054 -0.004306167105147127 -0.01526746469950227 0.9998741727998055 146.23952393747592
0.9999376812784218 -0.010719454173638846 0.0031187899650701335 0.5373095780004232 0.010661817327598464 0.9997821266703082 0.017945051423762202 -1.1065081518213726 -0.0033104719013720358 -0.017910680880711072 0.9998341103744927 147.6092068513957
0.9998273280814927 -0.01851124185360298 0.0016272409790671393 0.561791805187251 0.018475724633101813 0.9996362009709273 0.019649767454020875 -1.102607171415543 -0.0019903907613863653 -0.019616309746982644 0.9998056004626501 148.92077803204927
0.9997709489124341 -0.021389469497358433 0.0007350242566968651 0.5909998645421619 0.021374121291727128 0.9996305110565531 0.01679250919055476 -1.1042808231427217 -0.0010939356357150681 -0.016772952103294526 0.9998587257038702 150.23493914665588
0.9997864153158524 -0.02064985168584628 0.0008410312807224955 0.5852930087062731 0.020636453123421678 0.999693782410515 0.013655704545594909 -1.106742121351749 -0.0011227621170674176 -0.01363543179208975 0.9999064028159302 151.6161027492125
0.9998560244694743 -0.016870639844805975 0.001819839495001115 0.5879123263932188 0.01684848995420916 0.9997911233424078 0.011568842213033033 -1.1116477292852018 -0.0020146333181393136 -0.0115365148649821 0.9999314226819457 152.9473995374707
0.9998636733999732 -0.016291899392096472 0.002684884291263263 0.5932737070032269 0.016259464637017156 0.9997994684392312 0.011689856916134694 -1.120642268328059 -0.0028747961065724616 -0.011644608324642916 0.9999280667295987 154.3174918624999
0.9998145592441172 -0.01899958137882532 0.0031405406902706985 0.605023861894882 0.018952050377900036 0.9997148224989518 0.014529057477567716 -1.12002602013856 -0.0034156913814478245 -0.014466843299519597 0.9998895156384049 155.6338982679691
0.9996461666074097 -0.026355375572121482 0.0035966230825453783 0.6265477557018864 0.02628706838667138 0.9994946024080228 0.01787539868964409 -1.1178744023164218 -0.004065918553744465 -0.017774528837087418 0.9998337533877565 156.97280899436763
0.9995450811557238 -0.029947610080422068 0.003573695571039519 0.6481657472364531 0.029872771187775825 0.9993649698860733 0.01942355820604876 -1.1144835160182591 -0.004153115672711145 -0.019307965587705377 0.9998049580171595 158.32676917778042
0.9995218414576327 -0.03073247049300553 0.0034064077944777615 0.6669649324160083 0.03066098824233237 0.9993423975527188 0.019356558718068604 -1.1195944474438897 -0.003999042947846674 -0.01924285910000947 0.9998068413497764 159.66079583498617
0.9995637133482772 -0.029192585864120765 0.004491748461248397 0.6712476877024272 0.02909781041706203 0.9993786836571195 0.01988879543908308 -1.1087420181454073 -0.005069563468039056 -0.019749417886105673 0.9997921083904451 161.03588823833144
0.9996160901163457 -0.02712031992458038 0.0056710276729817505 0.6771123873117739 0.027004006949688346 0.9994417988415958 0.019669123732912023 -1.0979183907702337 -0.006201295556009396 -0.019508431803288075 0.9997904605482842 162.37360211294177
0.9997165272973423 -0.022886545955604437 0.006562850764934808 0.6801575610008674 0.022767711826030868 0.999585076156337 0.01764389106522754 -1.098469686809925 -0.006963935996710224 -0.017489468150942808 0.9998227953410784 163.71725868645353
0.9997382630749027 -0.021702900361660574 0.007238053048112293 0.694559256419222 0.021575882622194578 0.9996194535201636 0.017188062588598722 -1.0870724701237318 -0.007608330087159242 -0.017027396204075947 0.9998260754137739 165.0718372248137
0.9997835875310249 -0.019378425123693026 0.007566683849814842 0.7067400355172699 0.019235047706424535 0.99964228266302 0.018582779844737864 -1.0859936914843056 -0.007924082794134578 -0.01843321250385621 0.9997986925240177 166.4169926022968
0.9998025199992181 -0.018425327399887483 0.007445017007063548 0.7157476016648521 0.018284223968685384 0.9996598762175203 0.018596211600797403 -1.0802294511045751 -0.0077851267253916225 -0.01845641259157877 0.9997993561810474 167.7421561745041
0.9998459037040891 -0.0160998541700603 0.006997393439121441 0.7299378568322774 0.015982389687809358 0.9997356135002112 0.016530770102655808 -1.0812214648017255 -0.007261687024605391 -0.016416387462551862 0.999838872073989 169.1248088910511
0.9999171992730895 -0.01118325362643428 0.006366272295225307 0.7362826628345435 0.011095195632149776 0.999844545273623 0.013703355250881998 -1.0872810646911988 -0.006518531275301648 -0.013631585366931761 0.9998858377929863 170.52295341583138
0.9999658339500853 -0.005551773802825174 0.006124437634675561 0.7476576637161205 0.005474286161695716 0.9999056654290192 0.012597319089682835 -1.090839169945101 -0.006193797875276715 -0.012563361581827009 0.9999018945892537 171.8758161676576
0.9999764445296436 -0.002426681901837276 0.006420404913370561 0.7494783882288952 0.002338642551508117 0.999903626316578 0.013684620675195398 -1.0846322377371993 -0.006452994917906372 -0.013669283096953613 0.9998857482456196 173.25159802069635
0.9999725713718898 0.001897126097162173 0.007159428371212351 0.7580308860463205 -0.002012187484092834 0.9998683868690614 0.016098448901917632 -1.0907320786893824 -0.00712794590514943 -0.016112413222732005 0.9998447792100108 174.63125983035425
0.9999717220363228 0.0020267613265300614 0.007242055251088238 0.7678225745528904 -0.0021572501910394008 0.9998346493212472 0.018056032409006856 -1.0851227359178306 -0.0072042631067413465 -0.01807114448493012 0.9998107482488807 176.03270168999924
0.9999791338318816 -0.00041835940761052724 0.006446462227342993 0.783412161714771 0.00029233613472021515 0.9998090767084437 0.019537775986779554 -1.0806003711287433 -0.006453405800543082 -0.01953548349140592 0.9997883368092527 177.408173754888
0.9999834359410801 -0.003096726829841508 0.004851610595942233 0.7949461491496473 0.003001290815460117 0.9998042513452069 0.01955636126496929 -1.071349582354143 -0.004911222020729326 -0.019541475954311483 0.9997969846905891 178.77398939813787
0.9999895939287871 -0.003659281907760948 0.0027242777346611693 0.8061782581324262 0.0036155147226554383 0.9998670350432554 0.015900952909843977 -1.0767224794561658 -0.002782101804797348 -0.01589093754627977 0.9998698605308546 180.1092729331617
0.9999994285146077 2.8954633505673925e-05 0.0010687059492722377 0.8093059678094676 -4.1496081811585464e-05 0.9999311180107371 0.01173701504920663 -1.0883048311588863 -0.0010682925831732174 -0.01173705251880345 0.9999305477574011 181.53009262568256
0.9999951623312948 0.0030569939546161297 0.0005745443797975543 0.7936738952908661 -0.0030630294349778633 0.9999368289644741 0.01081461702954167 -1.0788069515820433 -0.0005414479106089758 -0.010816324402295026 0.9999413552558797 182.91520614253147
0.9999800876917525 0.006302943410111161 0.0003116417340010627 0.7921558535881458 -0.006306265459003216 0.999906299917242 0.01214999656314341 -1.0754426803384625 -0.00023503180980698202 -0.012151719749394331 0.999926137500296 184.25897108301317
0.9999616237542799 0.008744719310303874 0.0005299958057197081 0.8007412858771377 -0.008751842810783594 0.9998432348875449 0.015391910828319765 -1.0769600650299138 -0.0003953148110097575 -0.015395958363256286 0.9998813970555153 185.69807922909993
0.9999531301629604 0.00961511388755987 0.0011344837932974802 0.7987305464338919 -0.009633928107808313 0.9997925984201467 0.017942898318335822 -1.0803220262920152 -0.0009617255658741029 -0.01795298661475926 0.9998383696066772 187.0808283853959
0.9999622458264524 0.008597114617509559 0.0012635406869540402 0.802897692098272 -0.00861925811567417 0.9997877876343202 0.018710641691429913 -1.0731667826261124 -0.0011024151060685557 -0.018720825800461662 0.9998241422087627 188.51306200019178
0.999968976359347 0.007805637789435374 0.0010575121135253454 0.8110958246523069 -0.007824780044883961 0.9997792274100952 0.019500494402498184 -1.0716497465070776 -0.0009050649208377755 -0.019508163944821143 0.9998092880030875 189.92080516133373
0.9999873665397095 0.004902321061675259 0.0011108587449615726 0.81753936330228 -0.004923604333879667 0.9997869981173917 0.020042867516442808 -1.0659076554140978 -0.0010123656414464683 -0.020048083445197318 0.9997985044225224 191.29205291104125
0.9999933702256076 0.003282226750898752 0.0015768613550013006 0.8274845112539142 -0.0033135986132618255 0.9997879897641097 0.020322293405163325 -1.0639199396155352 -0.001509824794490514 -0.020327383464779462 0.9997922373621655 192.739192626676
0.9999980984818426 -0.00024661690596534567 0.0019344800934017244 0.8399237894596155 0.00020528315869033117 0.9997722971042426 0.021338037013630767 -1.0518515859849376 -0.0019393020898733982 -0.02133759901370571 0.9997704466293443 194.13461883270298
0.9999850555694377 -0.004986620174306619 0.002241038827977931 0.8558375234940307 0.00493360513346059 0.9997216726028474 0.023070259972404927 -1.0422493429272794 -0.0023554579083505623 -0.023058858464911708 0.9997313343292249 195.57019655462545
0.9999637990200376 -0.00815839704324283 0.0024168576710163958 0.872538847650206 0.00809918072574481 0.9996892831005411 0.023574150184476613 -1.0359242766555272 -0.0026084342110451473 -0.023553721867353328 0.9997191696830848 196.97346927347886
0.9999778624088173 -0.006106235457922144 0.002643591798384511 0.8765072604021227 0.006053069975067362 0.9997881509635073 0.019672660220893833 -1.0290260556734068 -0.00276315788500442 -0.01965622258357464 0.9998029795175433 198.40431334190873
0.999995165430043 0.0009477270645863987 0.002961575641488117 0.8769117885489643 -0.0009914493224782548 0.9998900310788532 0.014796715555145746 -1.0269941974543297 -0.00294722695889875 -0.01479958005739714 0.9998861366521693 199.82707060328872
0.9999381004272377 0.010260140865704481 0.004304046140994781 0.8707880564331325 -0.010320664696977217 0.9998447196022557 0.014283577538127744 -1.0146871853270252 -0.004156826633831826 -0.014327113802318905 0.9998887211030248 201.26248721388305
0.9998348923216882 0.017248765119379162 0.005715607425810341 0.8626585116943473 -0.01735035072399456 0.9996833100443986 0.01822758886255581 -1.0091974855332853 -0.005399394397347615 -0.01832374687903365 0.9998175267631737 202.72420529996725
0.9998120808660003 0.018274187412179163 0.006469698222662448 0.8730654059629177 -0.01840255703215836 0.9996231040840173 0.02037144398000045 -1.000173188044636 -0.006094988738541932 -0.020486674493198832 0.999771547534985 204.1299523671998
0.9998305935834538 0.017376307739172807 0.006070258114981397 0.8883818596836052 -0.01750064342535363 0.999624864749793 0.021067921233755987 -0.9960438164445548 -0.005701898735674087 -0.021170585312197763 0.9997596184319617 205.59518424680573
0.9998942000752954 0.013717687588030915 0.0048387689023201876 0.9061426052842723 -0.01381739654132325 0.999679504239 0.021212458547516525 -0.9881742014039224 -0.004546232593884949 -0.021277073154173008 0.999763280934734 207.03005326380182
0.9999238631058012 0.011779851440361528 0.0036746534937225424 0.9233684216308308 -0.011854676571589078 0.9997080902594235 0.021052338312774158 -0.9844083237865103 -0.0034255876914465813 -0.021094296978557366 0.9997716219027561 208.46903821392493
0.9999179254839563 0.012397621343645904 0.0032312948147463854 0.9282330207584016 -0.012461267775278133 0.9997125427710204 0.020482887189725796 -0.9731236160953456 -0.0029764271211216243 -0.020521471801790182 0.999784981911355 209.93363884203418
0.9999038872035593 0.013510446188863968 0.003111941752940707 0.9373857894086508 -0.013571924167198313 0.9996943801208422 0.020662750740533992 -0.9666653887685854 -0.0028318279320063144 -0.020702999526013722 0.9997816594335706 211.39901872698076
0.9998860049131573 0.014812732766891237 0.002925765825482436 0.9403143411894791 -0.014872679295806997 0.9996548353826433 0.021656720678909176 -0.9577136074917895 -0.00260396095138997 -0.021697765584562587 0.9997611846502236 212.8503187937095
0.9998981698341561 0.014029720290650829 0.0026109178448530234 0.9436882347158481 -0.014082807122348565 0.9996682463553599 0.02156552373330389 -0.951278557807409 -0.0023074935856711373 -0.021600096454724355 0.9997640278004807 214.29672647185737
0.9998927156894505 0.014467221475134209 0.002292726295410317 0.9538193199306254 -0.014511753202210341 0.9996789763035112 0.020769049026083133 -0.9419848838201381 -0.001991520005460227 -0.020800092012663057 0.9997816711656331 215.7677795673295
0.9999039007313991 0.01372347657016222 0.0019635363268004453 0.9595781634580732 -0.013760974869243965 0.9996938555851953 0.02056284793483951 -0.9365258087177188 -0.0016807415751222306 -0.02058789173869942 0.9997866341376199 217.23258180481457
0.999903602316543 0.013799238739865915 0.0015385273145384444 0.9667835681515107 -0.013827943902535375 0.9996933961799226 0.020540244428161075 -0.9250220975191494 -0.0012546159596863588 -0.020559538770462283 0.9997878431363101 218.69265061139268
0.9998845289758119 0.015144661628515306 0.0012521648457127143 0.9689963313726652 -0.01516698631343 0.9996785386850803 0.02031703378035463 -0.9223227784256064 -0.0009440677949038336 -0.020333679027141612 0.9997928036410313 220.21109729161446
0.999896946438709 0.014311085849683878 0.0011354754782424425 0.9775207796305609 -0.014331292782051083 0.9996888609355261 0.020415567818203036 -0.9148858414083824 -0.0008429533092290404 -0.02042973645961958 0.9997909357845678 221.70361580305993
0.9998823504334811 0.015320992040608907 0.0007432843920809357 0.9810512042425934 -0.015332963758785189 0.9996746446200044 0.020383943922219525 -0.9035365010646241 -0.00043074034851373153 -0.02039294222028342 0.9997919495322959 223.16147986341713
0.9998827249592229 0.01531094363309763 0.00033363193148263064 0.9853611310320876 -0.015314566044304236 0.9996736195747618 0.020447944561292626 -0.8978732345323951 -2.0445710202544355e-05 -0.020450655662756008 0.9997908632530311 224.63092005270343
0.9998753262903399 0.015789847577983712 -0.00011209237070240047 0.9912045371230511 -0.015784182022897806 0.9996628284040306 0.02061769022919539 -0.8883529678116711 0.00043760480475584906 -0.020613350163368013 0.9997874265444446 226.11730704222754
0.999889675839556 0.014853825277176717 1.5546884096816552e-06 0.9925912721290439 -0.014850639127350136 0.9996729220625925 0.020820841843590527 -0.8848835095765258 0.00030771499803526614 -0.02081856759114288 0.9997832227707616 227.6268147476191
0.9999039612111124 0.013858753884725187 -5.723798521997236e-05 0.9981910596442357 -0.0138546730526121 0.999694058239882 0.02048994860841367 -0.875307884980112 0.0003411856621221695 -0.02048718747093685 0.9997900573226771 229.10622347312352
0.9999135471364251 0.013149040866991226 3.098946724116539e-05 0.9975481952848799 -0.013146762595097073 0.999690413303113 0.021124398726927642 -0.8689901059711962 0.00024678573419077785 -0.02112297956993608 0.9997768545077536 230.62094702238392
0.9999296929988157 0.011852927979303995 0.0003422629493539577 1.00828367318428 -0.011857596720178614 0.9996859105515166 0.02207889674282505 -0.8629101929979469 -8.045587773772983e-05 -0.022081402540305693 0.9997561728570704 232.1182498003745
0.999929953120439 0.01183388586166774 0.00021905315690376112 1.0128095918514082 -0.011835821570061142 0.9996776140918201 0.02246288602319662 -0.8533908633408686 4.6840700200995525e-05 -0.02246390491913535 0.9997476535398186 233.63757218985683
0.9999317271539815 0.011683496574295358 0.00019215958922012485 1.0198111622001576 -0.011684872225054311 0.9996813598667275 0.022375042629480996 -0.8389324271632014 6.932038440856086e-05 -0.022375760060066918 0.9997496289237561 235.09461177408815
0.9999155564917601 0.012981377747553674 0.0006030764408167981 1.0245898253109709 -0.012991461471160712 0.9996766317001409 0.021859871924188878 -0.8332892734111904 -0.00031911019215021853 -0.021865860530068885 0.999760862551282 236.62636948962293
0.9998987673745944 0.014196652890406091 0.0009539549093494247 1.0252429458310899 -0.014214647827807951 0.9996415265687105 0.022688371248904493 -0.8253669484714379 -0.0006315140584141335 -0.022699634252561184 0.9997421306371368 238.11830130155332
0.9999099600187714 0.013324066970521848 0.0015940757805817446 1.0342962539590315 -0.01335951427273184 0.9996032118728225 0.024798028873106552 -0.8034074897331887 -0.0012630327738258592 -0.024817091780327385 0.9996912106629481 239.62040078635303
0.9999040068894814 0.013651548519177782 0.0023690106673753732 1.048105606814221 -0.013707496981951282 0.9995815495252975 0.025472149910124094 -0.7943803216676988 -0.0020202852276778724 -0.025502177599068577 0.9996727251241788 241.16879226178256
0.9998857164877536 0.014883546466678983 0.0026521664806501326 1.0502748012952776 -0.014943497460791074 0.9995945926888126 0.024235143873617918 -0.7877971519011489 -0.0022903865694950867 -0.02427200649064733 0.9997027677284567 242.64101120896322
0.9998831169053598 0.014901214097220183 0.003421450658779117 1.0620187927876086 -0.014976685191253497 0.9996184761455373 0.023207780925103564 -0.7751957752417491 -0.00307432143358347 -0.02325630998329903 0.9997248084192035 244.19133542357284
0.9998817093024717 0.014951259364363692 0.0036093246132034517 1.0705594757141104 -0.015032029073728654 0.9996108925317994 0.02349684405576252 -0.7522208618872743 -0.003256613055701457 -0.023548319732027877 0.9997173956093554 245.66549600796958
0.9998769377106214 0.01526978993886717 0.0035976279805914942 1.0749026007650841 -0.015354011132759434 0.9995775448163541 0.024677647589239755 -0.7414213283499701 -0.0032192859132738286 -0.024729848366260923 0.9996889870209947 247.19368030184035
0.9998756789253763 0.015386277287836559 0.003448063492968438 1.091367068458614 -0.015468951904560513 0.9995578868552987 0.025391778260084822 -0.7351334440391616 -0.0030558543680526164 -0.025441959089734466 0.9996716303085635 248.76143163546948
0.999880258853465 0.015155570158758019 0.0031267596874246413 1.0929649750476698 -0.015230995760290354 0.9995535971804212 0.025702590967251113 -0.7163592842089967 -0.00273582669612233 -0.025747136603091803 0.99966474389196 250.24667871023226
0.9998550890974327 0.01672868986354035 0.003154633788292623 1.0993715835415385 -0.016804466640871773 0.9995269904762104 0.025756654792511463 -0.7027289915219933 -0.002722266748521639 -0.025805933940132045 0.9996632648090499 251.82609776698115
0.9998225865510427 0.018543696439842938 0.0033055576453204388 1.106492933935941 -0.018623792015184944 0.9994853861937858 0.026117373881958617 -0.688076577846173 -0.002819544136138572 -0.02617430195112112 0.9996534179700302 253.32016375801854
0.9998155462339658 0.018882063074013758 0.003512999898005796 1.1195070667682807 -0.01896783888380887 0.9994757571296456 0.02623798891110608 -0.6654120167715023 -0.0030157311171002147 -0.026299782854008646 0.999649551972302 254.88584103883002
0.999839774806866 0.017569877063949683 0.0034240479207136463 1.1276701129732185 -0.017655368472601792 0.9994853746028461 0.02678197115782676 -0.6590674447139813 -0.0029517301188353414 -0.026838132453696772 0.9996354344988274 256.4061643901143
0.9998766561913726 0.01538232725574585 0.0031711809983029217 1.1398016864233491 -0.015464325585305418 0.9994967537642313 0.027696460120593923 -0.6316545689215993 -0.0027435493242783148 -0.027742083710324595 0.9996113493238719 257.94638591707337
0.9999090007969457 0.013051030039051644 0.003414780199523726 1.1508927853995807 -0.013144148558908107 0.9994976595543216 0.02883851510739593 -0.6231073866542427 -0.003036692740037321 -0.028880774787970406 0.9995782507196258 259.47155505242665
0.9999230817790102 0.01198704276507878 0.0031845435470701944 1.172237962615378 -0.012072189564231717 0.9995288647632529 0.028218979253642244 -0.6033870963657488 -0.0028447813192716605 -0.028255252706421142 0.9995966926123476 261.0145351197451
0.9999227622866592 0.0120752634479052 0.0029423561628868873 1.1845599897734278 -0.012151339953335711 0.999551302882759 0.02737768959462886 -0.5946455280388215 -0.002610443336030041 -0.027411328179811498 0.9996208304362598 262.54696603659403
0.9999470824528802 0.009621708168398985 0.0036407440338989856 1.1967923200837816 -0.009723470101610718 0.999530677562149 0.0290495917960708 -0.5715739536713446 -0.003359528934299345 -0.02908345480933061 0.999571341219967 264.08847361952735
0.9999750239340381 0.005828604978132192 0.003997357754342785 1.2102253338190165 -0.005950279010789186 0.9994975084158403 0.031133982879431987 -0.540384832182624 -0.003813881745469563 -0.031156990218851682 0.9995072267022037 265.6299057916447
0.9999736633125805 0.005944490159396668 0.00416361797812685 1.230064955188693 -0.00606982204841004 0.9995082062459228 0.03076528801459921 -0.528148095070439 -0.003978686716071701 -0.030789749734256723 0.9995179644845557 267.2052298922542
0.9999762031152208 0.00552892476090339 0.004126038225554117 1.229060261074301 -0.0056488766098771286 0.999544388063294 0.029649730542343336 -0.507030741686528 -0.0039602275536512865 -0.029672332023275735 0.9995518342116267 268.700530783612
0.999966788358231 0.006393158508609847 0.005054671169619056 1.2438319646168385 -0.006540168174765626 0.9995397475046173 0.0296229538817351 -0.4842149657476196 -0.004862960909937451 -0.029655028026067665 0.9995483634572713 270.2809084982159
0.9999514341117888 0.007732898911792939 0.006109966087833561 1.2497433054368265 -0.007912498424497049 0.9995204255437968 0.029938459043303688 -0.4616568167175713 -0.00587552531611971 -0.029985349719713984 0.999533069473237 271.78347898197114
0.9999317776100022 0.009382774166436514 0.0069572742277277735 1.263745747598219 -0.009584819886440069 0.9995158769986084 0.02959971111731278 -0.440937183843603 -0.006676179202199615 -0.029664375546837318 0.9995376198132109 273.3235432092583
0.9999136857254306 0.010341619084672257 0.008103826311224119 1.286645183974621 -0.01057850154877449 0.9995012548853819 0.02975461027321862 -0.41828396050996564 -0.007792074370839754 -0.02983776793466283 0.9995243824687345 274.89947821089527
0.9998955425425753 0.011346622597793258 0.008953108024010722 1.2968074189354695 -0.01160641421173938 0.9994968314208464 0.02951906461381934 -0.4029096065575547 -0.008613662133047002 -0.02961989418080269 0.9995241201003395 276.4156615805859
0.9998826706449297 0.01161546001391913 0.009986291352196804 1.3208713092379094 -0.011902038719098548 0.9995046707392756 0.029133394783655325 -0.3802509989506022 -0.00964294787109056 -0.02924883338620573 0.9995256471309975 277.9926079021818
0.999878256499383 0.011438169387232716 0.010613220186780755 1.3325606175815143 -0.011740441664980877 0.9995142399621209 0.028869468103715934 -0.3637167259208691 -0.010277851698866483 -0.028990556908434755 0.999526844735322 279.4982076809155
0.9998738536771963 0.010987095493031139 0.011469980252601665 1.3545146600588338 -0.011315943103105795 0.9995150594940194 0.029010262352339698 -0.34220861585625983 -0.011145680401280013 -0.02913639603850385 0.9995133036669533 281.03338243052093
0.9998757928221135 0.00977102698056758 0.012366322929069737 1.3868183610042322 -0.010144797643958052 0.9994823074243534 0.030531954929025586 -0.3225955867625105 -0.012061593426705406 -0.030653616042733374 0.9994572896124616 282.6257011633558
0.9998840816187339 0.008692812140448652 0.012500333074096792 1.4089318770801844 -0.009075769333568438 0.9994808885135098 0.030912520945177407 -0.29974338531239136 -0.012225128290916435 -0.031022387307765638 0.9994439242376977 284.1322196403362
0.9998914944643705 0.007153062560849056 0.012877615460592226 1.4388768918764405 -0.007521111584580955 0.9995579743988271 0.028762627388297816 -0.2828411302161319 -0.012666183409906162 -0.02885636005031063 0.9995033157815431 285.70068947897227
0.9998874073732195 0.008193213539487534 0.012571547775553062 1.4635001223884025 -0.008528107661542147 0.9996038804053723 0.026820769841672972 -0.26743054133640565 -0.01234682067557277 -0.026924961145297372 0.9995612049618323 287.2169520181413
0.9999004109412806 0.007851779887027578 0.011726795772965525 1.4913458313299668 -0.008164995086772769 0.999604658042204 0.02690465594946439 -0.24812565008004764 -0.011510911203273494 -0.026997725380501766 0.9995692180756243 288.76772726077616
0.999918768424999 0.00618795572846226 0.011142968435015029 1.5182236390569361 -0.00648924762682774 0.999608712281353 0.02720867565152048 -0.22776980726188323 -0.010970243164437225 -0.027278774535554048 0.9995676676445107 290.3581472588994
0.9999266464003597 0.006977612978510367 0.009900238711600047 1.5277360383897878 -0.007240161920292645 0.9996163051483341 0.026736165983866977 -0.21278353844715617 -0.009709886232867707 -0.02680588373430674 0.9995934987189128 291.87107180775735
0.999933000226447 0.006520852756217121 0.009564179493342323 1.5510417493919495 -0.0067724426125041525 0.9996255209974702 0.026513238677746066 -0.19179845164166867 -0.009387709767278731 -0.026576234769884046 0.9996027083923302 293.48182112169843
0.9999387410011593 0.00649464431712893 0.008962914305832894 1.5743430676963044 -0.006734109244764006 0.9996140772001945 0.026950852863494038 -0.16850671694639335 -0.00878441984278991 -0.027009558735405375 0.9995965774641864 295.01018317945085
0.9999476082522176 0.006346415721553485 0.008031422784809115 1.588911097791295 -0.0065646120819332805 0.9996019105966966 0.027439501350194878 -0.15610778444806617 -0.007854083733225041 -0.02749078652489754 0.9995912014401015 296.593009332078
0.9999547022301652 0.0063884825613186235 0.007055549087920472 1.6148634019283241 -0.006588148609184757 0.9995678492104154 0.02864805681612433 -0.13572527429741588 -0.006869482988444416 -0.02869324171463046 0.9995646592653317 298.1756546911813
0.9999599031543146 0.006294877431600155 0.0063691912312177365 1.6282644763029919 -0.006484404351929833 0.999523231755712 0.030187111813908343 -0.10848807817477099 -0.006176130949210852 -0.03022720138072631 0.9995239725334931 299.7347090011991
0.9999535121950095 0.006525080140912339 0.007099068417697872 1.6441897348548522 -0.006738119836845919 0.9995147569077972 0.030411321972940112 -0.08030625499537074 -0.006897187906017081 -0.030457742151213864 0.9995122584081345 301.3283729846802
0.9999359826294615 0.007818444572054993 0.008179398445641101 1.6533076560215187 -0.008063605162380251 0.9995058313191766 0.0303820913062821 -0.057250364229430487 -0.007937816408209937 -0.030446101324785944 0.9995048904091408 302.9151996081214
0.9999385322573255 0.007088693002171812 0.008525381569704303 1.668148838426581 -0.007345844854812448 0.9995071680285612 0.030519824105522505 -0.0344401092915911 -0.008304835018499684 -0.030580573809650045 0.9994978029930471 304.49419469113445
0.999948910393267 0.005096370720432717 0.008729467525547622 1.6945786572116779 -0.005354539026764878 0.9995412175166948 0.029810793917720593 -0.007373858116307738 -0.0085735364576636 -0.029856012739126456 0.9995174400401914 306.10091858234495
0.9999552404367852 0.0023597409862402934 0.009162354581692844 1.71814850945561 -0.002615449708458844 0.9996045669308247 0.027997664650552104 0.01632026053012893 -0.009092665007534282 -0.02802037475958508 0.9995659968273122 307.7009201022616
0.999955425916978 0.0020398469194568753 0.009218741768991602 1.7332315795416868 -0.002290186135012256 0.9996266536504448 0.027226979079292706 0.04243419776677862 -0.009159761882365117 -0.027246877702043443 0.9995867678150714 309.3169781474403
0.9999695886579908 0.0030511528597276885 0.007177201611007965 1.7541305188713872 -0.0032409790088152343 0.9996412433263036 0.026587228632607724 0.05937647791452201 -0.0070935056363277465 -0.026609680854281666 0.9996207315951361 310.8975484259628
0.9999808315847198 0.003869719789197513 0.004833397391430553 1.7678877103637851 -0.003999405711084268 0.9996242910647525 0.027116074546767687 0.08026288202933504 -0.004726650225043644 -0.027134885099482312 0.9996206064093781 312.50988530251453
0.999975631500164 0.005188334221519665 0.00467093044352138 1.7790052779781753 -0.005327229320890246 0.9995287231007024 0.030231645043398255 0.10714943783423406 -0.004511877639386053 -0.030255791023990643 0.9995320055079465 314.14214101390513
0.9999802422061386 0.00389729032912929 0.00493217232447871 1.7946934642249124 -0.0040614143449006984 0.9994232143737847 0.03371562733267796 0.1321418471550651 -0.0047979283304947825 -0.03373499229387182 0.999419296460764 315.75947170646526
0.9999810831925785 0.002953119020562074 0.0053955855896903005 1.807639422730777 -0.0031385908128860503 0.9993929876429791 0.03469590092392782 0.16076203621083854 -0.005289849719607833 -0.03471217862145832 0.9993833509236155 317.3800085762902
0.9999827510030298 0.001968114031156248 0.005533915682536335 1.8208817802758845 -0.002153201013484144 0.9994316512382571 0.03364131789101495 0.18529183026969373 -0.0054645609956188775 -0.033652652757880284 0.9994186497636497 319.01467316001646
0.9999797892626546 0.0012572011069402643 0.006232215545748468 1.8281539068500212 -0.001466393726807692 0.9994317204125083 0.03367619282865667 0.21807184528077228 -0.00618633667563761 -0.0336846506021488 0.9994133646858194 320.6391713739435
0.9999802434824268 0.0009244803775533626 0.006217554177698298 1.8531580850570721 -0.0011360532680505567 0.9994173940641543 0.03411131581081398 0.2510354415235971 -0.006182397069069655 -0.034117704868810064 0.9993986992889836 322.26201102164134
0.9999762779846838 0.0010386586241483808 0.006809159626464326 1.8719849395502643 -0.0012717708928590924 0.9994100640770465 0.034320641923712016 0.273403234393099 -0.006769495794458192 -0.0343284869629704 0.9993876769648097 323.88402343279813
0.9999718479885549 0.0023305162282247654 0.007132455569332615 1.890154753855494 -0.002570028930596972 0.9994267381856137 0.033757813795084746 0.30474895752465947 -0.007049694261614057 -0.033775193573181525 0.9994045917798582 325.52704294737816
0.9999644441035875 0.002849316249659609 0.0079367450843175 1.8990256559671157 -0.0031117909206389432 0.9994419829349133 0.03325717283700829 0.33338207587117524 -0.007837556697503537 -0.03328068735827023 0.9994153133288672 327.12934674662694
0.9999588155685107 0.0022441648312532493 0.008793798239954242 1.9171783455986002 -0.002547346840231217 0.9993973489204097 0.03461863714317777 0.3589194355828211 -0.008710809448679838 -0.0346396117472141 0.9993619059467792 328.76681924548325
0.9999612102272426 0.0008879559807668946 0.008762965932934129 1.9395710480271924 -0.0012034489301522742 0.9993487708516329 0.036063637541901665 0.38839645173431714 -0.008725237041858966 -0.03607278390132064 0.9993110749203793 330.3845420447504
0.9999620505538277 0.0005150340346516174 0.00869667690242028 1.9534740269245683 -0.0008217168827025725 0.9993765041151523 0.03529770314457971 0.41853667534462935 -0.008673075767868526 -0.03530350931134425 0.9993390015138357 331.993343700594
0.9999591501785925 0.0010698685452744138 0.008975151922571974 1.972895413315785 -0.0013880128606791498 0.9993681360264196 0.03551622388733532 0.43466605005088926 -0.008931483904244095 -0.03552723016791156 0.999328796978951 333.62172219302204
0.9999589181975111 0.0026951382227880746 0.008654371358456567 1.990599785472568 -0.00298412074657055 0.999432449066681 0.03355405813140309 0.4825601833756014 -0.008559027453151768 -0.03357850487355386 0.9993994331707352 335.2296318906527
0.9999559687588164 0.0046691982178455405 0.008139970952707817 2.0002528193647393 -0.004917789555882583 0.9995137200510837 0.030791862782283626 0.4945939230435782 -0.007992240004880979 -0.030830537196881006 0.9994926723304628 336.8356469656199
0.9999592673726729 0.0056266667410193255 0.0070572099567787795 2.019169718253345 -0.005847877691904288 0.9994794784285697 0.03172655933464602 0.5227564378685847 -0.006875022324312014 -0.031766536270224896 0.9994716710369491 338.44173078693865
0.9999601601140496 0.0063123952396067304 0.006311247598193173 2.0286948103170457 -0.006527741959975752 0.999376330665765 0.034703578148333164 0.5452212371643298 -0.006088249272752055 -0.03474339325554436 0.9993777212867512 340.0614314863037
0.9999594674236167 0.0072303524891817695 0.005365212700013334 2.0468174387655136 -0.0074269255026450254 0.9992663662725536 0.03757086725973008 0.5845432184598464 -0.005089626409119363 -0.03760919090742167 0.9992795626926049 341.6774614468005
0.9999613970335657 0.007909708546628315 0.0038263491104043555 2.0554672776756044 -0.008046177025627073 0.9992802033085468 0.03707201590909022 0.6137229318881474 -0.0035303663687948203 -0.03710137176580123 0.9993052710156229 343.2703248319786
0.9999671341307993 0.007760431428383711 0.002346562767386957 2.0594401690524506 -0.007839294708842816 0.9993314925388118 0.03570873182506471 0.6399273972186935 -0.0020678790784265325 -0.03572595310772475 0.9993594849233115 344.87654686503953
0.99997643577077 0.006863566926885971 0.00013909582002826545 2.079002434289412 -0.006864036773130892 0.9992989279120842 0.03680404493266705 0.678224699814948 0.00011360873360352543 -0.03680413190083593 0.9993224919525191 346.4641570546207
0.9999886384620589 0.004714026821802975 -0.0007077396521922618 2.0779961671379987 -0.00468379217161434 0.9992694308195165 0.037929761013997434 0.6947274502610873 0.0008860245859374167 -0.037926014619772505 0.9992801570770602 348.07201817152026
0.9999891196257988 0.00456810962868673 -0.0009449877997510436 2.0802564895969358 -0.004529664110615883 0.9992931301771101 0.0373191930872979 0.733240181169714 0.0011147980765360754 -0.03731450602365559 0.9993029494698537 349.67581600878736
0.9999895747903216 0.004384347548880594 -0.0012758545038823845 2.0801663090730207 -0.004334524062848171 0.9993156387673731 0.03673507947050834 0.7611665197182748 0.0014360408358604203 -0.03672916574646169 0.9993242247264978 351.2640384726758
0.9999902709302495 0.0042596284124208315 -0.0011461275190458942 2.0838248628291254 -0.004214820148850569 0.9993208377554506 0.03660735672143931 0.7995240347053338 0.0013012829596783784 -0.03660216931527425 0.9993290688352592 352.86626022974974
0.9999926253854614 0.0036773062879613934 -0.001107515819172302 2.0821893350241147 -0.0036342171124587575 0.9993206388218207 0.036674968816359774 0.8288341813872999 0.0012416286145317049 -0.03667067286927711 0.9993266333209638 354.4563819678559
0.9999946192242274 0.003037597574564546 -0.0012387582680879437 2.089714725126561 -0.002990492410324073 0.9993327142956469 0.03640306497673108 0.8550538089146357 0.0013485096381787836 -0.036399164076228924 0.9993364209973372 356.0469650287429
0.9999951666414164 0.002924111999910687 -0.0010565327583272662 2.08846775843905 -0.0028843726905149465 0.9993534833541352 0.035837072245710824 0.8845349525610429 0.0011606414034336203 -0.035833851079647434 0.9993570873239838 357.66454863485853
0.9999958288990066 0.0026552253321635087 -0.0011366449656042017 2.090689775794508 -0.0026123777058224976 0.9993422423908755 0.036169850723293935 0.9160151388310562 0.0012319365366276888 -0.03616672998594532 0.9993450104594974 359.22948270791403
0.9999961288747251 0.0026580972831158674 -0.000822650183033952 2.093473118918297 -0.002627287330360367 0.9993688677911269 0.035425463939328945 0.9532127473026398 0.0009162953890300288 -0.03542316495200537 0.9993719826693489 360.8336187724869
0.9999977411942523 0.0018912745553806645 -0.0009698897564119346 2.098646766164346 -0.0018563295620137703 0.9993909447836948 0.034846715307631074 0.9726314971779859 0.0010352038332554457 -0.03484483565635972 0.9993921981580077 362.41627311586086
0.9999992777595539 -0.0001941823393168468 -0.0011860746215019155 2.103054556020563 0.00023649104322017556 0.999359811733407 0.035775841126148254 1.0142984961031016 0.0011783683724188327 -0.03577609526523838 0.9993591358525749 364.00193337533915
0.9999948693006628 -0.0031097002572299543 -0.0007688532804284842 2.109560338992827 0.0031362203577598707 0.9992989186285034 0.037307310243621966 1.036632974047429 0.0006522997528443913 -0.03730952958338893 0.9993035442050378 365.61583879907903
0.9999955209993378 -0.00284891365804057 -0.0009174262979306314 2.1137994040321644 0.002880746042241903 0.9993185236796227 0.03679931493654023 1.0727664868841646 0.0008119630895593675 -0.036801792451014205 0.9993222547020424 367.18816306041543
0.9999984113091019 -0.0017454614795887075 -0.00036158407967629754 2.115517629885649 0.0017574446838352277 0.9993384424431089 0.036326146079340295 1.1051732638640195 0.0002979390065237812 -0.03632672330588942 0.9993399223293549 368.8152586675767
0.999999891896904 -4.1730811324265334e-05 -0.00046310314386065546 2.1096704703123956 5.8878450389572406e-05 0.9993119405168435 0.037089649772323596 1.1437496665407623 0.00046123675866366603 -0.037089672492442896 0.9993118349188148 370.40272919533186
0.9999991959258915 0.0012188897622830812 0.0003499361324731196 2.1178844255282434 -0.001231294313363089 0.9992785884675915 0.037957694775510455 1.17623515148993 -0.0003034174640435174 -0.037958094579577446 0.9992792857582974 372.0041642339626
0.9999988643715249 0.0014488516526422936 0.00041483067529834126 2.1249360147954266 -0.0014635717507825651 0.9992763781375219 0.03800760584901889 1.2131076617227958 -0.0003594631419098068 -0.03800816927077304 0.9992773638018161 373.59251824573045
0.9999988226712719 0.0014442357620742209 0.0005184969686845894 2.110323208332394 -0.0014626721005895045 0.9992948921907111 0.037517716871945814 1.244265602945286 -0.00046394698245705995 -0.037518430549218024 0.9992958281084466 375.1954671320909
0.9999976389255083 0.0018339252866272319 0.0011657021318391952 2.1181098274722747 -0.0018762097211105927 0.9992996759314249 0.03737161446473736 1.2845871291645827 -0.0010963491050765195 -0.03737371278832239 0.9993007573117207 376.8262513527183
0.999996169106564 0.0024161347363193812 0.0013505794793996374 2.1338490310357834 -0.0024652040055887477 0.9992900182568959 0.03759497611726729 1.3177453770680372 -0.0012587861695791411 -0.037598161004803406 0.9992921463209465 378.4028530039138
0.9999930253152528 0.003138982793021072 0.002023884223385699 2.131885850344308 -0.0032131376549959308 0.999282363116368 0.03774168199171107 1.353199814213154 -0.0019039614774934883 -0.03774792122789643 0.9992854793929524 380.04254056044715
0.9999895799655423 0.004230638822585342 0.0017151251130808854 2.142922230315769 -0.0042931973407817434 0.9992578731647739 0.038278863947968776 1.3897477267793097 -0.0015519083533647405 -0.038285827897793535 0.9992656238026202 381.6339989244381
0.9999845607096784 0.0051407680032656096 0.0021097024579650866 2.1579960374016576 -0.005217198216644883 0.9992648454550271 0.037980910088611715 1.4255004934553526 -0.0019129006117541763 -0.037991329876987355 0.9992762378926681 383.24796776369953
0.9999776761322033 0.006057848312448764 0.0028195226355274307 2.1566113185731988 -0.006159889477693154 0.9992697003548104 0.037711029760965416 1.457439392220722 -0.0025890160558908522 -0.03772755530750564 0.999284708438165 384.8887840319966
0.9999707253470189 0.0070882200995641765 0.002881940366010022 2.1621377331324685 -0.007192128201547809 0.9992593158563113 0.03780334666426108 1.487342759561909 -0.0026118475331055073 -0.037822966722571606 0.9992810422461555 386.4804418192817
0.9999571377676738 0.008575516706002657 0.0034904346191751198 2.167438921276956 -0.008704170159954778 0.9992135899117788 0.03868383659995382 1.527594546809484 -0.0031559560804786837 -0.038712559302204796 0.9992454041143835 388.1078622133242
0.9999491690563441 0.009333666143539117 0.0038133937076120757 2.17210021208249 -0.009476029083692251 0.9991865801144427 0.039196722451873 1.5695949220850722 -0.0034444429812543254 -0.03923086530878692 0.9992242365800538 389.7091297757449
0.9999340339683931 0.010726168087568254 0.0041081648889686306 2.1883191136786184 -0.010878379893608011 0.9991792510259977 0.039019036782474446 1.6038470003557217 -0.003686268674656336 -0.039061152466135375 0.999230022437756 391.34688525506664
0.9999267357259717 0.011183791699993057 0.004630979524448523 2.185615251838639 -0.011358078574043227 0.9991552031066815 0.03949524299568383 1.6424996221426016 -0.004185361063107421 -0.039544947864119245 0.9992090270809797 392.99576056989736
