1.0 -3.469446951953614e-18 0.0 -1.7787691892340307e-19 0.0 0.9999999999999999 -3.5405977195229754e-19 0.0 2.168404344971009e-19 -2.354751593366955e-19 1.0 0.0
0.9999998987722333 -0.00012609343698170503 -0.00043192070481847217 -0.0026443987521826986 0.00012646883295877077 0.9999996142534039 0.0008691940753185074 -0.02467025678481396 0.0004318109757452718 -0.000869248629226804 0.9999995289733451 1.3227987774326777
0.9999995881060699 -0.0007737277044325593 -0.0004744824599192804 -0.013012454622593823 0.0007743168465788475 0.9999989281633145 0.0012426199036532357 -0.042110065877295544 0.00047352054298574193 -0.0012429868158795219 0.9999991153811156 2.6223367692250323
0.999998574875787 -0.0013630863234754369 -0.0009961137275495404 -0.014729452970366406 0.001364253341589199 0.9999983829138002 0.0011717424299412314 -0.07454547244604307 0.0009945150157583285 -0.0011730997344312042 0.9999988173886459 3.9480182332867337
0.9999977278927198 -0.0021000095662353016 -0.0003662946621562689 -0.02730680001642008 0.002100449662212917 0.9999970681744703 0.001204886036047113 -0.08917640686897718 0.00036376334790732927 -0.0012056527043674942 0.9999992070389574 5.259704101446943
0.9999967209930466 -0.002440294425589849 -0.0007765105387715228 -0.02269844288494885 0.0024415283382698046 0.9999957524154379 0.0015918814681693423 -0.11193851653090861 0.0007726226477603345 -0.0015937721510375438 0.9999984314718079 6.585346487379233
0.999993695596282 -0.0035148105401452603 -0.000504855109828116 -0.03229046616383554 0.0035161383768678826 0.9999902982974221 0.0026533142562955767 -0.14744122649964583 0.0004955243592355254 -0.0026550727192008673 0.9999963525162202 7.916494219476213
0.9999932448992164 -0.003656962988690794 -0.00036984069842005765 -0.05086103043341744 0.003658044768775081 0.9999889071101414 0.0029672140957945833 -0.16495532289038178 0.0003589856366917293 -0.0029685470017981404 0.9999955294195808 9.23635358552439
0.9999938421562593 -0.003396500221589884 -0.0008828585215710464 -0.050489063675283094 0.003398667994746885 0.9999911854953417 0.0024653564162600543 -0.19017143612180254 0.0008744772321369718 -0.002468341824743274 0.9999965712841554 10.565290684409659
0.9999996714926107 -0.00034680780936347487 -0.0007326243262201202 -0.07152120926513213 0.00034681589967324074 0.9999999397998417 1.0885148739953266e-05 -0.20963417706086585 0.0007326205690062818 -1.1139231479108264e-05 0.9999997315720578 11.887714111837496
0.9999974377059427 0.0020856155995606623 -0.0008802181721870108 -0.06729099329943236 -0.002086173463731596 0.999997623478478 -0.0006331835690443364 -0.2285264614650972 0.0008788955764181839 0.0006350182446388243 0.9999994121476906 13.22936423994662
0.9999843943490015 0.005559539542774309 -0.0005500605555162025 -0.09889469413172587 -0.0055599387129069335 0.9999842797576837 -0.0007261750207307053 -0.2551333804666947 0.0005460147548735754 0.0007292220009447098 0.9999995850518807 14.565149136871696
0.9999828981527012 0.005844915224303199 -0.00020088829794768517 -0.11756924406301095 -0.0058448974329991694 0.9999829143139927 9.091646892069528e-05 -0.2838873618511372 0.00020141628139925443 -8.974074899287874e-05 0.9999999756892015 15.91614326051291
0.9999908410554783 0.004279441778422132 6.461554990204671e-05 -0.11158113252645567 -0.004279620744061213 0.9999861011677743 0.003079338417450901 -0.31240344811282517 -5.1436804474299215e-05 -0.0030795868079415496 0.9999952567386865 17.25889171623531
0.9999999866347682 -0.00013415966232130025 9.344521289796309e-05 -0.11820148547864776 0.0001336872890351764 0.9999873052481724 0.005037009907774335 -0.33781290506714706 -9.411979403820209e-05 -0.005036997447114335 0.9999873098190888 18.62347860880768
0.9999977754391991 -0.0020992677214677173 -0.00020541299782756328 -0.11426072729296825 0.0020999895904277536 0.9999913910972507 0.003578794664257779 -0.37025936003545235 0.0001978984011018225 -0.0035792181372676147 0.9999935749967557 19.958228492739412
0.9999957349971721 -0.002912144304601046 -0.00022227654004771747 -0.11837487626861745 0.002912379646027809 0.9999951918576272 0.001065036183684208 -0.3707880819050231 0.00021917395184263338 -0.0010656790139260898 0.9999994081455871 21.319583821528088
0.9999996052490586 -0.0008679677960556926 0.0001900928295544748 -0.1336071220868299 0.0008679970227604417 0.9999996115201074 -0.00015342574348623853 -0.4289497872062629 -0.00018995960322198925 0.0001535906867776787 0.9999999701624706 22.66575977033814
0.9999981384527376 0.0017028620164169037 0.000907386561927469 -0.14072045318210902 -0.0017040626318489908 0.9999976717145697 0.0013239103937789972 -0.4186406491151531 -0.0009051300880766723 -0.001325454199481496 0.9999987119539624 24.035863523378477
0.9999961965590075 0.0020816221234996254 0.0018093412277504829 -0.15964615765300394 -0.0020926151976029053 0.9999792348301977 0.00609515152900318 -0.4438850325556291 -0.0017966160012231713 -0.006098914721743865 0.9999797875003384 25.426641185532443
0.9999980804734963 0.00041265577569965257 0.0019154024312208835 -0.14708516629735652 -0.0004254011005217677 0.9999777415848052 0.006658480891504307 -0.4640121725550119 -0.0019126122930587612 -0.006659283054687288 0.9999759976432171 26.796507010929663
0.9999915126880536 -0.0037092971619800408 0.0017932300585474356 -0.15311295224048663 0.003697905831674465 0.99997322490197 0.006314662689225602 -0.5004656426081492 -0.0018166051531736495 -0.006307978018832525 0.9999784544469678 28.168733437153325
0.9999917497919032 -0.0036797268165287104 0.0017204552246708356 -0.1617950733870847 0.0036728507009605 0.9999853226518451 0.0039830443986549864 -0.5036070548984837 -0.001735086631381191 -0.003976692636682213 0.999990587649949 29.53001519786959
0.9999896237628491 -0.003837857490708054 0.0024542259591143188 -0.16619447981597552 0.003833107663690428 0.9999907771250954 0.0019372518616656475 -0.5454693550490163 -0.0024616384268603187 -0.001927824481004106 0.9999951119011005 30.911680172996796
0.999994490009123 -0.0015929336961430542 0.002912476575865266 -0.17988855848133684 0.0015905095154648014 0.9999983869372738 0.0008345057114058536 -0.5430882336496099 -0.0029138014355813424 -0.0008298688043450326 0.999995410527138 32.29764343642225
0.9999942135442755 -0.00015548063911241354 0.003398339037788428 -0.18327738742142102 0.00015994441712055898 0.9999991248529284 -0.0013132825456077038 -0.5927382294597728 -0.003398132161960845 0.0013138185204924966 0.9999933632651477 33.67925256307324
0.9999934122956472 -9.499273711573164e-05 0.003628546029081135 -0.19748501881089398 9.822701216379362e-05 0.9999995980813591 -0.0008911725533430907 -0.5841004407637761 -0.0036284602231339033 0.0008915231243941325 0.9999930197048302 35.07330200648646
0.9999951786564205 0.00011746027969944568 0.0031030421753200756 -0.1938913053091023 -0.00012000322590185498 0.9999996571527402 0.0008193251488193613 -0.6358003608040667 -0.0031029451348545106 -0.0008196935873628891 0.9999948499017858 36.4679151905638
0.9999945732801857 0.0015590235188973137 0.0029022158575204952 -0.20659577011110547 -0.0015651396377391212 0.999996556946506 0.0021062847329687763 -0.6499927342794198 -0.0028989223609708526 -0.0021108157162653355 0.9999935703307254 37.86679157675376
0.9999914642768446 0.0032730076277253037 0.0025216644945045335 -0.20362413799693763 -0.0032794880619797266 0.9999913200323622 0.0025699851222239613 -0.6630657323158329 -0.002513231236140241 -0.002578233005425332 0.9999935181692318 39.261650340067874
0.9999759890517341 0.006214716234179643 0.0030657158079565386 -0.2224296555870965 -0.006223352605903482 0.9999766711540424 0.0028155003280381295 -0.701824827700322 -0.0030481470084435863 -0.0028345118138135734 0.999991337132096 40.66021217986761
0.9999543307410803 0.009038970679255638 0.0031037759499511117 -0.23495799036124895 -0.009049352513447483 0.9999534519199305 0.0033471229162801734 -0.7302325343176974 -0.003073377186802351 -0.003375057289293845 0.9999895816145873 42.08422027958594
0.9999505247329844 0.0095741968722233 0.0026986705010416364 -0.23454050775815932 -0.009583305549801578 0.9999483580260617 0.0033825369971205166 -0.7393758618358387 -0.0026661462843858078 -0.0034082319015274515 0.9999906377644187 43.47558935572165
0.9999589101742988 0.00875470242503784 0.0023522611238550152 -0.24716533745030073 -0.0087622289211478 0.9999564637578847 0.003208418880823639 -0.7635551787548978 -0.002324070157030198 -0.0032288981663548227 0.9999920864247194 44.900627754877654
0.9999654527935022 0.008180271930020543 0.0014752474576521244 -0.2396092056863972 -0.008184197327409527 0.9999629326670876 0.0026743640491175306 -0.7881079031486055 -0.0014533158701625646 -0.0026863454316399613 0.9999953356989498 46.29802341186658
0.9999697204080621 0.007762189004770911 0.0005537807877500902 -0.2508456863201941 -0.007764047974035584 0.9999639537070487 0.0034366933857816937 -0.817910427099647 -0.0005270846046424081 -0.0034408889780460825 0.9999939412140316 47.72908362598257
0.9999659121515372 0.008244604031385272 -0.0004483534152656841 -0.2595267275015534 -0.008242576365347832 0.9999565610480032 0.004351547852537407 -0.8400998556441871 0.00048421077215069115 -0.004347704022769697 0.9999904314599131 49.12789119618923
0.9999570604196609 0.009180327686930691 -0.001264467461054845 -0.27836562990710184 -0.00917450793656531 0.9999476326641199 0.00453435252793586 -0.8690530371132734 0.0013060281997719389 -0.004522557055216227 0.9999889203242159 50.555019663605925
0.999954366851612 0.009227897327468898 -0.0024718617420073623 -0.2854218030184988 -0.009216135662057789 0.9999463514809224 0.004728321351824625 -0.8846382664701518 0.0025153618100502333 -0.004705324672337234 0.9999857663387862 52.000928843745406
0.9999441800849205 0.009975190057348907 -0.0034831406202604736 -0.3029416199502629 -0.009953876442375 0.9999319509517155 0.006083899295724585 -0.9143185220689296 0.003543591951356702 -0.006048889071362002 0.9999754266506476 53.41011019594016
0.9999536409144896 0.00854033671802384 -0.004447318686322115 -0.30944799263882206 -0.008509727843519792 0.9999402833356738 0.0068566982725202594 -0.9350538543898868 0.004505612005050298 -0.006818535075202245 0.999966602967514 54.86566213449817
0.9999709223336429 0.005923249239514752 -0.004803080723535231 -0.32269080419900364 -0.005885968024897579 0.999952727790295 0.007739352342810107 -0.9418906656267265 0.004848696199796322 -0.007710856681404098 0.9999585155625639 56.26454541003048
0.9999738484888383 0.004839502713296857 -0.005374154059015723 -0.3360822985441414 -0.00480018214907828 0.9999617924020205 0.007305613915764828 -0.9777361488280526 0.005409304726583368 -0.007279626096125936 0.9999588723938213 57.69437353299466
0.9999802754146248 0.0033122110663019004 -0.005336480381937358 -0.35550570383391367 -0.003271417348236213 0.9999655014850531 0.0076350292781791835 -0.9924717151192879 0.005361585568812467 -0.007617420982927067 0.9999566132141109 59.145207289098444
0.999982699199733 0.0030241702898570616 -0.005045362215466842 -0.36178275624504413 -0.002981455747991379 0.9999598340930547 0.008452285197071903 -1.0208327985905639 0.005070721148849066 -0.008437096614328935 0.9999515504264694 60.54402296874977
0.9999897321383406 0.001056994125890818 -0.004406628090403354 -0.3821443827250257 -0.0010158807016430798 0.9999560356051479 0.009321740286548433 -1.0330381236709871 0.004416287761084135 -0.009317168151812587 0.9999468419828571 62.00158599055499
0.9999908305331802 -0.0014190287083019944 -0.004040445730047099 -0.3925638269877636 0.0014546801371043087 0.9999599179404547 0.008834388109840118 -1.044359961182625 0.00402774787795248 -0.008840184835787357 0.9999528130814129 63.399355941796614
0.9999909172012778 -0.0021646380724898735 -0.003671491988205812 -0.4050706740401254 0.0021940315526208787 0.9999654260265948 0.008020783715662609 -1.0694372412544217 0.003654003271788689 -0.008028766393325643 0.9999610928328247 64.81956348591521
0.9999934577017693 -0.002114689037291397 -0.0029347302882466557 -0.41143527481138586 0.0021383325753247806 0.9999650958476454 0.00807679482669921 -1.0933290965514044 0.0029175481977520437 -0.008083017575342029 0.9999630756917952 66.26880313099316
0.9999971417081487 -0.0006023793505917502 -0.002313808897053061 -0.4264074683519875 0.0006206439758662547 0.9999685929146297 0.007901138026585229 -1.1105889451476902 0.002308976946242058 -0.007902551651553898 0.9999661085802709 67.63770192005455
0.9999949825583645 0.002701302823389903 -0.0016546339532161674 -0.4492227290010694 -0.002685438892625825 0.9999511157535941 0.009516014019767708 -1.1363935342022324 0.0016802588527434178 -0.009511523046255823 0.9999533527447334 69.11316546154366
0.9999814408045925 0.0060411351961714745 -0.0007891251206961261 -0.46354790294848863 -0.006032464789697097 0.999926010304468 0.010563299371007535 -1.1533630369946737 0.0008528811334175705 -0.010558343168586396 0.9999438954202942 70.47491541563207
0.9999521462258514 0.009780426323825668 0.00022022137803503908 -0.4864806679375008 -0.009782320467424645 0.9998852041570546 0.011570857004661273 -1.172134258016087 -0.00010702818340169369 -0.011572457807070037 0.9999330311422406 71.92520411737179
0.9999040074741173 0.013839324300374493 0.0006700045998885209 -0.49292995026825526 -0.013846010271736774 0.9998403907785611 0.011290748336818378 -1.1815262063737304 -0.0005136413682717892 -0.011298941632820433 0.9999360330010074 73.29094042350587
0.9998408242344281 0.017792077476766165 0.0013297088774627303 -0.5092059828073208 -0.01780531011285641 0.999784135859239 0.01070759830666302 -1.2021963663162443 -0.001138911510977467 -0.010729570019609558 0.9999417879105906 74.6901399384492
0.9998268777856164 0.018484328443433323 0.002131668388339667 -0.521261099292022 -0.01850605071980241 0.999771866270275 0.010664968332180967 -1.2014881939031634 -0.001934047461284823 -0.010702570976092353 0.9999408554689339 76.13662055548936
0.9998153574274329 0.01905098266472271 0.0025121824279886115 -0.5316203861501304 -0.019077894812147722 0.9997556839888317 0.011162719735622514 -1.2204730278971514 -0.0022989080677764673 -0.01120858600808771 0.9999345391685749 77.50072625789247
0.9998322953836207 0.01812016055158055 0.002653458536357541 -0.5353562237637337 -0.018149400480844943 0.99976978929793 0.011444112713070925 -1.2468595268290132 -0.0024454787205363125 -0.011490352402538578 0.9999309933372215 78.91958704784727
0.999850608932178 0.017125845858640396 0.00233777197720003 -0.5413536165392714 -0.01714921909200224 0.9997991299839304 0.010373235323545104 -1.2601246667919181 -0.0021596521348215066 -0.01041177683524371 0.9999434638050211 80.29072815441856
0.9998516730703291 0.017099323024388817 0.002060331670076622 -0.5440951880542527 -0.017120173192687847 0.9997976037677877 0.010566513757490641 -1.2822823802510017 -0.0018792345860001074 -0.010600219914472003 0.9999420502289975 81.6710635812742
0.9998631545236053 0.01646386591621065 0.0016165714005333097 -0.5545952785367776 -0.016480699745714724 0.9998034633356895 0.011019132366463942 -1.292070038154439 -0.0014348362805119367 -0.011044266905040175 0.9999379807844212 83.08583105478353
0.9998614890829555 0.01658517028131508 0.0013909466937807782 -0.5699052396742504 -0.016598593259535645 0.9998095101225074 0.010267921480621748 -1.3030397560781137 -0.0012203866021396523 -0.010289587234334862 0.9999463160854194 84.42619940528627
0.9998625412322462 0.016572146478938003 0.0005124038182780224 -0.5740441953297488 -0.016576656171374292 0.9998061951597775 0.010620105044514397 -1.3153177325741927 -0.00033630659634891055 -0.010627139381758337 0.999943473807187 85.84015145519835
0.9998693208539668 0.016152773224893682 -0.0006550480458408429 -0.585149355238116 -0.016144234887060578 0.9998043206240275 0.011431718164567619 -1.3304272216881072 0.0008395738967340814 -0.011419649266021476 0.9999344412169163 87.1993592262262
0.9998867420484773 0.014953900549446557 -0.0016982026893690772 -0.5925964341378607 -0.01493085315049331 0.9998058476021495 0.012858334192144612 -1.3512720184412002 0.0018901553991745907 -0.012831522534478097 0.9999158861375431 88.57806997716696
0.99991418459623 0.012808041981452734 -0.002752720024651817 -0.5975653093355187 -0.012769569815203483 0.9998264247321835 0.013566816856340508 -1.3666345183287343 0.002926006837798371 -0.013530501842810898 0.9999041774163016 89.95908557730877
0.99992398889663 0.011771121240147023 -0.003668391871002593 -0.6091164675894003 -0.011719272161060602 0.9998354192934736 0.013848935277803735 -1.3851637998162034 0.0038308059548342824 -0.013804892006445824 0.9998973696811284 91.32333265385626
0.9999309903342167 0.010998117052819074 -0.004129885837442303 -0.626338999572663 -0.0109426211317212 0.9998526261178303 0.013228193684467366 -1.3932659081499703 0.004274762793891575 -0.013182089306922174 0.9999039748585594 92.70942571072551
0.9999450174829292 0.009573074944114116 -0.004279978687504683 -0.6377435194415365 -0.009514670242047203 0.9998640814401011 0.013464386799594105 -1.4218258416759226 0.004408292925656212 -0.013422924183342093 0.9999001910559383 94.0229584750873
0.9999485601822014 0.009057880314488542 -0.004564182834868301 -0.6560912325181875 -0.008999572157203452 0.9998796390105527 0.012637848233709375 -1.4171483011665849 0.0046781060069899 -0.012596122711346223 0.9999097224403634 95.4237441426707
0.9999556844735934 0.00828878168954774 -0.004463760812956642 -0.6663090341654125 -0.008232851747346401 0.999889152032024 0.012405797584600142 -1.4271743863802637 0.0045660953573523535 -0.012368498587982642 0.9999130817373065 96.76082154860102
0.9999471498153504 0.009351744116789493 -0.00427111568201988 -0.6803298799199174 -0.00930065786230697 0.9998867891611631 0.011828213750364441 -1.4457717913665054 0.004381246952977487 -0.011787864684496515 0.9999209223403931 98.1048944741054
0.9999278705934225 0.011371969287559113 -0.003864180504034969 -0.7062512447752258 -0.011325329021752513 0.9998652341925067 0.011884881061997513 -1.4519729122767608 0.003998814593849807 -0.011840260942303019 0.9999219058079364 99.47188424250457
0.9999238657129669 0.011740801895254137 -0.0037968820666892554 -0.7135119657358108 -0.01168932488633111 0.9998431266738703 0.013307206659196451 -1.4652865848448247 0.0039525240583426265 -0.013261810810067044 0.9999042463857832 100.81025855714421
0.9999232995969695 0.011808894474389863 -0.0037342869812082456 -0.7353958275175252 -0.011751699034015564 0.9998186656676424 0.014984437718549652 -1.4753825570877934 0.0039105598123524215 -0.014939404496105035 0.9998807537546901 102.15069804590112
0.999930144823555 0.011280526553139074 -0.0035291869848482725 -0.7487116768276714 -0.011229720110793935 0.9998375387852704 0.014099270989173553 -1.4927856077543722 0.0036876611519083115 -0.01405865458878423 0.9998943721209037 103.49217008979204
0.999929273359635 0.01139602258103579 -0.003402780430864582 -0.7619383575217509 -0.011355420013403976 0.999866811539435 0.011722356444902222 -1.5034721890412213 0.0035359157660767655 -0.011682887602879338 0.9999255009488254 104.81696618996703
0.999947048032511 0.009616613050939766 -0.00366358514487025 -0.776111331811082 -0.009576867009110082 0.9998967156434713 0.010716421107256908 -1.5218833562842682 0.0037662627552308902 -0.010680768204909753 0.9999358661764932 106.14652370981337
0.9999549757578584 0.008933294676280438 -0.0032004183876721834 -0.7858334699151481 -0.008895101069171114 0.9998913317165952 0.011755932549717792 -1.5333838822813928 0.003305090101587209 -0.011726935443406777 0.9999257749327537 107.50033399436268
0.9999829475441646 0.005156678583715584 -0.002741034827069449 -0.7942063000665731 -0.005118426814973278 0.9998918981978149 0.013783817672268916 -1.5354441621038903 0.0028118174820750816 -0.013769553115796555 0.9999012416734324 108.82471907111372
0.9999896066438974 0.004132146433964946 -0.00192664447612967 -0.8104057170986605 -0.004102738713964862 0.9998786893364732 0.015025782742153819 -1.5559753911184637 0.0019884996680932733 -0.01501772235573856 0.9998852503633688 110.17020978647584
0.9999929664305759 0.0035334824297549973 -0.0012576099065668468 -0.819959802845419 -0.0035159444760501247 0.9999001768111341 0.013684829133514455 -1.5646540008740946 0.0013058395924150003 -0.01368031146711664 0.9999055674756644 111.48000576585845
0.9999894758075265 0.004560945030530555 -0.0004960292994504274 -0.830509648358253 -0.0045548402885663124 0.999921393116517 0.01168165323391182 -1.5777600407505084 0.000549269741968473 -0.01167927119384087 0.9999316441298746 112.82142163553857
0.9999692015973788 0.007827007629541274 0.0005777477093818423 -0.8344916382338192 -0.007832240177802178 0.9999223767855703 0.009690017065949524 -1.5977524796062417 -0.0005018590603058529 -0.00969424388438053 0.9999528837777312 114.17355528377394
0.9999406129991105 0.010706493377841087 0.002035055877488858 -0.8519248540088487 -0.010724369330008317 0.999902118003157 0.008985673999555837 -1.596281164485896 -0.0019386517801977731 -0.009006965242310445 0.9999575572025723 115.4817542310406
0.9999281467696226 0.011460999004367737 0.0035137980673074784 -0.8647360503335546 -0.011500069253691137 0.9998699306755509 0.011307968918691028 -1.6125305413040092 -0.0033837406869426188 -0.011347565555394104 0.999929889069591 116.85019620081762
0.999924630459792 0.011458030819922846 0.004409864796775889 -0.8720172022140935 -0.011516891288937509 0.9998417077341878 0.013561737051760461 -1.619837319027918 -0.004253776297374394 -0.013611503116930051 0.9998983110149361 118.15127990000309
0.9999239149094477 0.011116143311000316 0.005347497519267833 -0.8723921867585218 -0.011192571089261402 0.9998324985756464 0.014481062267153453 -1.6344500576991712 -0.0051856286695438104 -0.014539813011221866 0.999880844447598 119.51813913231025
0.9999132935592345 0.011563052768510213 0.006300885096414335 -0.8724600921025506 -0.01164965791027414 0.9998357192118955 0.013885967032667439 -1.6447456724137188 -0.00613928632077436 -0.01395816646476494 0.9998837326168404 120.82840300764298
0.9998787883418478 0.013498018622758649 0.007759644985692629 -0.8703856792634586 -0.013603567818164393 0.9998134133087452 0.013714282293094696 -1.6556062149857338 -0.00757308213108218 -0.013818179095532202 0.9998758454689418 122.14488371021743
0.9998474570603358 0.015077397391216591 0.008816726463558057 -0.8730891685347637 -0.015192092537943142 0.9997989093281343 0.013089738913266827 -1.6574518380586927 -0.008617595025268675 -0.013221686955460072 0.9998754542682604 123.5177215769839
0.9998210866028624 0.016026457363019143 0.010047258968009983 -0.8769922190359095 -0.01615197986682848 0.9997909218490135 0.01253898611395077 -1.6712872418205371 -0.009844203601984874 -0.012699026100474221 0.9998709048618977 124.83699056548676
0.9998067129493787 0.016198364316772643 0.011142248336905986 -0.8699628146661478 -0.016331979151945727 0.9997945277237932 0.012007032507355724 -1.6726342464775934 -0.010945465542981217 -0.012186686914694338 0.9998658317213432 126.17334341940415
0.9997972455739648 0.01620745042422306 0.011949320326566218 -0.8648095484268539 -0.01634411550338186 0.99980109930836 0.011429424732109634 -1.6908650407150554 -0.01176170274931943 -0.011622408669177403 0.9998632816354727 127.51603128224016
0.9997882530942619 0.01596085047720623 0.01298846372322446 -0.8635926034442037 -0.016121249989620962 0.9997938966779512 0.012339752930699291 -1.6999221698019022 -0.012788834877849254 -0.012546530545965138 0.9998395022564895 128.83908525139623
0.9997770170942611 0.015921735554515683 0.013871351399378883 -0.854038513265146 -0.016105837716689157 0.9997823238855731 0.013262988910364735 -1.7130055840100067 -0.013657163279636921 -0.01348344149194035 0.9998158223876265 130.2127705457275
0.9997953014195523 0.014430967615110528 0.014181057816308374 -0.8375376808660823 -0.014628574901417427 0.9997959449274888 0.013931020585527795 -1.7189156969775397 -0.013977127163271314 -0.014135617870119611 0.99980239258782 131.5411611299727
0.9998232789531408 0.012331769031813815 0.014189373160931497 -0.8277248952208762 -0.01253575280554291 0.9998180509304992 0.014377759193432496 -1.735550683793183 -0.014009489385058882 -0.014553093100062895 0.9997959500264729 132.89117078594793
0.9998469103064863 0.01048876155686942 0.014005063806560735 -0.8164494339607755 -0.010700982810997113 0.9998277384713915 0.015165169569268905 -1.7286067284080957 -0.013843588583481854 -0.015312716183738478 0.9997869151872086 134.21826664586249
0.9998653708619392 0.009388297519871613 0.01345734019366942 -0.8008309237250706 -0.009594140153044623 0.999836706219531 0.015313829875758321 -1.7526434747189437 -0.013311373015728649 -0.015440880096633478 0.9997921716893584 135.55360374015882
0.9998837154038617 0.009045599546106826 0.012277328090547412 -0.7960863170684811 -0.009226373307740853 0.999848670073253 0.01474825421449671 -1.7578820199413903 -0.012142064376443077 -0.014859814721820477 0.999815861135963 136.90580780718227
0.9999261149940604 0.004700020837547914 0.011210457371059166 -0.7845955631096203 -0.004880498593814735 0.999858050337181 0.01612637316534065 -1.7490619778626026 -0.01113307268859242 -0.016179894603033942 0.9998071142493573 138.2257506434318
0.9999377327380773 0.004625085365510028 0.01015574861395043 -0.7699560638394847 -0.004791097246950665 0.9998543018828445 0.016383540374411 -1.7599268284198748 -0.010078494506439068 -0.01643117771462545 0.9998142029136312 139.56002441559852
0.9999566041253473 0.0030067300534102424 0.008817564399383665 -0.7714312938498735 -0.0031548050626745983 0.9998534284876704 0.01682761849789077 -1.7713659566953786 -0.008765676616742145 -0.01685470627284179 0.9998195246096245 140.9261101630532
0.9999666917614821 0.0028713860825158232 0.007640059627860804 -0.7708117536831545 -0.002996695219734797 0.99986034709835 0.01644098889852581 -1.7716828332899854 -0.007591784873131367 -0.016463336528816347 0.9998356481709327 142.25652477379234
0.999972651370092 0.003296515412687946 0.0066203850615340265 -0.7641677524311936 -0.0034023988249279003 0.9998654585332915 0.016046448616671018 -1.7755047294843953 -0.006566597522212512 -0.016068535272524262 0.999849329635148 143.59974242199104
0.9999827337033969 0.000947918563932575 0.005799461174415663 -0.7522299324038692 -0.001029025331628887 0.9999014901632888 0.013998252464830467 -1.7893213934795864 -0.005785621144748151 -0.014003978831339395 0.9998852009928221 144.96044001214204
0.9999835121696292 -0.003408056116998853 0.004621747771604084 -0.7703955183868675 0.0033471099749142474 0.9999081813169107 0.013131099744426498 -1.8055805389483477 -0.004666075317100644 -0.013115413995106632 0.999903102133717 146.26686367190658
0.9999289092148759 -0.011403060749676897 0.0034852168273739794 -0.7585088464571923 0.011346146771135816 0.9998086414043602 0.015935667843360715 -1.810071207313743 -0.003666265585856288 -0.015894991484144028 0.9998669450206499 147.66129073233628
0.9998258841621179 -0.01856005658508438 0.0019301993477981614 -0.7512690477209898 0.01852258806507684 0.9996683079456677 0.01789379233961935 -1.8186987317563073 -0.0022616690896956624 -0.01785492479544547 0.999838030142421 148.95898963493156
0.9997920067879864 -0.02036690762194924 0.0010640698132865305 -0.7232667241581262 0.020348934425978363 0.9996832778325003 0.014807595269292345 -1.8316811824516939 -0.0013653178256432382 -0.014782862977809199 0.9998897953643454 150.26447594249748
0.9998125301001645 -0.019330566958400415 0.0011107855846351036 -0.7456636687746088 0.01931604796649644 0.9997430721630376 0.011860857544513406 -1.8470781061222636 -0.0013397773960413472 -0.01183717822053313 0.9999290405877508 151.66062624823766
0.9998718219621288 -0.01586675538794214 0.0021414322297654375 -0.7510613921522338 0.015845773925970384 0.999829474489102 0.009483321105778533 -1.8549088960042994 -0.0022915367820236683 -0.009448173073511732 0.9999527393255568 152.980330067568
0.9998592591137568 -0.016499495617182912 0.0030378647031413996 -0.7586593091144767 0.01646927640295172 0.9998171473996902 0.009717751188264588 -1.8650077692636797 -0.003197647476001104 -0.009666352245173912 0.9999481669986483 154.34631085749373
0.9997929521926312 -0.02005882332613261 0.0034199946692256497 -0.7614218797846627 0.02001491063025404 0.999722480491358 0.012424384963536967 -1.8603224831655747 -0.003668264395403342 -0.01235336185936271 0.9999169656962623 155.67754784571898
0.9996013146137186 -0.027981801105292976 0.0037723505671096993 -0.7598230150254406 0.02791943076337252 0.9994871772377162 0.015680813819202954 -1.8692617456703884 -0.004209193774279392 -0.015569240509455844 0.9998699322609697 157.00846866246212
0.9994620956347545 -0.03258579045939467 0.0036994105263199817 -0.7471583424636992 0.03251913278761265 0.9993292491186537 0.01683917656240881 -1.8579495876525536 -0.004245647365119573 -0.016709817374663875 0.999851367196357 158.34962657072606
0.9994548941755107 -0.032816214846766244 0.0036070125843651706 -0.7387098439298914 0.032749500086454414 0.9993152995140653 0.01721634136897819 -1.886382262186321 -0.004169518354276374 -0.017088829090410703 0.9998452815511237 159.68835100357148
0.9994985912979777 -0.03132496710920664 0.004616537839272133 -0.7438872358359157 0.031240567896320487 0.999361428418323 0.017342500171387963 -1.881780384104177 -0.005156843516298338 -0.017189581537726668 0.9998389496583235 161.0636511298802
0.9995482183301782 -0.029470332365242588 0.005904129150586064 -0.7495483441597861 0.029364788103422065 0.9994202525736351 0.01722985681893984 -1.8714388296974254 -0.006408476379457791 -0.017048699492286757 0.9998341228812051 162.4038239782943
0.9996101834246046 -0.02706734778787891 0.0068439667344035665 -0.7528876027793829 0.026957182765146453 0.9995131815722537 0.015707009822979692 -1.8777343823385149 -0.0072657826622482225 -0.015516393187312419 0.9998532141993428 163.7526318159696
0.9996343355994299 -0.025974050602293863 0.007519560578566859 -0.755281526454341 0.02585776979783888 0.9995505391491479 0.015168896565277635 -1.868821426249422 -0.007910179171814578 -0.014968911042115526 0.9998566701118247 165.09847635133198
0.9996487093119192 -0.02534861964333609 0.007739861730474782 -0.7568972961171959 0.02521826620557931 0.9995458060502145 0.01649911058937313 -1.8686252015129066 -0.00815457668490741 -0.016298129007154324 0.9998339231443949 166.44508542566822
0.9996797406965248 -0.024141505468392492 0.007589714285521033 -0.7500543825886965 0.024013773488267574 0.9995755684245569 0.016493079848734656 -1.872997436000536 -0.007984661408246871 -0.01630554040318992 0.9998351736835175 167.77677619033753
0.9997165596289491 -0.02270954648276205 0.007146811343692662 -0.7486753631881726 0.02260411729358984 0.9996393013451659 0.014502450767295888 -1.8762790715097972 -0.007473578196535576 -0.01433679308450118 0.9998692924538106 169.17216979400294
0.9998174124281783 -0.017910639828831273 0.006659639717346136 -0.7543641790415996 0.017833167156076912 0.9997746521038648 0.01151621237710596 -1.8933496101088119 -0.0068644022831730375 -0.011395347396881434 0.9999115091029018 170.57182545649331
0.9999280324235172 -0.010116993938557322 0.006447978247507627 -0.7595279473538085 0.010053122832140547 0.9999008298594745 0.009862309807922407 -1.9213559537783633 -0.006547116273776391 -0.009796777904065183 0.9999305767941615 171.92079900673713
0.9999551844250057 -0.006575214888634063 0.006811439285109978 -0.7631562701405181 0.006499414809735713 0.9999173657316374 0.01109140675394529 -1.9316431443424145 -0.006883805381971715 -0.011046639523897986 0.9999152888999799 173.27400047024585
0.9999713942995808 -3.807911556051244e-05 0.0075636723449579195 -0.7746717022303049 -6.550234766789821e-05 0.9999062322788518 0.01369388016279792 -1.960448961854176 -0.007563485195591704 -0.013693984141777294 0.9998776267567209 174.68381431414528
0.9999705865503917 -0.0013432077081942644 0.007551280416738981 -0.7758299713598669 0.0012239611511357523 0.999874832282006 0.01577408251629888 -1.9545172038110457 -0.007571523736464986 -0.015764376375764486 0.9998470665386169 176.0233187983917
0.9999684870304717 -0.0042744078906885915 0.006689872600510393 -0.7727059018844993 0.004158462727061624 0.9998425517196858 0.01725047665089973 -1.9516602713338744 -0.006762555422390395 -0.017222113781961427 0.9998288186697432 177.46205444775336
0.9999674172275281 -0.006119664605734602 0.005264427953327962 -0.7705152198316478 0.006026320549415286 0.9998275103240447 0.017567955034975238 -1.9574081606403533 -0.005371030325801155 -0.0175356578285029 0.9998318122265624 178.86039017301323
0.9999691441037672 -0.007224134538145022 0.0030858925536189526 -0.7678976623513444 0.007180649248768101 0.9998779151355996 0.013877791127941139 -1.96667660685199 -0.003185771100562791 -0.013855204469170126 0.9998989369797207 180.19751366400675
0.9999862218115052 -0.005062145431074812 0.0013895608405384654 -0.7817679549109748 0.005049014091858765 0.9999440402972202 0.009296435947144431 -1.9775213980567363 -0.0014365431054044467 -0.009289292124876806 0.9999558217224568 181.61250065763284
0.9999993334766002 -0.0006215325160110717 0.0009730087785606693 -0.8127078442992152 0.000613138871546336 0.9999628038865042 0.008603191301976098 -1.9847563157319712 -0.0009783198252136316 -0.00860258914652505 0.9999625184733104 183.00897368683036
0.9999851286000829 0.005415049110667199 0.0006479290453980271 -0.8298446949763372 -0.005420819472926431 0.9999424115474966 0.009262198039640943 -1.9982787886875226 -0.0005977365182709994 -0.009265572790457439 0.9999568950079645 184.33773409087317
0.9999850706482056 0.00536507775839499 0.0010365385899384317 -0.8245991051881715 -0.005378035044788135 0.9999019370153299 0.012930316992468431 -2.0009380479101946 -0.0009670648593798159 -0.012935698750358427 0.9999158627039682 185.78472098114284
0.9999697108361278 0.007643444752816265 0.001468042390652407 -0.8398955252911053 -0.007664938567791699 0.9998544800693788 0.015240321893199503 -2.0260108739570617 -0.0013513403051925096 -0.015251113036679247 0.9998827818475614 187.15553420640725
0.9999896954335818 0.004257462163696818 0.0015757654253143595 -0.8419260992325794 -0.004282494066235106 0.9998589773938537 0.0162383980167446 -2.011543549189862 -0.0015064089560795936 -0.016244979215393966 0.9998669068368998 188.61081617481472
0.9999928834019437 0.003490261994391654 0.0014322053715979531 -0.8421115171682543 -0.003514038434234341 0.9998501842176651 0.016948765508428502 -2.022434741531154 -0.0013728352750859922 -0.016953678051304228 0.9998553336007239 190.02611210875693
0.9999987933351205 0.00031370027592247246 0.0015214867915710833 -0.8464882944662857 -0.0003404775695094106 0.9998445001501144 0.017631210583401155 -2.0232231443034676 -0.001515719398863122 -0.017631707687084282 0.9998434004808352 191.38063880322525
0.9999979052554312 -0.0007215227784879274 0.0019154355622576366 -0.8535533330085907 0.0006879220242743695 0.9998468855174709 0.01748520159573918 -2.0253168350098796 -0.0019277584013244126 -0.017483847640877462 0.9998452874444681 192.83102023968684
0.9999908317883298 -0.0036438347968357175 0.00224918103875684 -0.8556114538597355 0.0036020214050238603 0.9998256349253711 0.018322804748858276 -2.022424079413149 -0.002315554314316276 -0.018314535519559277 0.9998295934822313 194.19382251123758
0.9999591295004271 -0.008675698456305706 0.0025439334969059543 -0.8538885882312293 0.008623018021925869 0.9997620802016793 0.02003563154578474 -2.020041234072988 -0.0027171515553123565 -0.020012876680718935 0.9997960301288261 195.65078562364442
0.9999201724633855 -0.012320022542400643 0.002804596084271178 -0.8501994235248451 0.012259027109917572 0.9997081698523196 0.020815651891683554 -2.031618855038008 -0.003060227160106117 -0.020779609007680902 0.9997793971004486 197.06268234545774
0.9999520101289815 -0.009324208042160815 0.003006093275219088 -0.8604558096826624 0.009271054243515276 0.999808463411461 0.017236125625332943 -2.047962395651603 -0.0031662309725633596 -0.01720742914151089 0.9998469279683964 198.48199610238876
0.9999897358808164 -0.003063847648720624 0.003337810532278395 -0.8773896497574997 0.0030233450274862583 0.9999225509942252 0.012072754005204182 -2.0494029655386035 -0.003374541376351546 -0.012062538968798943 0.9999215507350325 199.91055302717703
0.9999633856559528 0.007067226486838295 0.004825106003619882 -0.8872723987520398 -0.007121916884353161 0.9999095073044293 0.011412953725876607 -2.047783947499518 -0.004744011830010529 -0.011446900079143518 0.9999232284675728 201.36248876732884
0.9999015246557956 0.012603724739981613 0.0061714738199231105 -0.9099015646175184 -0.012695190960064013 0.999806704371663 0.015012862628451355 -2.04332140425676 -0.005981063406936651 -0.015089732572484952 0.9998682547474234 202.7953008197726
0.9998738894398668 0.014161807784286232 0.0071866812408139654 -0.9043254046954725 -0.014284771394954304 0.9997473065541773 0.017357084192486733 -2.0463203196677298 -0.006939058096740878 -0.017457555728773035 0.9998235260396308 204.24334222621155
0.9998890820722008 0.013292881823506256 0.00671735208364049 -0.9031114755084707 -0.013410959382468515 0.9997507364078164 0.017849684727986762 -2.048012287293056 -0.006478404476494575 -0.017937791372353233 0.999818116418344 205.70163152241693
0.999934960624288 0.010091638221430718 0.005313505625411112 -0.8952811644208303 -0.01018679649705748 0.999782525911463 0.01819697978384736 -2.054440242013922 -0.005128713158259347 -0.018249924227388754 0.9998203021394809 207.14361017500033
0.9999576817823217 0.00820942712799236 0.004152100423112499 -0.8927977383327123 -0.00828239268832125 0.9998059734655464 0.01787225231898012 -2.055841022904023 -0.004004574176934545 -0.017905885679248036 0.9998316571541174 208.57948524215976
0.9999612343590861 0.008003214764120718 0.0036712831265679332 -0.9044012100389585 -0.008066054681664304 0.9998154884640392 0.017433525118794885 -2.051688496019457 -0.003531081771689166 -0.01746246241490516 0.9998412843405926 210.07081776737667
0.9999485844555442 0.009520944026997215 0.0034899932850715994 -0.9098808970377352 -0.00958072723131891 0.9998003792418444 0.01753314992909422 -2.0596236066942426 -0.0033223647380766852 -0.017565685477149384 0.9998401915258609 211.5282210257333
0.9999365688521801 0.010743695511678029 0.003381014363084622 -0.914854148029403 -0.010803824228798735 0.9997741886832313 0.018298880856171044 -2.055267978610493 -0.0031836535425945724 -0.018334248389047694 0.999826844854207 212.964470020969
0.9999416701695227 0.010387173937737136 0.0029602121655094805 -0.9267300277659152 -0.010439498651512762 0.9997790364210022 0.018245416293654528 -2.0654931619600414 -0.002770039973836521 -0.018275255538425253 0.9998291563656888 214.40776636410166
0.9999372953920347 0.010860583457783412 0.002730016345657166 -0.930673098260523 -0.01090720358911035 0.9997841148078795 0.017684928733203504 -2.0698119320534163 -0.002537358531925951 -0.01771359700614627 0.9998398823301398 215.8691078414775
0.9999495269877212 0.009742664860629916 0.00245437154593311 -0.9360883167744594 -0.009783607139932544 0.9998031441575117 0.01726134345133165 -2.064148298359135 -0.0022857170840988005 -0.01728448517258523 0.9998479994853373 217.3498049722076
0.9999376742597926 0.0110022661399415 0.001896763704580921 -0.9356572549797639 -0.011033751863572595 0.9997864044199233 0.017475751029983607 -2.0750758767827944 -0.0017040858309976235 -0.017495590612797304 0.9998454882663491 218.8084788390279
0.9999221014991799 0.012365717441197986 0.0016970379925378054 -0.9448255203488234 -0.012392911315201819 0.9997773672037331 0.017077230397338317 -2.0812151925398483 -0.0014854880829655972 -0.017096931693269844 0.9998527332851436 220.2890842685224
0.9999470669565245 0.010160481019363718 0.0016210766582345592 -0.9511346666105738 -0.010186654133057886 0.9998027677097255 0.01704868829406857 -2.0760646024712646 -0.001447534164957551 -0.01706429954528578 0.9998533464122799 221.79405515056754
0.9999271346608022 0.012013609352675007 0.0011825955128515705 -0.9601595938090797 -0.012031876305372013 0.9997849772364062 0.01688885033728538 -2.0846310021890346 -0.0009794452474119295 -0.01690184890994136 0.9998566738272545 223.27720688663584
0.9999371667072724 0.011179877384620833 0.0008203377365502266 -0.9688138787953676 -0.011192160177261936 0.9997942166471382 0.01691921770096787 -2.0782108195504314 -0.0006310141857285981 -0.01692733630383774 0.9998565232640821 224.7747016691718
0.9999178128227216 0.012816882805173763 0.000308356845770225 -0.9831129487837333 -0.012820294463362018 0.9997692952685715 0.017233580911916815 -2.094880158790776 -8.74049138026487e-05 -0.017236118107574295 0.9998514432659535 226.23406582944017
0.9999180406283343 0.012796559900823318 0.0004000623199891787 -0.9892818454840262 -0.012801607162457264 0.9997644559273878 0.01752573938402273 -2.1070011918191933 -0.0001756989153500906 -0.017529424781253838 0.9998463323955746 227.74282519834094
0.9999182579747169 0.012773530181813049 0.0005605934112776249 -0.9944554225308981 -0.012781198525174928 0.9997746782183163 0.01694797276438854 -2.111698632559132 -0.0003439816719287775 -0.01695375280210891 0.9998562156380103 229.25367575355077
0.9999434728345435 0.010618702915211756 0.0005424575636929104 -1.0092395704333104 -0.010626653852724061 0.9997863072824603 0.01773172338280137 -2.1129262985164297 -0.0003540537579675405 -0.017736485924923884 0.9998426334784017 230.74328165513074
0.9999380812168743 0.01109214488651375 0.0008933249169084821 -1.0084109589294903 -0.011106687307793786 0.9997695755005289 0.018369469702751915 -2.1235601340230783 -0.000689362297663861 -0.018378254538221422 0.9998308679711054 232.2381518925192
0.9999510168399905 0.009872245642608794 0.000708988929003817 -1.0164803511335867 -0.009883879735747794 0.9997726995754814 0.01889068864454921 -2.1167225083272685 -0.0005223342863933014 -0.01889677125981756 0.9998213036396281 233.7520321978206
0.9999544301595619 0.009509081245642266 0.0008455519073933455 -1.0196790030429974 -0.009523278843109963 0.9997785138820959 0.018767800920873184 -2.1138862539591674 -0.0006669001274489566 -0.018774998478558916 0.9998235117683669 235.21294142449057
0.9999384875609154 0.011025704596552183 0.001206195854870768 -1.0293907074305426 -0.011046216403138754 0.9997664180479489 0.018576610643604136 -2.1232150523347166 -0.001001093958232366 -0.018588792225419808 0.9998267122968508 236.75970621658936
0.9999167706395637 0.012814612288901645 0.0014958195863294544 -1.046938881528519 -0.01284087124050051 0.9997349077324469 0.019110895018371682 -2.127462677471404 -0.0012505244370268856 -0.019128512443323562 0.9998162512223494 238.2479575167686
0.9999116095375802 0.013129331851218994 0.0020961219917804133 -1.0480206039811422 -0.013170441847756405 0.9996931745937014 0.020978468796367597 -2.114171632848424 -0.0018200457074489939 -0.021004221775170164 0.999777730353205 239.74166007330058
0.9999313312549647 0.011367247450630334 0.0028492870810709584 -1.047781071387315 -0.011427396553695504 0.9996911931489183 0.02206655756086797 -2.111552287874199 -0.0025975713839641217 -0.02209760265355228 0.9997524436524173 241.296761327944
0.9999108649107322 0.012951896988928667 0.0032420009226095596 -1.060323391398224 -0.013015894357410391 0.9997037821546069 0.020565370419297683 -2.1195647643177407 -0.0029746802604648246 -0.020605735278316842 0.9997832539897005 242.7579325930303
0.9999024281912816 0.013366595349643094 0.004058102687582366 -1.0560504122469554 -0.01344379018309591 0.9997168955479412 0.019631436127633673 -2.1184620388601862 -0.003794548663433189 -0.01968407732909325 0.9997990490622225 244.32365455737715
0.9999072508516067 0.012957649408842455 0.004193922882050991 -1.0620765557037521 -0.013038713759323358 0.9997166333136077 0.019915949410800427 -2.1048508517755162 -0.003934670891141399 -0.01996878598374183 0.9997928615253394 245.80497649714357
0.9998966382073595 0.013711980819581051 0.004323708380429582 -1.0666528376250266 -0.0137997739725844 0.9996847648296393 0.02097468065690949 -2.098612790388299 -0.004034741301498874 -0.021032179296446803 0.9997706578527357 247.31952844276177
0.9998925058193978 0.01405918519358625 0.004161260279126794 -1.0650456015474645 -0.01414697278533647 0.9996605601718148 0.021877559761251955 -2.110862188864091 -0.0038522674261471344 -0.021934077726760887 0.9997519973861607 248.89017131630473
0.9999027788234134 0.013448147463139083 0.0036851325498710413 -1.0847626051425558 -0.01352617302634651 0.99966567167471 0.022036050900078253 -2.1089885848389036 -0.0033875567130029795 -0.022083754712584506 0.999750384968952 250.3756305179816
0.999882107970997 0.01485036838772699 0.0039034195840166232 -1.0799509779402672 -0.014934014970022003 0.9996386008661379 0.022352692916868176 -2.1087248947495425 -0.0035700634518663517 -0.02240835188918003 0.9997425270643264 251.94931413874133
0.9998581810732041 0.016383345727826855 0.0038991902196925435 -1.0904394593006153 -0.01646646186210314 0.9996149263892199 0.022335053269811434 -2.1002798443336808 -0.0035317661263049157 -0.022396092054668783 0.9997429378080835 253.4574639744105
0.9998550374811352 0.01651573322398308 0.004139388843920319 -1.0889648245328594 -0.016604377164263023 0.9996115779610731 0.022382758913340364 -2.085889454020564 -0.0037681136404136154 -0.02244824667785655 0.999740905209415 255.01111101323536
0.9998708402562564 0.015532922060503957 0.0041268755093425355 -1.0950849165651801 -0.01562441111069709 0.9996099494538565 0.02314793203072685 -2.08588011721237 -0.003765711095715316 -0.023209422715602543 0.9997235328460539 256.5219505113541
0.9998907629649395 0.014205352805770701 0.004082898198189664 -1.0883541627235236 -0.014297517738533183 0.9996214089573917 0.023507865970362724 -2.0620065293628502 -0.0037474152182958662 -0.02356367382246041 0.9997153145594013 258.0763994138351
0.9999221668447759 0.011789228091029863 0.004083421373161639 -1.090892398744262 -0.011886520550882315 0.9996246568706338 0.02468311200322195 -2.0752723277074683 -0.0037908941528225154 -0.024729729004162815 0.9996869858288419 259.5916304120851
0.9999339990180316 0.010806732018464967 0.0039002731204891552 -1.0782235591008278 -0.010898631828276826 0.999643720709363 0.024364964203605184 -2.069442808422251 -0.0036355781834545645 -0.024405864219161102 0.9996955218332387 261.175042275668
0.9999258238647025 0.011600490582005851 0.0037115177039426512 -1.0823919007889486 -0.011683224457989309 0.9996647698543553 0.023105198378292138 -2.07736193414165 -0.003442242128142725 -0.02314684748068611 0.9997261497180744 262.6750556335066
0.9999640915085342 0.007246291661623066 0.004393966381691966 -1.0809455471583902 -0.0073546897939042195 0.9996559559750754 0.02517693827468096 -2.0619508406292573 -0.004210015561913713 -0.025208350967480038 0.9996733540618548 264.2244000164073
0.9999788519116116 0.004426154474199959 0.004764964113931964 -1.0838348324558176 -0.0045564737759269044 0.9996060307797898 0.027695157791755045 -2.0559654569479857 -0.004640504188361625 -0.027716284072028287 0.9996050586764291 265.77093177526024
0.9999709900727631 0.005769103640618427 0.004973575178594736 -1.080113513613698 -0.005900648613793009 0.9996219842386974 0.02685276459511581 -2.0583377223041808 -0.004816779092644495 -0.02688133344817033 0.999627026727204 267.3454122125078
0.9999722403558456 0.005578967063489428 0.004938991659872591 -1.0896572584879203 -0.005704471142226876 0.9996515624525498 0.025772324104661508 -2.045514900556902 -0.004793488167123553 -0.025799783518385522 0.9996556375335471 268.84489226990036
0.9999689649794119 0.00542869389202797 0.0057094969891204 -1.0890760677810252 -0.005572087740812181 0.999661678536071 0.025406304323159448 -2.021181904426216 -0.005569642745234645 -0.025437330157144947 0.9996609031687798 270.4275002566607
0.9999464213156365 0.007724380987121894 0.006891184695781722 -1.0967044896596763 -0.007900482571359573 0.9996332086241683 0.02590425815865867 -2.0200637915957005 -0.006688563254341959 -0.025957314439252435 0.9996406759224736 271.9169557557169
0.9999181680011012 0.010097627479424678 0.007854629486501348 -1.0971078686053901 -0.010294111426579811 0.9996246113732871 0.02539030550861173 -2.015447704413019 -0.007595299723351672 -0.025469084703845436 0.9996467561872142 273.4661851092782
0.9999116323753905 0.00988434662047684 0.008889719724064443 -1.086385652706193 -0.010105974164995422 0.9996303047619894 0.025241297397936922 -1.994292776716509 -0.008636940214551888 -0.02532890666207233 0.9996418607480517 275.0514016829889
0.9998920240505846 0.011063455111516143 0.009671617340117348 -1.0888782864395758 -0.011303403653685998 0.9996206056389841 0.025117282062348947 -1.9904532115971658 -0.009390064834384504 -0.025223892692734423 0.9996377253427715 276.5452184455654
0.9998648103973012 0.012427221426671757 0.010766850664004117 -1.082148630179058 -0.0126896007914264 0.9996155142247923 0.0246535548785417 -1.9943709366392153 -0.010456336642154458 -0.024786849500506067 0.9996380730665146 278.143828413996
0.9998658053886037 0.011481723256807425 0.011685085569201743 -1.067574457354236 -0.01176156805333742 0.999638703035726 0.024168759233052523 -1.9844156024272874 -0.011403365723150908 -0.024302951323443508 0.9996395999634872 279.6247039545223
0.9998630661190905 0.010821154683703938 0.012520048041001854 -1.059873466872192 -0.011126480418546816 0.9996359499964368 0.024579847816751075 -1.9716718124065824 -0.012249508798148224 -0.024715786557619156 0.9996194673163672 281.1731364395334
0.9998650537634063 0.009639516160595902 0.013302404841896804 -1.0394721980931627 -0.009979686051194404 0.9996186736733007 0.02574709917066286 -1.9703978411146978 -0.013049143788770815 -0.025876379027346873 0.9995799782235397 282.775745981234
0.9998742240673592 0.008283414125794681 0.013524832103388703 -1.0345639619869447 -0.008639945186852311 0.9996109687699537 0.026519096196193748 -1.9554885024626583 -0.013299902968387246 -0.02663261506060559 0.9995568099951383 284.27129506997966
0.9998831122921772 0.006804867355076954 0.013691439815562817 -1.0193647252270002 -0.007138289096725992 0.9996754981475208 0.024452877782348646 -1.9545585279562847 -0.013520599451537482 -0.024547753475098598 0.999607223462897 285.866621712885
0.9998710179430558 0.008905186382497599 0.013365819044513618 -1.0067676956887186 -0.00919121761261778 0.9997267375710155 0.02149352722401476 -1.9532758505328331 -0.01317076389860344 -0.021613603518164277 0.999679640248539 287.3970189780123
0.9998953512489576 0.006960260270941256 0.012682323092848046 -0.9816987611528096 -0.007243001355007461 0.9997231592583518 0.022386240772102925 -1.9392900735797134 -0.012522999087522163 -0.022475756601434874 0.9996689526366538 288.9248021861653
0.9999086087421266 0.005965879377595953 0.012131877049698082 -0.97241863262654 -0.0062395902777166 0.9997239845579796 0.02264999364173589 -1.9444307604820275 -0.011993402329973337 -0.022723622015094022 0.9996698431530612 290.4961795395881
0.9999201448259734 0.006407908383561431 0.01089232183260867 -0.9651213391487832 -0.00664600017554694 0.99973665346738 0.02196484455868589 -1.9359435663230105 -0.010748705556868984 -0.022035481355480394 0.9996994062695819 292.0333083728851
0.9999203553136918 0.007249623000750371 0.010330827037176258 -0.9717139419717942 -0.0074756795768263305 0.9997297181950169 0.02201374060865573 -1.9366886357002198 -0.010168444324358953 -0.02208921771652814 0.999704290881109 293.6405120612194
0.9999234809206682 0.007218161540261941 0.010046414245534832 -0.9446079016879143 -0.007440750080990737 0.9997236828865139 0.022297827622580705 -1.9228856346666556 -0.009882689745208138 -0.022370874709355143 0.9997008934745377 295.17330817363285
0.9999314450505609 0.007452473759684859 0.009031380025077014 -0.9539846628419315 -0.0076561079556764005 0.99971240248216 0.022726555767601082 -1.9268811792607223 -0.00885941429292949 -0.02279414341793965 0.9997009241819724 296.73466591958544
0.9999459650241368 0.006409220941669168 0.00818467547555256 -0.9285306557165292 -0.006604793966600786 0.9996878353938905 0.024095818325332922 -1.9192685075323608 -0.00802768574554481 -0.02414857487790363 0.9996761488604868 298.3393220999224
0.9999420505446851 0.007839186698562997 0.0073785292806215295 -0.9351355991145988 -0.008023769973123207 0.9996469874896615 0.02532823560994693 -1.913460055701625 -0.00717737238643773 -0.02538597197468621 0.9996519583143562 299.9023800819666
0.9999398356793747 0.007261293514061989 0.008221838580385278 -0.9314869514515431 -0.007469621083204799 0.9996444195572463 0.02559764067318161 -1.8906070158183015 -0.008033043731900166 -0.02565751513204548 0.9996385157320179 301.49507959897045
0.9999243930132377 0.008238959519166748 0.009128405790036782 -0.9427737671383417 -0.008470360483773958 0.9996361831455771 0.025607700816977347 -1.876024749526726 -0.008914104644957253 -0.02568308608882183 0.9996303906127004 303.0642187478849
0.9999212516415221 0.008016157060991782 0.009655657994705302 -0.9224624479493406 -0.0082614270551907 0.99963722084032 0.025635435139222684 -1.8692790236554893 -0.009446658226988237 -0.025713186410225963 0.9996247259357712 304.6605546568948
0.9999402535051929 0.004993978394199571 0.00972366170313599 -0.9149421625078514 -0.00523529279055642 0.9996749423699565 0.02495197991090306 -1.85902958960927 -0.00959589209530726 -0.025001395822357577 0.9996413602238694 306.24332145700674
0.999945457874479 0.0022514015287322933 0.010198650409988633 -0.9067444711368299 -0.0024868014200137454 0.9997294215979892 0.02312789226756421 -1.8464824426018107 -0.01014382154221564 -0.023151993291265677 0.9996804930064596 307.8565658973911
0.9999455243692037 0.0015210424349274233 0.010326409254006172 -0.899201751709559 -0.001749254101356893 0.9997536407706688 0.022126858480775117 -1.8382422981010327 -0.010290210208970257 -0.02214371704917325 0.9997018392373705 309.45410908210937
0.9999618662857424 0.0024528404001150908 0.008381500511185162 -0.8914660746708181 -0.002637507052946242 0.9997524390839365 0.022093077972848194 -1.8480965148685933 -0.008325235470942263 -0.022114342179404552 0.9997207841841461 311.0631087888224
0.999976356869318 0.0034021967147041515 0.00597584803382773 -0.8901930765328168 -0.0035357469246255144 0.9997410009997141 0.02248175720929636 -1.8313174738372917 -0.005897813415171983 -0.022502355197797762 0.9997293932930982 312.6831166344298
0.9999702273539394 0.005107641856939531 0.005784150447059611 -0.8951763867522203 -0.00525358173147822 0.9996609330957349 0.025503307923140196 -1.813088512042297 -0.005651927927484748 -0.02553293663185623 0.9996580039532353 314.2876315064968
0.9999727136134403 0.0039053533754878373 0.0062705855002881585 -0.8939347877588564 -0.004083549513762417 0.9995808472914617 0.02866102473632082 -1.8058651219635151 -0.0061560262351676226 -0.028685849490258226 0.9995695200403019 315.92209516743276
0.9999744539626122 0.003115931174614165 0.0064329150266790695 -0.8926831013557606 -0.003306395810684263 0.999550036571914 0.029812616795937753 -1.7876408057594066 -0.006337126899931031 -0.029833125550236362 0.9995348045253426 317.53723568415046
0.999976192642976 0.0021613152012007154 0.006553080683300189 -0.89358875952177 -0.002345532725593051 0.9995985481956399 0.028235454767841738 -1.7704529009552867 -0.006489424745514951 -0.028250153574657867 0.9995798198254869 319.18541285033746
0.9999731987952986 0.0012918075015877382 0.007206450507072892 -0.8907289101336306 -0.0014972772899309933 0.999590393497118 0.028579772069614033 -1.7551579984918664 -0.0071665797169110385 -0.028589796710627207 0.9995655374572568 320.7925624747953
0.9999730969886589 0.0009398432383683824 0.0072747507638551735 -0.8793302025363532 -0.0011501906230386282 0.9995797718710323 0.028964749424860638 -1.7408629838493697 -0.0072444719740932875 -0.028972338101848204 0.9995539611567704 322.42685837232966
0.9999686247690235 0.0006661082716789947 0.007893401233019905 -0.8794422811929035 -0.0008978602688948217 0.9995675250051582 0.029393141759175824 -1.7417462711893208 -0.007870409161086224 -0.02939930728747001 0.9995367614072388 324.04060346785786
0.9999629499382987 0.0020269067198479653 0.008366026725516399 -0.874356781384471 -0.002265591550543712 0.9995877944054635 0.02862006908546741 -1.7223665044330705 -0.008304568671107833 -0.02863796326883792 0.9995553517498477 325.6798291658569
0.9999562992263661 0.002606043780538061 0.008978205587669338 -0.8816980807610639 -0.0028564743800103968 0.999604004561744 0.02799418875531481 -1.7065217964579935 -0.00890169690767092 -0.02801861194883372 0.9995677651808039 327.2902441078765
0.9999486842819467 0.002347827041456331 0.00985477111290586 -0.8686206337864331 -0.002636390087104228 0.999565089759919 0.029371427684143647 -1.6924454252351995 -0.009781526943075027 -0.029395902062331253 0.999519986136471 328.92985627172106
0.9999508311752152 0.0005018982948659422 0.009903703152809012 -0.8631297992223103 -0.0008086785052085566 0.9995191608567099 0.030996662684402113 -1.6853980834445852 -0.009883384702940652 -0.03100314813018584 0.9994704215376223 330.5535323589173
0.999952679154218 0.0005229647681581568 0.009714214645680357 -0.859808431056219 -0.0008131596030505417 0.9995527638243124 0.029893328391428553 -1.6666851181026656 -0.00969423773522755 -0.029899813602593455 0.9995058893851271 332.166653800849
0.9999525486665035 0.0015359519877635851 0.009619837374365215 -0.8430975727221245 -0.0018265105883659661 0.9995401347822102 0.030268511684420022 -1.6732669634389872 -0.009568923349547521 -0.030284646728285274 0.9994955106918995 333.80038500277686
0.9999487076916952 0.0027094722899009974 0.00975913662288926 -0.8564699900945105 -0.0029883668273177223 0.9995842491775345 0.028677490216496973 -1.6363831044500814 -0.009677379183697463 -0.028705183721939177 0.9995410750801549 335.39029506824386
0.9999474030955459 0.0046111929183771504 0.00916121937246793 -0.8484381918424483 -0.004845603067891058 0.9996571347549769 0.025731946235511564 -1.6389650891520535 -0.009039424083987913 -0.025774984951678428 0.9996268998842693 337.0126334691618
0.9999494976186647 0.005677677221502758 0.008292538157843985 -0.8540725020339927 -0.005895184388092457 0.9996328959112589 0.026444663116596594 -1.6190217178115949 -0.008139350338708702 -0.026492214159495108 0.9996158830146663 338.59878945102963
0.9999526631048274 0.00634502756852694 0.0073764604298472225 -0.8493800528626958 -0.0065594665606720105 0.9995456328726663 0.02941940168923578 -1.6078817986496878 -0.007186442478036805 -0.02946639529140851 0.9995399374748131 340.22659641920814
0.999951597386424 0.007521071632247662 0.0063432134002749 -0.845935382821941 -0.007721383559631579 0.9994526191812788 0.0321689639079241 -1.590830602365035 -0.006097796655036581 -0.032216385865428465 0.9994623161360414 341.8367232375824
0.9999536577900314 0.008037946890845402 0.005298459265060998 -0.8586770148068561 -0.008203607523530105 0.9994534621933817 0.03202308114516292 -1.5753772467985732 -0.005038164031824078 -0.03206506423914822 0.9994730854691853 343.42848703934527
0.999963830625615 0.007818577524787994 0.0033477266204067005 -0.8548748106743462 -0.00791750850063479 0.9994992654538344 0.030635460014873803 -1.565652768187181 -0.003106524817349594 -0.0306608582111995 0.999525017843919 345.04455845049245
0.9999739554356224 0.007049059038934247 0.0015489365956327776 -0.8663358220858934 -0.007094488124597633 0.999475528567469 0.031596455869980014 -1.538633986075195 -0.00132539902691834 -0.03160662249360881 0.9994995071304312 346.6235645976905
0.9999905865390906 0.0043222960536233555 0.0003802398653243381 -0.8612040134896846 -0.004332513983579764 0.999442659332231 0.033099849115691526 -1.5445661201059346 -0.00023696058876953511 -0.033101185581618106 0.9994519775299183 348.23977873791415
0.9999914312291386 0.004139521132220884 4.2723680115793914e-05 -0.8774478592631512 -0.004138727497346051 0.9994647144919668 0.0324523558881576 -1.5187486352117503 9.163643571624171e-05 -0.032452255275891705 0.9994732826622013 349.84663942982627
0.9999915594690275 0.004102045691039077 -0.00023281693245538445 -0.8865605595338462 -0.004092647593934669 0.9994928340530101 0.03158045116805442 -1.498173365233467 0.00036224336492859683 -0.03157923240047026 0.9995011860349365 351.4496087846951
0.9999926498181714 0.003833627745935618 -6.000544965065191e-05 -0.8899999849338991 -0.0038298315270606986 0.9994957413891805 0.03152134702900229 -1.4783579966687033 0.000180816342242713 -0.03152088615495457 0.9995030770665914 353.03331785415094
0.9999946475653466 0.003270889079780406 -7.822499027411293e-05 -0.9076129312997994 -0.0032667991424464374 0.9994979111881193 0.0315159251167637 -1.4605432738580286 0.00018127085005303716 -0.03151550150831341 0.9995032467829604 354.62527063699605
0.9999959466270724 0.0028400018045237323 -0.00020276517710347765 -0.9066295513732642 -0.002832251108645713 0.9995046379991531 0.03134416936583701 -1.4514095427743188 0.0002916822820908083 -0.03134346865451155 0.9995086302369847 356.2191578217481
0.9999965489838458 0.0026259184233165325 8.104465432627757e-05 -0.9320375303987828 -0.002627168784151048 0.9995307411104805 0.030518773589920934 -1.4368851579680566 -8.667893448917243e-07 -0.03051888179065168 0.9995341904487178 357.8333271138407
0.9999978074239954 0.0020912350281721333 -0.00010899267888095756 -0.9391634537514719 -0.0020868669453146353 0.9995199934275549 0.0309099936186718 -1.4153003869460752 0.00017358046237133024 -0.030909699003903453 0.9995221660376482 359.4005726111022
0.9999968568101363 0.002487722969766097 0.0003124104574219939 -0.9459370076399478 -0.0024960439043505336 0.9995381286687685 0.03028694577442672 -1.3933843725111716 -0.00023692062919357555 -0.03028763096569331 0.9995411964000792 361.0348010187866
0.9999982711860952 0.0018593629949889764 1.9770021319770285e-05 -0.95464739029063 -0.0018591250479955586 0.9995529720709242 0.02983956534239357 -1.3956433516415794 3.572142685166692e-05 -0.02983955109985879 0.9995547008222081 362.5991551876173
0.9999999063678132 0.00037676577525611564 -0.00021286371950988243 -0.970669531396337 -0.0003700927127860418 0.9995339575603416 0.03052426400837661 -1.3688437960335977 0.000224265057385557 -0.030524182973102533 0.9995340034145175 364.1741521178377
0.9999937945131385 -0.003522354915535656 6.289744371741884e-05 -0.9651977305342743 0.003518495699387069 0.9994738532136633 0.03224340088536416 -1.3590880056702017 -0.00017643704085995278 -0.032242980127635254 0.9994800443865933 365.78151157230593
0.9999942512187401 -0.0033848224215734107 0.0002012752267849748 -0.9827513880415211 0.0033767148406697797 0.999489010361377 0.03178546735420571 -1.3355826132735775 -0.0003087605401926566 -0.03178460560108137 0.9994946941016921 367.3614253353382
0.9999973037432243 -0.0022081445688809428 0.0007187546031654842 -0.9932120361224375 0.002184787304076922 0.9995163903166755 0.0310195449106651 -1.3184306223276694 -0.000786902687580842 -0.03101789155709519 0.999518519693093 368.986375470793
0.9999996344673924 -0.00047983718990797855 0.0007076886037543884 -1.0080769950193949 0.0004569758975979353 0.9994891057075241 0.03195807753683727 -1.2998352372111712 -0.0007226617592311932 -0.03195774308740237 0.9994889596389177 370.56534511737885
0.9999988641109877 0.0008922594562841375 0.001214763363098148 -1.0188046139260276 -0.000931657369326256 0.9994605853607634 0.032827889068875196 -1.2782342197495493 -0.001184817181392535 -0.032828984170041584 0.9994602813671618 372.18199091131066
0.9999975564476569 0.0015563510457638902 0.0015699903320955464 -1.0231515461008405 -0.001607078375754991 0.9994591930817722 0.03284415686893466 -1.2612689331285232 -0.00151802433464915 -0.032846600357381225 0.999459252031103 373.77563855073197
0.9999978222105638 0.0011976014341256959 0.0017091884806987663 -1.035543840909892 -0.001252391663842974 0.9994734318041859 0.03242361191573226 -1.2405016707059746 -0.0016694580274571056 -0.03242568251599402 0.9994727550293505 375.3732597137624
0.9999969301784408 0.0015767038414669001 0.0019114493405058366 -1.0531325772902822 -0.0016372834623086512 0.9994827749596737 0.03211700234865673 -1.2174589371596167 -0.0018598218216008314 -0.03212003397235199 0.9994822882384793 376.9979583121202
0.999995551718919 0.0019225866457113598 0.002280395283267829 -1.0543345218684506 -0.0019952583524897177 0.9994760385194901 0.03230584077169619 -1.1980328727927203 -0.0022170898275352684 -0.03231024768046215 0.9994754286271216 378.5873764944757
0.9999928288686064 0.002423225887242234 0.0029103585821556987 -1.059900021283176 -0.002516732152517743 0.9994663916886279 0.03256682243118106 -1.1723117498667834 -0.0028298890366618406 -0.03257391412480912 0.999465322994318 380.21259588689554
0.9999890671873289 0.003806425682920777 0.002715994428616615 -1.0691555097390553 -0.003893667575637137 0.9994519230614826 0.032873892725012475 -1.1513193378844886 -0.0025893740178737205 -0.03288410914928445 0.9994558171974746 381.8344264122774
0.9999824532674654 0.005018247518900204 0.003148069758137757 -1.073989298960163 -0.005118087104425035 0.9994569527403485 0.03255157120410795 -1.1334555802765098 -0.002983008592379499 -0.03256711276892789 0.9994650993641367 383.45587655288676
0.9999765170262818 0.005733571223649189 0.003753871348667782 -1.090776068230269 -0.00585195937607686 0.999460269636657 0.03232528384671165 -1.1143340456801551 -0.003566506228920194 -0.032346492894581184 0.9994703519620569 385.07699871970544
0.9999682754242839 0.007042705749759634 0.003721347948604294 -1.0921392740114708 -0.007159776916024568 0.9994479434667748 0.0324429635519634 -1.0951902060234882 -0.0034908075776577353 -0.03246857897634448 0.999466660605734 386.686920089606
0.9999540654457932 0.008541793064441918 0.004347959992981328 -1.1025178054592386 -0.008681501108948539 0.9994111254843719 0.03319689426613706 -1.0745298598083952 -0.004061838906137895 -0.0332331168593469 0.9994393735638629 388.30709529924684
0.9999430148470277 0.009678002935689127 0.004505918460374435 -1.109472794322219 -0.009824090076940633 0.9993865953776347 0.033614286078662646 -1.0447736559117875 -0.004177835676545302 -0.03365663777963436 0.9994247227501194 389.89184544827555
0.9999302930999641 0.010912198846950308 0.004509194722905784 -1.1071136615697592 -0.011058466692910322 0.9993675315306676 0.033797148325917785 -1.0317030493837307 -0.0041375419196822485 -0.03384465788318931 0.9994185409034925 391.5335536652486
0.999921390801511 0.011264136317186436 0.00550739774373081 -1.119472337600323 -0.011446298751646367 0.9993478768162719 0.034246216527741895 -1.0081397776032828 -0.005118052596436868 -0.03430656446066002 0.999398251546625 393.1819476309176
