1.0 -3.469446951953614e-18 0.0 -1.7787691892340307e-19 0.0 0.9999999999999999 -3.5405977195229754e-19 0.0 2.168404344971009e-19 -2.354751593366955e-19 1.0 0.0
0.9999998184232816 -0.0001920851292522164 -0.0005711883356860027 0.002362340360531358 0.00019247475088568847 0.9999997488291841 0.0006821250811968831 -0.02260592772998818 0.0005710572149626968 -0.0006822349104356856 0.9999996042250158 1.3271691263019685
0.9999993567967418 -0.0011053321712566812 -0.00025426013986305914 -0.025542658467249225 0.0011056864168588754 0.9999984128418246 0.0013970574197280283 -0.03901613334682887 0.00025271554636885807 -0.001397337680019567 0.9999989917909323 2.619295904261235
0.9999971366446202 -0.002246956219661478 -0.0008233421641499006 -0.022394998614420306 0.002247648815945554 0.9999971203360486 0.0008410653691773575 -0.08173775181894366 0.0008214500263972488 -0.0008429135605104881 0.9999993073587738 3.946059743684724
0.9999956402457209 -0.002926608714334122 -0.0003930070952683951 -0.030587702683936797 0.0029269919886068148 0.9999952383588004 0.0009777388554141064 -0.09283906226240368 0.000390143798822479 -0.0009788849387028296 0.9999994447862733 5.264644279704418
0.9999960785080082 -0.0027468888078198642 -0.000545503074313527 -0.04204605459967574 0.002747938897975895 0.9999943555088048 0.0019333333993766042 -0.1191248016773344 0.0005401893907615587 -0.0019348248634134648 0.9999979823226439 6.576974647322615
0.9999919935228782 -0.003972774616101101 -0.0004795379844219842 -0.03876026481195061 0.003974262390109904 0.9999871666496732 0.00314193704084865 -0.1554363916368292 0.0004670496649201868 -0.003143817754080163 0.9999949491251919 7.916691407228302
0.9999912036550539 -0.00417589749134333 -0.0003930619663383742 -0.060852204352645024 0.004177181003947747 0.9999857557211219 0.0033225754173573947 -0.16439705049607448 0.0003791816681375088 -0.003324188144447582 0.9999944029821889 9.241233784824509
0.9999937852569288 -0.003366412818801177 -0.001047241758214763 -0.05126584765916809 0.0033690704209566966 0.9999910831341001 0.002546175874005352 -0.19414180619917443 0.00103866103107868 -0.002549688329929249 0.999996210130239 10.570925879895416
0.9999991089235629 -0.001127345864287966 -0.0007150132844316464 -0.0778735313152561 0.0011277622350093289 0.9999991946621478 0.0005820872440405052 -0.21696993296172223 0.0007143565558768786 -0.0005828931015428154 0.9999995749656929 11.884884048033825
0.9999991983777881 0.00107248769061813 -0.0006730609525270187 -0.08232977330267172 -0.0010725594562088344 0.9999994191727704 -0.00010617047134428295 -0.2388895778612869 0.0006729467517816747 0.00010689228486297412 0.9999997678588545 13.226262399011285
0.9999835339171363 0.005707401059140667 -0.0005978757400364912 -0.10437757943040565 -0.005707863353239823 0.9999834106543942 -0.0007737722184285022 -0.27568686928255726 0.0005934496424357671 0.000777172080921484 0.9999995219108474 14.57434071955223
0.999984481990369 0.005566337590107795 -0.00022727267103336813 -0.12758180369586883 -0.005566177674928669 0.9999842638149292 0.0006998568146712162 -0.28847628978090956 0.0002311647536632211 -0.0006985809324383695 0.9999997292739634 15.919405936159682
0.9999907158563638 0.004307460094899257 -0.00011823794979672715 -0.1096891383968128 -0.0043070792936444075 0.9999860627247985 0.0030534294995229663 -0.31858458260117084 0.00013138884090399387 -0.0030528919543963366 0.999995331283345 17.263333733128665
0.9999995819216979 -0.0009035910066454884 0.00014029024383811328 -0.13154342813733372 0.0009028341291821753 0.9999855210285536 0.005304961932615716 -0.3343041729264723 -0.00014508173636582425 -0.005304833159652508 0.9999859187496031 18.622467620146026
0.9999965123665351 -0.0026237940886416743 -0.00030160023438546304 -0.12143526066470128 0.0026248808344547705 0.9999898549636012 0.003660596387399181 -0.3725768989627764 0.00029199255130790474 -0.0036613753556489644 0.9999932545132841 19.97237938130729
0.9999953144818523 -0.0030595597370583136 -0.00010056229207722417 -0.13897806505983348 0.003059729285792359 0.9999938236427912 0.0017293722301214424 -0.37766117883825345 9.527056299066922e-05 -0.0017296718523331673 0.9999984995784956 21.322202059354176
0.9999988052096075 -0.001542262484803587 0.00010492045133917707 -0.13678918793477463 0.0015422068093506186 0.9999986705479671 0.0005296206415042748 -0.41831319703071596 -0.00010573713429886029 -0.0005294582088528055 0.9999998542467791 22.672350942688745
0.9999989208617924 0.001209774329743351 0.0008334989354154749 -0.15081428765644328 -0.001211473721812237 0.9999971827230021 0.0020412935078241703 -0.43065351163439664 -0.0008310271513822546 -0.002042301107546733 0.9999975691966461 24.04696811131469
0.9999982811051713 0.0009803920475784308 0.001573727637998804 -0.16796141227166556 -0.0009899675722609804 0.9999809330165605 0.006095372641964049 -0.44549280622870574 -0.0015677219044992045 -0.0060969202236315035 0.9999801847092595 25.43784350242674
0.9999983185693745 -0.0006821276775205477 0.0017022231630572494 -0.15953248661986758 0.0006700723311855398 0.9999747636665705 0.007072696095677142 -0.459673113552629 -0.001707004825422326 -0.007071543728252267 0.9999735393516065 26.805331619417803
0.9999888236636153 -0.0043651534020327735 0.0018160374468663548 -0.161831249362531 0.004353152042823171 0.9999690013239114 0.006560979424119692 -0.49270244002595426 -0.0018446209840315593 -0.006553000733599554 0.9999768275085106 28.173622826104893
0.9999885815137782 -0.00444856546046892 0.0017455989744330446 -0.1699222624344284 0.004441261688992559 0.9999814593336942 0.004166074487836608 -0.5005467662746304 -0.0017640998103331676 -0.004158274332840123 0.9999897983004049 29.535555361321293
0.9999855329586259 -0.004750821718772247 0.002522612940049711 -0.1782269477766574 0.004745420400809325 0.999986444242115 0.002142967709139648 -0.5453313198547537 -0.002532759813631715 -0.0021309658841308253 0.9999945220395758 30.91583907861295
0.9999939738774724 -0.0018869274354881126 0.0029140556239992147 -0.18309345321738857 0.0018831733095927353 0.9999973940888307 0.001290531206577008 -0.5455670374392106 -0.0029164834142617873 -0.0012850357794134983 0.9999949213891005 32.302673334908135
0.9999940604140852 -0.0008355048629888843 0.0033438112483883133 -0.1911524539798129 0.0008381606124876848 0.999999334405464 -0.0007928897727173629 -0.5837148446512803 -0.003343146842618481 0.0007956877332076457 0.9999940951055434 33.687801482359774
0.999993134965325 -0.0009509926642548728 0.0035812904186673265 -0.2104083603749477 0.0009517418160359704 0.9999995255711519 -0.00020746933028946055 -0.5866818757279174 -0.003581091720526645 0.0002108763776510318 0.9999935656337078 35.07846206629998
0.9999940169797518 -0.0009944385725810436 0.003313171037762257 -0.20221815075250016 0.0009906952126446811 0.9999988693274217 0.0011313112518125984 -0.6288344889613472 -0.0033142925902965954 -0.0011280221592428728 0.9999938714945501 36.47754116347365
0.999995430450727 0.0003958454517740354 0.002997063098915113 -0.2130259973508398 -0.0004031270743466179 0.9999969678359383 0.0024293636433617557 -0.643048381441867 -0.002996092610024581 -0.002430560785313697 0.9999925578722797 37.87262531406991
0.9999905325841792 0.0034425452453702154 0.0026615073450979 -0.217128248916953 -0.003450512800933736 0.9999895626106914 0.0029947682512030875 -0.66951820846909 -0.00265117016253808 -0.0030039235233354136 0.9999919738364607 39.271019092186
0.9999770973911503 0.006045250597040154 0.0030429640249067906 -0.2352318659344238 -0.006054067199977451 0.9999774792627548 0.0028964200815975154 -0.7004578476601766 -0.003025386163581609 -0.002914776114331668 0.9999911755187906 40.67170769025774
0.9999677609805807 0.00741744278606166 0.0030754723652977357 -0.24243268168020313 -0.007427955726531933 0.9999665607491531 0.0034209460923401882 -0.7152528626110146 -0.003049995107323582 -0.003443680348032398 0.9999894192401756 42.10092634233233
0.9999584109401903 0.00871888980013314 0.0026753196062657986 -0.24916987410563052 -0.008728597973895693 0.9999552850340593 0.0036386162485134727 -0.7324317870496936 -0.002643475506325557 -0.003661816787878955 0.9999898015141682 43.483378096449684
0.9999681455708892 0.007623886137758976 0.002363089216590744 -0.2578971025773071 -0.00763321907510824 0.9999630028293471 0.003965722427523541 -0.7536620300608877 -0.0023327677671295725 -0.0039836341618401895 0.999989344368795 44.90441896982415
0.999968626644522 0.0077746920590163575 0.0015165340788932259 -0.24922528019602766 -0.007779991869916929 0.9999635388477424 0.003520329164369365 -0.791494898561695 -0.0014891094325885175 -0.0035320174169926376 0.9999926536753585 46.29937922896736
0.9999736052925996 0.007212026824803222 0.0008805528789314885 -0.273847799468803 -0.007215441483446531 0.9999662151806971 0.00393775515053273 -0.8130912837973433 -0.0008521240031116855 -0.003944004874973483 0.9999918593217748 47.73520122958373
0.9999694311948164 0.007811300929609423 -0.00034675134507480723 -0.2666797596497446 -0.007809559849512946 0.9999581375937857 0.004768002772276276 -0.8365989835039158 0.00038398116953092124 -0.004765149144960364 0.9999885728916018 49.14089861712287
0.9999631356098636 0.008508544737953008 -0.0011541522061763831 -0.28965157767837246 -0.008502526095495849 0.9999507268048642 0.0051235758669658845 -0.8608060500414128 0.0011976896167108302 -0.005113573888492887 0.9999862083573156 50.56672900212578
0.9999579510111607 0.008798124888205777 -0.0025863457147305116 -0.28587660040951385 -0.008785028892764878 0.9999487487371924 0.005032214654343514 -0.8726145684317134 0.002630487440039928 -0.005009282040585012 0.9999839936894346 52.01855682958775
0.9999541992736608 0.008909225386966138 -0.003496431316547993 -0.31198613546952764 -0.008884626004758436 0.9999361045061752 0.006989302064068937 -0.8984661578144636 0.003558477483522282 -0.0069579176112158116 0.9999694618481946 53.41699700077331
0.9999656982572623 0.007000829905154821 -0.004426134488112666 -0.3190091283622927 -0.006966371394003148 0.9999456757452213 0.007753401846941258 -0.9097592242644101 0.004480174673591759 -0.007722301956272021 0.99996014625495 54.87550291938093
0.9999785651279768 0.004310820923962326 -0.004928091896389538 -0.32618088877060736 -0.004269587369878012 0.9999560463120958 0.00834721948595971 -0.9168307444120857 0.004963859082946614 -0.008325999816901679 0.9999530178174845 56.283385612162114
0.9999827213091814 0.002606786794839348 -0.005268940177608019 -0.3502270875259984 -0.002564912265583563 0.9999651989028618 0.007938652938893051 -0.9428513481666682 0.005289451641614317 -0.007925001562573347 0.9999546070019399 57.70095444342654
0.9999823279072192 0.002742118641272563 -0.005274906941311341 -0.36543406187758537 -0.0026978432058153336 0.9999612268362473 0.008382509677551128 -0.9750115894400853 0.00529768870682872 -0.008368130840551803 0.9999509532440414 59.1586682344518
0.9999852131000796 0.0021446344795056785 -0.004997410388205108 -0.3693666108522661 -0.0020996816139676267 0.9999574457489155 0.008983208184951401 -1.0036652655847629 0.0050164638562206435 -0.008972582563011021 0.9999471625367056 60.557965495959294
0.9999907506467121 7.710637712954674e-06 -0.004300994467555412 -0.38953027160531295 3.6471469029665526e-05 0.9999472372808251 0.010272357117577588 -1.0089549393891493 0.004300847113593685 -0.010272419174474572 0.9999379881423134 62.01309795734242
0.9999899154252516 -0.002090096112653249 -0.003974989526225076 -0.40151065994795876 0.0021277918067088356 0.9999525843259528 0.00950271517375809 -1.0296687576040309 0.00395493980344765 -0.009511077482139715 0.9999469475261105 63.41635193906939
0.9999864665382198 -0.0038208118859189497 -0.003531024744837525 -0.41419532357107647 0.003850557931903354 0.9999568330629897 0.00845607512039533 -1.0432435540624716 0.0034985635517736434 -0.00846955726261837 0.9999580124494462 64.81402207861085
0.9999916759353767 -0.0030392810601512204 -0.002722283994317459 -0.43077919764801487 0.003064150564020516 0.9999531833194796 0.009178351884983428 -1.06530041594801 0.002694261190310531 -0.009186617152756132 0.9999541724647237 66.2707225264599
0.9999959431483995 -0.001730055285337295 -0.00226287299162508 -0.4360305363035314 0.0017502853285894255 0.9999582484867714 0.008968711117762712 -1.0802221535705319 0.00224726234448325 -0.008972635583781667 0.9999572198995988 67.64324827667753
0.9999980150156399 0.001400374269230494 -0.0014173609067265269 -0.4630620991649662 -0.0013856625164078186 0.9999457043597052 0.010328033250511709 -1.0991197687473502 0.0014317471914876258 -0.010326048971406258 0.9999456599328312 69.10982304356038
0.9999927325781548 0.0037593509357110528 -0.0006340846778572268 -0.4787696568161282 -0.0037518429277922016 0.9999273683824115 0.011453455255496273 -1.1036169834232663 0.0006770962472333686 -0.011450993261415448 0.9999342059851829 70.4869157473979
0.9999753283987176 0.007018322457917231 0.00029279614151222805 -0.49582035200673374 -0.007021365282212109 0.9999013734080566 0.012163218989508052 -1.1191127748465999 -0.00020740187917190462 -0.012164974977054809 0.999925982446956 71.93446983671146
0.9999324812575632 0.011603017464738873 0.0006347323344107114 -0.503398605251535 -0.011609819213770346 0.9998601633658422 0.012036022382264235 -1.1283239478403857 -0.0004949894304890623 -0.012042579098660453 0.9999273630008603 73.28569262308568
0.9998634487389063 0.016463673262990836 0.001425235518318627 -0.5188219877921221 -0.016479209386565486 0.9997960154008011 0.011677469183284198 -1.1589429383185441 -0.0012326908507637965 -0.011699361606873099 0.9999308003125786 74.6825036751003
0.9998441357833479 0.017514961746337585 0.002220407456412214 -0.5387205716464644 -0.017539634217874325 0.9997785663996239 0.01162666948625199 -1.1640966650851812 -0.0020162752743247995 -0.011663802680788572 0.999929942717247 76.13996841246025
0.9998330041998978 0.01807493987448239 0.002694478440033855 -0.5476064999728117 -0.01810667431540412 0.9997609061953305 0.0122588267985005 -1.1816900278685973 -0.0024722568496847253 -0.01230556792384998 0.9999212273701711 77.49884750333796
0.9998549922657896 0.01683017217801403 0.002596093852996648 -0.5427728804897362 -0.016860673956537457 0.9997832694579127 0.012211954255145109 -1.1986490287146208 -0.002390002100514596 -0.012253955571814893 0.9999220611948683 78.9262681252549
0.9998641249001528 0.016303068303767786 0.002437552257126991 -0.549906240487126 -0.016329452418660677 0.9998036359865268 0.011226686572420947 -1.2136058602539839 -0.0022540443539349375 -0.011264965271547266 0.9999340077437316 80.27023316658014
0.9998756716249725 0.015628291423471927 0.002097083992006852 -0.5559254741623195 -0.015651448156054935 0.9998111255690709 0.011521518815601987 -1.232437594273631 -0.0019166264063535709 -0.011552909003386666 0.9999314260679626 81.67301679120091
0.9998889006464196 0.014806676484121456 0.001717166172488242 -0.5629115297097009 -0.014825777185490545 0.999821616579492 0.011701768457809155 -1.2457458397135073 -0.0015435956805400232 -0.011725926963162431 0.9999300575296916 83.08851182829844
0.9998828433269992 0.015236443659421211 0.001466413022295675 -0.582479943514013 -0.015252059957026227 0.9998197983511167 0.011302456714499667 -1.2582356395126097 -0.0012939396284315484 -0.011323498609413936 0.9999350499415818 84.45454895231855
0.9998660104855778 0.01635799995542206 0.0006138974353128959 -0.5804442197212376 -0.016364014617948064 0.9997990586635149 0.0115784869743732 -1.2749572155645161 -0.00042437321601929254 -0.011586981645693684 0.9999327786242855 85.87136848585527
0.9998910765330697 0.014753786022995435 -0.0004010346439590688 -0.5934904642704398 -0.014747536849160988 0.9998112636360119 0.012647027175876135 -1.2889924900297365 0.0005875505458827731 -0.012639735605545679 0.9999199427324045 87.1953785257611
0.9999103552763081 0.013292952884261414 -0.0016058577358054858 -0.6028523001319799 -0.013269732313511275 0.9998181516407085 0.013695907463992331 -1.296887536132581 0.0017876249271319674 -0.013673370676998973 0.9999049171496397 88.57173276877415
0.999932132615538 0.011304148609574832 -0.0028189280755175237 -0.6085255772179087 -0.01126155118982306 0.9998285987083869 0.01469526078947135 -1.3183677330458732 0.002984562582781798 -0.014662518257814618 0.9998880452111326 89.97951085647139
0.9999471742210068 0.009618909874658165 -0.0036228872389246587 -0.6180091655073646 -0.009564782775633957 0.999846601993345 0.014672676234043525 -1.3341367842732959 0.0037634669748203816 -0.014637249307954715 0.9998857871088451 91.32626491227478
0.9999576600715162 0.008305941899896746 -0.003960980696672027 -0.6331784921191295 -0.008247572396687105 0.9998603942997318 0.014531671337674548 -1.3485243408510792 0.004081127295101827 -0.014498387888131271 0.9998865641474035 92.69951213658632
0.9999655830923868 0.007036784872361274 -0.004395027456661343 -0.6447869327761196 -0.006973542751183965 0.9998742476915261 0.014242840770961737 -1.3608549007091908 0.004494698969162617 -0.01421170195371832 0.9998889064407848 94.06716560167622
0.9999682949728269 0.006578174856614379 -0.004487387058717459 -0.6606129145200557 -0.006515251250556974 0.9998822222322763 0.013895796937147218 -1.3624537452865364 0.0045782679239978604 -0.013866120198440258 0.9998933794100275 95.41147644718461
0.9999682812112485 0.006628866935100462 -0.004415277175715775 -0.6726689371375754 -0.006568913318214431 0.9998878648296939 0.013457605734168833 -1.370990686670425 0.004503991136588967 -0.01342817557557755 0.9998996940586737 96.76222158900953
0.9999577417597618 0.00818862883273987 -0.00417863937381221 -0.6869030481907707 -0.008134199846965917 0.9998839569058119 0.012880509600937154 -1.3983442979018477 0.004283628555735553 -0.012845975668459086 0.9999083115209655 98.11663458033559
0.9999521048435356 0.009037712381752647 -0.00375602808132245 -0.7076362954421305 -0.008988047531651217 0.9998746334447953 0.013035812585963426 -1.3914442907761957 0.003873371463105043 -0.013001429141081619 0.9999079756888463 99.48649936795107
0.999949327292045 0.009352251752228202 -0.0037253466402318957 -0.7159334985921493 -0.009296613309759744 0.9998489856533308 0.014682604784629063 -1.4103639078200496 0.003862099813387883 -0.014647227969122427 0.9998852648735876 100.82775700781404
0.9999415722536968 0.010205881906247133 -0.0035625866220211928 -0.7419854857907973 -0.010147804555045072 0.9998211918967773 0.015956387830083973 -1.4168891521532632 0.003724798939495602 -0.01591930342616446 0.9998663419004576 102.16687330632946
0.9999526895099101 0.009113349825255579 -0.0034008190875787023 -0.75113025353166 -0.009060731815429487 0.9998437291179866 0.015179607889156538 -1.4378561238985346 0.0035386250261849805 -0.015148076133184597 0.999878999647217 103.47173035981906
0.9999530404194079 0.009131570646839485 -0.0032452037508417294 -0.7631386026881675 -0.009089211839272178 0.9998762992999773 0.012836367917230623 -1.4459575485185938 0.0033620188112446657 -0.01280626904456008 0.9999123443151436 104.79919824719155
0.9999613985065507 0.008128179802468181 -0.0033367898294825405 -0.7799197154133877 -0.008089413135740908 0.9999014759975445 0.011471691513042425 -1.4502724401038547 0.0034297053454285737 -0.011444256251717504 0.9999286305184609 106.13519889942488
0.9999665589516963 0.007593317528789482 -0.0030368545718429596 -0.7900570589946849 -0.007553458897196824 0.9998878996071894 0.012928011781035966 -1.468239988076417 0.0031346809125766496 -0.012904640961295871 0.9999118181259573 107.49259976036114
0.9999871019587132 0.004411216494330166 -0.002517354251133623 -0.8032175936786494 -0.004373834692908012 0.9998828688746078 0.014666905031429815 -1.4650714904135296 0.0025817585137276763 -0.014655705660062192 0.9998892662817086 108.83530645457431
0.9999955911768641 0.002432239510299041 -0.0017034760355603069 -0.8164682770192483 -0.0024048639182511333 0.9998708175313518 0.015892289823249233 -1.4903576513577155 0.0017419099914154747 -0.01588812344532922 0.9998722584875818 110.17456344272124
0.9999970353349124 0.0022086964130813803 -0.0010251711914075626 -0.8209427117507575 -0.0021934521985748252 0.9998904191411414 0.014640303099152157 -1.5017772640364349 0.0010573949382511705 -0.014638011322614162 0.9998922994744996 111.46300595824816
0.9999915532775604 0.0040979073210972725 -0.0003170502617706485 -0.8301800474650667 -0.004093566092482542 0.9999114982870577 0.012658527275244412 -1.5069455610331766 0.0003688957150179209 -0.01265712273888203 0.9999198273688623 112.81586481717964
0.999977474601214 0.00668223635184971 0.0006308681952313911 -0.8444869449616204 -0.006688361796218087 0.9999249443617477 0.010265060635631562 -1.5318339934849587 -0.000562227323314245 -0.010269049092841622 0.9999471138684225 114.12818626776145
0.9999508949131312 0.009683029945977473 0.0021087139467662022 -0.8586144971482741 -0.00970449366979554 0.9998986416971946 0.010417732618570598 -1.531944803502542 -0.0020076251560125196 -0.010437685267558736 0.9999435104886066 115.43452648984876
0.9999428680792678 0.010032428622179365 0.003689300068293592 -0.866433588373775 -0.01007774457405919 0.999871378455685 0.012476603202103921 -1.547513992601225 -0.003563655205425667 -0.012513070464955901 0.9999153581325954 116.80252607810773
0.9999346335975777 0.010465087388707425 0.0046054814243470105 -0.8774376218027455 -0.0105306434105348 0.9998401687527724 0.01444792427343491 -1.5485159340016201 -0.004453546899713927 -0.0144954788373078 0.9998850168965133 118.09973778515867
0.9999428401153985 0.009056960582055894 0.005682248927665134 -0.8681374406639291 -0.00914584976596717 0.9998330696582544 0.015817277351806727 -1.557972040247954 -0.0055380443861974 -0.01586834254827205 0.9998587529097416 119.47283117077443
0.999927099419017 0.01009686241843569 0.006621872859028816 -0.8706640721478476 -0.010197393146363563 0.9998305235477208 0.015327666870732224 -1.563018472963687 -0.006465989798560559 -0.015394075621702922 0.9998605969893503 120.79595100857561
0.999893020008419 0.012272981132859892 0.007957540426715457 -0.8697235857554516 -0.012390446538283586 0.9998124525882988 0.014884102505810586 -1.5773165397285143 -0.007773376346957344 -0.014981107982228957 0.9998575603671036 122.10140918606824
0.9998655011390715 0.01365137978847374 0.009089523332447287 -0.8722527295704255 -0.01377996507203981 0.9998036855714639 0.014237377175557845 -1.5742463954621635 -0.0088933798256662 -0.014360715864850231 0.9998573286394365 123.46914857610426
0.9998402827521298 0.014695712828219156 0.010170790505824059 -0.8788788503092881 -0.014835657374045071 0.9997943862079561 0.013823480379081952 -1.5857367315867934 -0.009965554184874482 -0.013972163172539062 0.9998527223470025 124.81672388062958
0.9998110812134902 0.015782070598902 0.01134584042589404 -0.8689433988818086 -0.015933793796948103 0.9997831351185619 0.013408839786924124 -1.590992699474788 -0.011131761586104988 -0.013587089157807349 0.9998457255451287 126.15207847538753
0.9998200321131248 0.014502033101013816 0.012230878549016623 -0.8611201063104887 -0.01466090003195621 0.9998079994569348 0.013000856301786365 -1.6080557392998034 -0.012039992372989904 -0.013177832513897902 0.9998406789647318 127.46552618138077
0.9997998904605203 0.014939332520844723 0.013303959770493392 -0.8630952202739569 -0.015122883844553507 0.9997903433202295 0.013804630430706623 -1.6128737709471728 -0.013094939638369803 -0.01400306250752868 0.9998162015071466 128.79270477095287
0.9998137532041679 0.013164091713953378 0.014112603063983611 -0.8541316958377518 -0.013374713681884726 0.9997990066911991 0.01493530313899505 -1.6193186412216773 -0.01391315798929149 -0.015121273808718064 0.9997888632678567 130.1942614120833
0.9998271139632557 0.011793730230116952 0.014375329126105594 -0.8377866124917104 -0.012015256255330516 0.9998088733397935 0.015422400266577768 -1.6249565697064503 -0.014190695176604007 -0.015592457516924455 0.9997777250173256 131.50220016025278
0.9998347169340187 0.011153058387799258 0.014357857792802797 -0.8255492122366757 -0.011373936648960761 0.9998167951911928 0.015395117361989608 -1.6420924482861046 -0.014183525908160145 -0.015555878478335863 0.9997783965656482 132.84419283146266
0.9998690331524362 0.007725064927991566 0.014221107653756997 -0.8139016472980543 -0.007965379348425861 0.9998251172234308 0.016920038709379345 -1.631794568425515 -0.014087913406657923 -0.017031099592588004 0.9997557063329753 134.17567780225
0.9998871319608622 0.006433732476779773 0.013576833855664579 -0.7974781398708857 -0.006658012367995939 0.9998410494269486 0.016539249016755693 -1.650889540693427 -0.013468267831786736 -0.016627777313567908 0.9997710351801872 135.528136463781
0.9998967658126245 0.0070521033143240855 0.01251900744908244 -0.7865725710312006 -0.007256674645876758 0.9998396475853651 0.01637131017974149 -1.6627455070895452 -0.01240154886044012 -0.016460466784519484 0.9997876047543002 136.85367630869845
0.9999224284297143 0.005033817099090751 0.011392883975036443 -0.7833893232930877 -0.005244131749898353 0.9998149929896374 0.018506184810430485 -1.6647259024557597 -0.011297620402203437 -0.018564495401747275 0.9997638337558405 138.2079167116446
0.9999452685242073 0.002019499309225888 0.010265553168235358 -0.7676134503720944 -0.0022032610433980557 0.9998369762070465 0.0179211228725515 -1.666254519354628 -0.010227688793550462 -0.01794276006329822 0.9997867031246742 139.5206963054237
0.9999580249261535 0.0014201641388257545 0.009051603399222603 -0.7636757587845848 -0.0015845389351890555 0.9998335016717734 0.0181785083230344 -1.67140506627558 -0.00902428060482419 -0.018192088249117274 0.9997937838806968 140.882213438054
0.9999668777262586 0.00177094359200427 0.007944004842337605 -0.7651194897602016 -0.0019132335601976976 0.9998372363402563 0.01793990968076653 -1.677547098226631 -0.007910941933124947 -0.017954514555626837 0.9998075076766166 142.20322924759748
0.9999741855892397 0.002095744891141122 0.0068728459405508644 -0.7608533164621463 -0.002214330270777184 0.9998480268422003 0.017292193523196542 -1.6784034931219405 -0.006835561990055963 -0.017306966223376862 0.9998268570177314 143.55301025558
0.9999822737659412 -0.00016475304753248501 0.005951891860392364 -0.750166202182307 7.305284751537612e-05 0.999881351219215 0.01540383525113286 -1.6845263874574654 -0.005953723995170098 -0.015403127695112859 0.9998636391169974 144.92766043502343
0.9999828152781974 -0.003249856126548047 0.0048793025642303225 -0.7658997810600521 0.003179733717326813 0.9998925355549909 0.01431106650388754 -1.7098200744930634 -0.004925287524296404 -0.014295305964568907 0.9998856863514626 146.2111741730452
0.9999077535981354 -0.013040753115654205 0.0037977713611439057 -0.746800007822367 0.01297111634880026 0.9997571141328419 0.017817487559279213 -1.6987479324129562 -0.004029202717778095 -0.017766582962884893 0.9998340432586749 147.61207959335462
0.9997975739447508 -0.019990758639695662 0.002276117941987386 -0.7357395508918955 0.01994230201872628 0.9996085076985661 0.01962487988560894 -1.7054534481994206 -0.0026675433046088786 -0.019575516635522927 0.9998048226367982 148.93517599373675
0.9997399054172218 -0.02277108109194223 0.001264668938372475 -0.7166537817212912 0.022747216547895827 0.9996058565445656 0.01645283229924176 -1.713272044422981 -0.0016388193793657618 -0.01641978561336453 0.9998638431889909 150.22408333759765
0.999763461217636 -0.02170191358854979 0.001431281783320413 -0.7335919058452147 0.02168120586495272 0.9996781585444134 0.013172115696268806 -1.718001532236331 -0.0017166813869307419 -0.01313796830601387 0.9999122195455793 151.62297434699423
0.9998296508713734 -0.0182731029782378 0.0026005686855220447 -0.7362436108785753 0.018243007551269744 0.9997712860565581 0.01116101431461627 -1.7365595229319226 -0.0028039204897146765 -0.011111671054131616 0.9999343322421362 152.94619340842232
0.9998307534978451 -0.01811143557451942 0.003231141230252174 -0.7469068891151438 0.018074706464709073 0.9997755096207156 0.01105600909079575 -1.7391597386117392 -0.003430656346161717 -0.010995736170720917 0.9999336599908252 154.31948134782328
0.9997595647900009 -0.021625731416467883 0.0036249635781526804 -0.7533667732905929 0.021571670897254338 0.9996644202780192 0.014342588136437325 -1.7462208124774747 -0.003933916392023881 -0.01426094341325924 0.9998905689103746 155.65175986940102
0.9995085117598175 -0.031090885996670065 0.004011448659947034 -0.7510298999433888 0.03101731795478399 0.9993698715216028 0.01725647375042127 -1.7349466117456847 -0.004545440357826396 -0.01712356832798959 0.9998430488743832 156.98180270353413
0.9994723603577965 -0.03223791329639813 0.003964570211394696 -0.7398577444851584 0.03215778217798487 0.9993051818266794 0.018842256389192288 -1.7509085260346455 -0.004569250952228947 -0.018704823022784783 0.9998146085877491 158.33175512867274
0.9993612509048303 -0.035535379242086405 0.0037851014022515887 -0.7292799166504552 0.03545708860163749 0.999189456669825 0.019058451218917027 -1.7558244724078522 -0.004459283064103105 -0.018912069316616383 0.9998112063950063 159.68964193736525
0.999389982435663 -0.03457706379299657 0.00490812092015987 -0.731459342023628 0.03447673934793399 0.9992204033081229 0.019233826160438356 -1.7486329489992354 -0.005569344251965206 -0.0190528775275582 0.9998029657218334 161.0572233876799
0.9994814542007179 -0.03160440374844786 0.006163145743725032 -0.7386805780827447 0.03148162621151731 0.9993219466965235 0.019093298979637886 -1.7477800435755366 -0.0067623996859725345 -0.0188893727217014 0.9997987105170498 162.3793957899897
0.9996060544100571 -0.027161558061607263 0.007070060355480063 -0.744568210430372 0.027034462690108993 0.9994814654244893 0.017491086178038 -1.754935750942411 -0.007541480058772157 -0.017293060672808325 0.9998220222281404 163.74038661286266
0.99963562661118 -0.025849276507663783 0.007773604008422087 -0.7457566198724985 0.02571512969927815 0.9995266475088042 0.016888250890504615 -1.748371987577443 -0.008206474098652819 -0.016682198328340506 0.9998271640850956 165.08389537293087
0.9996795828575847 -0.024001678068400936 0.008040589292942742 -0.7430941257983035 0.023855883410131735 0.9995575959271517 0.01776257980011356 -1.7504454181719902 -0.008463364524735596 -0.017565073325285764 0.9998099017619831 166.44732268889865
0.9997541260516307 -0.020763789835274035 0.0077815478589797135 -0.7431337659775066 0.020617482775289776 0.9996175027197284 0.018432787249429757 -1.7642809980610852 -0.008161306632015714 -0.01826781951582745 0.9997998198870272 167.78835504633173
0.9997974485481949 -0.018735634722275338 0.0073510463554091405 -0.7450803240101886 0.01861485930718468 0.9996959959015406 0.01616795524154277 -1.764458042702118 -0.00765172914309899 -0.016027842000411026 0.9998422672212813 169.11367402259845
0.9998609665126015 -0.015189103197819534 0.006880320112260358 -0.741372461207326 0.015097520015420623 0.9997992491874906 0.013172934328490106 -1.7773515189795468 -0.00707902452790031 -0.01306722731905042 0.9998895613918081 170.5531361777967
0.9999303127252515 -0.009744130860926185 0.006664954846860045 -0.7503741981286669 0.009661934250162804 0.9998782146700488 0.01225572685208422 -1.7774438876199308 -0.006783565122091609 -0.012190476655660094 0.999902683025246 171.87570955661974
0.9999541190368809 -0.006643308486920392 0.006901180190580624 -0.7569964949535841 0.006552216252756376 0.9998922068442615 0.01313937370513145 -1.7833992485132004 -0.006987725782908319 -0.013093553080299454 0.9998898592117746 173.2466282433644
0.9999695626885188 -0.0013154201321494367 0.007690473016376007 -0.768057728616109 0.0011983298349572437 0.9998835999144393 0.01521021430829789 -1.8050600130164263 -0.007709586305933749 -0.015200535919320848 0.9998547424433174 174.64197949848625
0.9999698805525765 -0.0013026418154379778 0.007651216945439431 -0.7706713226217861 0.0011697651554298128 0.9998488691153778 0.017345621007169874 -1.801889169744071 -0.007672656375821943 -0.017336148774116482 0.9998202779955493 176.0295595680132
0.9999720240550548 -0.0031009614109952666 0.006806993205357309 -0.7666515497444748 0.0029737704419179906 0.9998222731720682 0.01861662549632528 -1.8034691614390177 -0.006863513422131913 -0.01859586260199965 0.9998035237386318 177.44708267672345
0.9999717062312142 -0.005252605984343992 0.005384875111505405 -0.7634719597846333 0.00514970421796113 0.9998071995355224 0.0189484639814428 -1.8095530185736737 -0.005483366168156977 -0.018920197708335366 0.9998059605832184 178.7858942866614
0.9999639004273414 -0.00786674599142795 0.0032112555933815757 -0.7623967333429472 0.007816147630892369 0.9998496837993983 0.01547635703481048 -1.810801763387911 -0.0033325217278989986 -0.01545069899293117 0.999875077298213 180.194342057607
0.9999866066464991 -0.004922865616673032 0.0015974762636126805 -0.77297312748011 0.004905135075160208 0.9999283482180098 0.010919618570739953 -1.8281916567577372 -0.0016511177467591876 -0.010911636693528263 0.9999391031439607 181.61277878532363
0.9999988766809853 -0.0009307530917238589 0.0011748781174414909 -0.8033374720145048 0.0009185901655153796 0.9999464184227831 0.010310987859651502 -1.821973387088814 -0.0011844122411289874 -0.010309897247166114 0.9999461501441811 183.00581958458324
0.9999977791394739 0.0018922713658538698 0.0009279133764638027 -0.8103785579137301 -0.001902872013947468 0.9999313768317235 0.011559442227664361 -1.8262532248242158 -0.0009059761659080047 -0.011561182484728934 0.9999327568739824 184.33673372496673
0.9999894731101601 0.0044684238236439265 0.001042521143384655 -0.8159354814989426 -0.004483182169773812 0.9998831956656532 0.014611505924759582 -1.8306596648698106 -0.0009771090422795862 -0.01461602621395083 0.9998927027638409 185.77291856400822
0.999992723027772 0.0035202324158830622 0.0014703233576200158 -0.8281963536050159 -0.003545346746637392 0.9998415839596372 0.017442405214490867 -1.8370192858102379 -0.0014086892197674417 -0.017447491438157506 0.9998467885848937 187.1275887518386
0.9999876492410222 0.004670926438104938 0.001698176953082362 -0.8409906944838327 -0.004701059746851154 0.9998233886436138 0.01819592147777353 -1.850344192244522 -0.0016128853469754866 -0.018203680336701986 0.9998329983701025 188.59809840897887
0.9999904439279129 0.004082736983469735 0.0015631078148716404 -0.8377617139454219 -0.004111062356023449 0.9998191426741503 0.018568282284487127 -1.854463306565148 -0.0014870158135228493 -0.01857453124635232 0.9998263727168446 190.00813523470856
0.999998815734603 -0.00032825400460592506 0.0015035894846612008 -0.8422982887432124 0.00029902153051534 0.9998117391346756 0.019400950082630628 -1.8463417871903622 -0.0015096749690778545 -0.019400477882023908 0.999810653247558 191.35559648570384
0.9999971324359614 -0.0012738930498028544 0.002027885864113348 -0.8475297164846547 0.001234142279745283 0.999809404490523 0.01948413644871558 -1.850908436329105 -0.002052320221823071 -0.019481578258352155 0.9998081096378101 192.8179371901824
0.9999916459083715 -0.0033948690476453287 0.00227661710500754 -0.8519921199070459 0.003347738787478096 0.9997863807581165 0.020395722101136646 -1.8614243306671294 -0.002345371762993792 -0.02038793059134952 0.9997893935850882 194.19346670472453
0.9999511026494721 -0.009545084553881108 0.0025852821879951953 -0.8461625054902877 0.009485876458252954 0.9997125220451344 0.022020249593525977 -1.842896618541758 -0.0027947243384153298 -0.02199464961814474 0.9997541822432323 195.66173818144946
0.9999125786796947 -0.012917527826798286 0.002823559248592526 -0.8405631846099996 0.012849823201360367 0.9996572653137604 0.022808637092479603 -1.8457777353060236 -0.0031172229654011577 -0.022770361330541597 0.9997358619030772 197.05447593669973
0.9999418645726995 -0.010330696678993688 0.0030893680299075967 -0.8499746329682578 0.010267303478892658 0.9997497258635456 0.019876319956270067 -1.8499146873513417 -0.0032939313351874897 -0.019843445339315403 0.9997976733817865 198.46576688526605
0.9999889633755253 -0.003156546335840369 0.003479849302758853 -0.8679065212645793 0.0031073318295377125 0.999896344711188 0.014058602773655442 -1.8551815420680704 -0.0035238655152721684 -0.014047634839224716 0.9998951176641551 199.91486186993035
0.9999549607159504 0.008064820792672006 0.0050035180967418335 -0.8802115276883831 -0.008131679452645073 0.9998759540518689 0.01348896994158683 -1.8538980943096928 -0.004894111708515305 -0.013529049682182015 0.9998965008865366 201.3491738873356
0.9998803046100294 0.01418865288078048 0.0061691614070354134 -0.9025957094415067 -0.014289468899030423 0.9997598152747418 0.016616945231583014 -1.85735229942591 -0.005931908089563348 -0.016703110635155758 0.9998428969408205 202.80098451972822
0.9998605621548566 0.014998633633476977 0.007341471527498439 -0.8921562235345923 -0.015140599756038656 0.9996916875329985 0.019679739459493556 -1.8499667050621509 -0.007044039438405149 -0.01978815003682237 0.9997793809786654 204.24066200370655
0.9998733257854685 0.014424418416255868 0.006728187390850791 -0.8985598898770955 -0.014557562251925046 0.9996904053553696 0.020178474865939832 -1.8582767738282533 -0.006435042143972584 -0.0202738651856734 0.9997737547201935 205.6507738736792
0.9999272422501431 0.010773647963033744 0.005425743852196865 -0.890755410841438 -0.010882517449183459 0.9997316022818584 0.02045224258974025 -1.857292192904669 -0.005203942757147064 -0.020509800690993264 0.9997761084665931 207.11045149751592
0.999951449437885 0.008880299188179659 0.0042707187722677105 -0.8850908529281329 -0.008964510281267931 0.9997573676353775 0.020120721235040075 -1.8608290301848156 -0.004091004863273638 -0.0201580296658353 0.9997884363828923 208.56172149096
0.9999607904443383 0.008040060339973452 0.0037114674867211213 -0.8941299704220815 -0.008110922756134214 0.9997771565696543 0.019489744499096108 -1.8464507331051763 -0.0035539419739128034 -0.019519084128950006 0.9998031680570292 210.02979744299364
0.9999465911438512 0.00971976204285392 0.0035129856267150606 -0.8986083651438831 -0.00978722313797258 0.999757533282639 0.01972523559716997 -1.8502342478441829 -0.0033204095136748204 -0.01975856486328475 0.9997992668537569 211.5090864377759
0.9999310801221096 0.011228223735235394 0.0034295736458859077 -0.9066450837449415 -0.011295968280170656 0.9997277318246678 0.02041723136566639 -1.84390097427245 -0.003199390894902964 -0.020454564976840745 0.9997856643683082 212.9288724928797
0.9999392090022058 0.010582176532941134 0.0030977119489319083 -0.9153191902419863 -0.010642916427814746 0.9997373637266596 0.02029610583942619 -1.854238530126246 -0.002882121630339971 -0.020327841114704776 0.9997892139134167 214.36081426957298
0.999934303900831 0.011107440250912424 0.002830659113131186 -0.9202281409008296 -0.011161316517179467 0.999741926402724 0.019786500996374957 -1.858462949100047 -0.0026101514224686527 -0.01981679537972254 0.9998002209128292 215.8314244984293
0.9999460580778955 0.010068074245054414 0.002552409817140334 -0.9289319310634091 -0.01011569738240806 0.9997608737298352 0.019387316425611593 -1.8501821814584174 -0.0023566067118593005 -0.019412090430203876 0.9998087902978106 217.30019158452555
0.9999364662530952 0.011110730784473083 0.001901340377061226 -0.9309758971214237 -0.011145801310296626 0.9997467029311216 0.0195525217600894 -1.8598704635345054 -0.0016836160948867295 -0.01957247187009297 0.9998070232747626 218.79920549729655
0.9999304860000632 0.011657860858951319 0.0017656224199139637 -0.9413035430120462 -0.011689509504738444 0.9997488045942299 0.019122842301519574 -1.8560413161918237 -0.0015422475845278231 -0.019142152641279796 0.9998155827312581 220.26875713802846
0.9999474065704095 0.010130499661441564 0.0015990774887021408 -0.9510618790211376 -0.010158878356908953 0.999770390048347 0.018867018483721673 -1.8447982933346485 -0.0014075781046048311 -0.018882271414980816 0.9998207232087347 221.7579149259804
0.9999018675391812 0.013958543507580322 0.0011892523547265771 -0.9571633745794174 -0.013978806773141898 0.999718058711836 0.019193646651403978 -1.8635018729476023 -0.0009210017667447825 -0.019208387849031096 0.9998150777021148 223.21027348306706
0.9999311770216575 0.01169914984118071 0.0008781152806861053 -0.9630280266052669 -0.01171397989656606 0.9997434084012334 0.01938814201628699 -1.8552644592951035 -0.0006510652252102267 -0.019397094282094837 0.9998116466897844 224.71482283408616
0.9999332268459783 0.011552211900848269 0.00029702287105745173 -0.9766287695259791 -0.011555787892171432 0.999748422074473 0.019223848288721094 -1.8482341137701264 -7.487016923149936e-05 -0.019225997372760623 0.999815160631827 226.16875072429255
0.999937569679687 0.011162347087139635 0.000508650276434612 -0.9790186499935934 -0.011170149438308217 0.9997471498121591 0.01951574287014881 -1.860893051514985 -0.00029068017806948296 -0.019520206588719374 0.9998094203644349 227.68257255028064
0.9999471575108537 0.010254580637488568 0.0007250789444490583 -0.9769166510180216 -0.010266645753352364 0.9997618099368255 0.019259267642839455 -1.8575876978777095 -0.0005274105544751219 -0.01926569445100879 0.9998142601826324 229.18228347703413
0.9999573700681967 0.009217689646953785 0.0005405776199754579 -0.9991507991370667 -0.009226625592098301 0.9997592721428649 0.019906460114776783 -1.8559572608703219 -0.0003569559312816429 -0.01991059961024248 0.9998017006464727 230.69889574289516
0.9999634479732323 0.008523750178501441 0.0006696139081105977 -1.0142795496090242 -0.008535633273331254 0.9997556746142675 0.02038955734166423 -1.862095374206204 -0.0004956548374022332 -0.020394528048866174 0.9997918871255878 232.1863715320688
0.9999622764126199 0.008657363302492421 0.0007041267139455459 -1.0106103835907427 -0.008670214192586357 0.9997430347600672 0.02094497175483106 -1.865033565050766 -0.0005226175758554598 -0.020950286983915076 0.9997803820624039 233.71336220533402
0.9999670661796702 0.008091552781508542 0.0006271468107528215 -1.0184684911087039 -0.008102992087910687 0.9997442434565433 0.02111372066372225 -1.8511136220827737 -0.00045614365074353957 -0.021118107495940723 0.9997768838494444 235.1796996905208
0.9999526908474617 0.009668065094225744 0.0010698429806755025 -1.0285343094698098 -0.009687771139242568 0.9997475689570203 0.020271789896003152 -1.8603606008294427 -0.0008735839929019276 -0.02028119565518328 0.9997939337500243 236.71344588209683
0.9999422420475842 0.010652059979554866 0.0014304420189987276 -1.0397634251934673 -0.010679981024294344 0.9997185648384919 0.021183227688497053 -1.860059782843101 -0.001204394515801038 -0.021197281707228822 0.9997745869404917 238.19987152729632
0.9999207145448974 0.012444143658476998 0.00192558691694662 -1.0473250410924042 -0.01248526121983395 0.999656087937417 0.0230613121549468 -1.8569466788509845 -0.001637946523592177 -0.023083525647144 0.9997321981341609 239.70952785286522
0.9999605774960365 0.008447692248533176 0.0027349469185853114 -1.0425933686513464 -0.008511581399818467 0.9996694897074281 0.024258283812266128 -1.8333880029503822 -0.0025291166691006305 -0.024280606696271346 0.9997019834524702 241.24033933929886
0.9999333724545159 0.011127072570031453 0.0030722769293264115 -1.0590384100307988 -0.011194848158202486 0.999672722237971 0.023002691156564618 -1.842159995450534 -0.002815319047686675 -0.023035552677690967 0.9997306823846696 242.71459941290553
0.9999204696019917 0.0120266714906553 0.003796527285904786 -1.0578134377131694 -0.012106533535686212 0.9996898251605852 0.021764313282606456 -1.8438673296324715 -0.003533597734408241 -0.021808545579189497 0.9997559207299607 244.2661785329971
0.9999269648005269 0.011424576526557758 0.003942599860736084 -1.0670095819434815 -0.011508727169968895 0.9996911659510789 0.022025483710523448 -1.8208847557303418 -0.0036897507222402384 -0.02206924982178939 0.9997496356387737 245.76827389045397
0.999925886059575 0.011520521386532877 0.003936997881598559 -1.073166757311834 -0.011609093084928048 0.9996618569021264 0.02326802153453411 -1.8202822812028914 -0.003667607165140279 -0.023312002489965327 0.9997215108253062 247.27533473835317
0.9999235100309208 0.011769550312946938 0.0038015456511336083 -1.0700592707710324 -0.01185890208282846 0.999631809264479 0.02440517078288539 -1.8250970283643113 -0.0035129083497689893 -0.024448386677791905 0.999694921400718 248.85638420972742
0.9999314920601418 0.011131850305693424 0.00361843521882104 -1.0795325893556038 -0.011217133179106142 0.9996375995303981 0.024471320749405952 -1.813935420804922 -0.0033447130804828426 -0.024510233228277317 0.9996939838632355 250.3298874761315
0.9999146959161709 0.012477959718392138 0.003860231390354986 -1.074175094212519 -0.012569800492007918 0.9996143973974079 0.02475998073893421 -1.809145001166903 -0.0035497891136192046 -0.02480639144548533 0.9996859716689377 251.90242845810633
0.9998918415018708 0.014222181274263113 0.0037463083283813623 -1.0915323591056971 -0.014310428748021475 0.9995927629747088 0.024688455972338205 -1.7963059539115989 -0.003393659264483837 -0.024739397480158094 0.9996881740323634 253.41028318843212
0.9998924968840013 0.014139865344907373 0.003880573643287267 -1.089467209434797 -0.014232098896222335 0.9995893888095448 0.024869683563650404 -1.7833269068258835 -0.003527326538491894 -0.024922239202208155 0.9996831697951883 254.97089561265165
0.9998969292643546 0.01379648840129455 0.003973377085549961 -1.0915069522975205 -0.013892740593874114 0.9995830773598433 0.025311326182972278 -1.7818412667684798 -0.0036225133631826454 -0.025363918930627675 0.999671720628794 256.5212676955375
0.9999266139514585 0.011515723418980058 0.003762286928593876 -1.0903529300553116 -0.011610732871908728 0.9995869056398174 0.02629085326828662 -1.7676642845925519 -0.0034579748261922266 -0.026332607319980182 0.99964725589311 258.0444722770151
0.9999578867028436 0.008410601479016675 0.003672409257164826 -1.1016700402844624 -0.008508001021292818 0.999589305333679 0.027364842058294203 -1.7773433552280526 -0.0034407465064941168 -0.02739493503986453 0.999618766736455 259.54280942445916
0.9999668941747041 0.00737666803881668 0.003434430370370957 -1.0906116010029783 -0.007466051998771282 0.9996133577019654 0.02678419625544017 -1.7588155115546493 -0.003235524602227302 -0.02680895170966 0.9996353392624503 261.08319298319554
0.9999640901158897 0.0078007858029715445 0.0033115263941016866 -1.0944464685089796 -0.007882908397829631 0.9996423120631645 0.025555971678292787 -1.764078796726266 -0.0031109854828545547 -0.025581158933170572 0.9996679079020393 262.63855642070126
0.9999864696938671 0.0036582502073957733 0.0036983283117090985 -1.1054216940474695 -0.0037580618605145416 0.9996188118070741 0.02735156377429107 -1.7347196415139745 -0.0035968599710034972 -0.02736509278506525 0.9996190345872251 264.1535866696168
0.9999910017072828 3.565393967224634e-05 0.004242079463929871 -1.093897004873329 -0.00016172279437826238 0.9995581901413385 0.0297220178645704 -1.7162450461880763 -0.004239145898773939 -0.029722437040493325 0.9995492015877324 265.70012621881494
0.9999902460383238 0.0011230838972581952 0.004271593831398057 -1.0985595240511932 -0.0012459267901853924 0.9995825428285448 0.028864991262884686 -1.709000241268594 -0.0042373931520411304 -0.028870032374485835 0.9995741922164303 267.2803891047725
0.9999897166510979 0.0010662321572557 0.0044079183682728534 -1.1052634320643846 -0.0011894800321362534 0.9996057253602499 0.028053145045395664 -1.6989141030519925 -0.0043762696198654 -0.028058100246268647 0.9995967143247372 268.7836277675837
0.9999831542003779 0.0025497851670972134 0.00521439470873283 -1.1051108043196793 -0.0026936746066100288 0.9996105328057387 0.027776371374263732 -1.6899822560664262 -0.005141540505692136 -0.027789949887189906 0.9996005618543845 270.36994381477143
0.9999706785263479 0.004127704367942731 0.00645012734300076 -1.1090084593459295 -0.004308012736201298 0.9995931597603076 0.02819496364987979 -1.6767500530061656 -0.0063311232096888 -0.02822192471699059 0.9995816324128247 271.8399362372418
0.9999554597293457 0.006154079745790988 0.0071558265846196015 -1.1207256612170373 -0.006350667044948568 0.9995938304366627 0.027782065703526496 -1.6701317368167443 -0.006981947625914994 -0.027826273102345922 0.9995883907612764 273.36729903608324
0.9999426229127266 0.006814907508332865 0.0082648600014393 -1.1037088998283195 -0.007042595888300838 0.999587580532215 0.02784009131166519 -1.653867901739845 -0.008071724425142804 -0.02789670054586168 0.9995782217392241 274.95858480748956
0.9999252795569723 0.00852327200425357 0.008762940464934641 -1.1235171216144897 -0.008758922001395778 0.9995912429723018 0.027214486198437134 -1.6462164147226939 -0.008527402782385703 -0.027289207169453007 0.9995912077369064 276.46590220893205
0.999912645172313 0.008446090283439898 0.01016688604657419 -1.0973069117035295 -0.008716465301153309 0.9996014759142676 0.02684981533608978 -1.6354247681678797 -0.009936059151780318 -0.026936089713823448 0.9995877759407115 278.0667966415577
0.9999163510564961 0.006725064837322383 0.011048275227912664 -1.087646099259156 -0.007017255948996486 0.9996208788159603 0.026624363859214822 -1.6173373201404277 -0.010865036916704943 -0.02669966585692083 0.9995844530736047 279.56129624624543
0.999909146544917 0.006764531883685992 0.011659320588674315 -1.094608814362674 -0.007081654184208816 0.9996001274889074 0.02737581586329679 -1.614363863609401 -0.01146947471529181 -0.02745589648925973 0.9995572144251379 281.11125367563835
0.9998986700222348 0.006056418698414562 0.012882914024828763 -1.054355176602062 -0.006418700248754699 0.9995797683613464 0.028268126274319898 -1.601871527339497 -0.012706297659661915 -0.02834795398218911 0.9995173552860827 282.71048168743033
0.9999023840202222 0.0051977032099811 0.012969437437332422 -1.0546102686255194 -0.005570370738719813 0.9995677820394707 0.02886555159757546 -1.5947122084122811 -0.01281379830334528 -0.02893497899711792 0.9994991613691063 284.2070759376191
0.9999072779691093 0.0030258903873156004 0.013277027215403643 -1.031127856366082 -0.0033811618086166013 0.9996346145361574 0.026818000564505583 -1.5760789104688153 -0.01319102874593125 -0.026860406243366695 0.999552157392925 285.7906128749533
0.9999025527485716 0.005549793139592389 0.012809558841210995 -1.0337778986366346 -0.005860597573076366 0.999686198835437 0.024354819863910096 -1.578446821642774 -0.012670376026014011 -0.024427518698503427 0.999621307251062 287.3479435354369
0.9999107303566312 0.0056366888808618894 0.012114415009955432 -1.0115785109644615 -0.005934880384203593 0.9996767666416686 0.02472123435457206 -1.5778146404533528 -0.011971154312207572 -0.024790925585996142 0.9996209789124018 288.8974133428513
0.9999246860508431 0.0034032927950055757 0.0117915149274478 -0.9857323474125419 -0.0037000463320024735 0.9996746500027428 0.025236952863559547 -1.5611788303946925 -0.01170179078706403 -0.02527868181184292 0.9996119528834272 290.4530696102302
0.9999453780052707 0.002749686800314924 0.010083661550983836 -1.0015333000738755 -0.00300145802063052 0.9996819773473689 0.025038678204312163 -1.551969782143185 -0.010011607021335644 -0.025067576716630215 0.9996356257811715 292.00430474683566
0.9999439887489923 0.0038459323662078052 0.00986043450606227 -0.9957174139876035 -0.004090401419448841 0.9996817329100423 0.02489380433381094 -1.5443683065556568 -0.009761557171609585 -0.02493274362240097 0.999641470881125 293.6060788201562
0.9999479279887774 0.004422236936033485 0.009197017445716342 -0.9887205331450373 -0.00465388757571332 0.9996685499844324 0.02532057454311933 -1.5335571160116317 -0.009081996261570075 -0.025362058430971363 0.999637075815441 295.1150234430077
0.9999576696543491 0.004287402880514114 0.008141073312220469 -0.9998893526303407 -0.004493426407314871 0.9996657606142982 0.025459304130102448 -1.527072583844708 -0.008029198609344246 -0.025494808242003664 0.9996427095374996 296.6970352596009
0.9999681269963688 0.003448983780167306 0.00720065986657984 -0.9803086484749808 -0.0036406154923826293 0.9996349420219849 0.026771787322300514 -1.512960014010194 -0.007105696327205763 -0.026797149383910188 0.9996156370702962 298.2828849237399
0.9999704558332372 0.0041506485760041435 0.006469897646830784 -0.9817718304463157 -0.00433043393875154 0.9995978094187457 0.028026179474829927 -1.4982549665931988 -0.00635096920747353 -0.028053369479989945 0.999586251237802 299.83469197678454
0.9999640736239599 0.004194455256786992 0.007366003339476269 -0.9777354114686736 -0.004401281682428794 0.9995900556233971 0.028290447274578225 -1.4845170219364194 -0.007244321262294809 -0.028321851312429754 0.9995726049469001 301.4602391525219
0.9999528303959145 0.005168865007097909 0.008223126805871832 -0.9893468568352186 -0.005399695102449352 0.9995848686898356 0.028300769776746986 -1.4639472478408229 -0.008073430929760303 -0.02834383777421426 0.999565628953743 303.0242813776456
0.99994781457136 0.004963515355085758 0.00892925789383954 -0.9645958979723251 -0.005216224134274216 0.9995800650178093 0.028504115754256286 -1.4560893555054097 -0.00878402828959841 -0.028549205824628894 0.9995537923025344 304.63089108262784
0.9999584691241585 0.0018331791592477824 0.008927456791846613 -0.964046897815974 -0.002080162908598366 0.9996131358941152 0.02773538272452561 -1.4377465958546845 -0.008873159881375721 -0.02775280195545328 0.9995754343864904 306.22461905175595
0.999955949117278 -0.001259847245382948 0.009301215982954608 -0.9579900215557194 0.0010211332405980593 0.9996711013537225 0.02562511243260692 -1.4220570662528973 -0.009330441320755098 -0.025614486339257853 0.9996283514203732 307.81595921413935
0.9999551298938996 -0.0013247871316796993 0.009379933203445519 -0.9502720338793413 0.0010911593662450546 0.9996901317243083 0.02486865269908158 -1.4088225763433673 -0.0094099731059486 -0.024857302319280027 0.9996467210648906 309.4317393366073
0.999970795787133 0.0008934108511092281 0.007590085318720545 -0.9438423993194612 -0.00107758864491942 0.9997042220605938 0.02429623805875483 -1.4026602687571157 -0.00756613443612261 -0.024303707969542045 0.999675989206756 311.0037647022671
0.9999863609910092 0.0013236332952158841 0.005052309389688362 -0.9464160871372883 -0.001449270188268367 0.9996877722430193 0.024945092313235336 -1.3884209801042335 -0.005017714167789795 -0.02495207473700265 0.9996760557904414 312.6302255291387
0.9999840801180307 0.0027262248461732124 0.0049403652866543 -0.9521207787395882 -0.002863990322472836 0.9996011114127158 0.02809654084776815 -1.3768250958473904 -0.0048617975320527345 -0.02811024326469708 0.999593005758874 314.25813120079187
0.9999837085967208 0.0009428694037751451 0.005629701838014957 -0.941752684961091 -0.0011195318080604302 0.9995043791074154 0.031460177553910895 -1.3579119307322192 -0.005597249249173347 -0.03146596827009693 0.9994891513464393 315.84194607426855
0.9999838958912662 0.00010525069978850957 0.0056742300103592245 -0.9450941649844138 -0.00028737848154637355 0.9994844248173846 0.03210610435534877 -1.3361433383071906 -0.00566792578150657 -0.03210721859504572 0.9994683592539698 317.4677248911941
0.9999831584017044 -0.0004764200501963349 0.005784111312731048 -0.9426116856439114 0.0002945165248582314 0.9995065706491054 0.03140905068825034 -1.316366495386417 -0.005796221628573677 -0.03140681880720639 0.9994898776699029 319.09746500195314
0.99997807938401 -0.0014961917911746423 0.006449974437336294 -0.9394540040667123 0.0012937688515810494 0.9995100028831527 0.03127427494353861 -1.2965882174733658 -0.006493606805509734 -0.03126524522594167 0.9994900287288513 320.7389778372236
0.999977117354713 -0.0018768328746064482 0.0064994057058606475 -0.9315490902103138 0.0016709687661268652 0.9995012146467207 0.03153616585440126 -1.27851766359359 -0.006555352538897438 -0.03152458453413624 0.9994814795383391 322.3577781512886
0.9999724018325853 -0.0017300261338326472 0.007225136124773494 -0.9372961828870434 0.0014993719376118868 0.9994928675742611 0.0318081675913049 -1.2688685798076242 -0.007276501574499881 -0.03179645719726817 0.9994678773486019 323.9764655847768
0.9999700983132432 -0.0009316373336519038 0.007676883450749933 -0.9260242437908697 0.0006943076313506592 0.9995234838088161 0.030859734729876555 -1.2549176015221195 -0.0077019759985578915 -0.03085348245411801 0.9994942432060017 325.62083341788326
0.999965511134901 -0.00018439287063603226 0.008303164888836097 -0.9295420667706356 -6.85266020419243e-05 0.9995362879708584 0.030450029741593006 -1.2313359237589654 -0.008304930057206707 -0.03044954913554831 0.9995018024542421 327.2310734673791
0.9999580602605441 -0.0007179664495136125 0.009130293106934754 -0.9189662810247186 0.0004263854414123299 0.9994910542967911 0.031897500703395094 -1.21826763250214 -0.009148548366351275 -0.03189227052705699 0.9994494420231409 328.8687984747014
0.9999557526677196 -0.0019300371321083042 0.009206936148283608 -0.9188671514082003 0.0016167885686523553 0.9994235809192115 0.033910055554743586 -1.19479893384775 -0.00926707751687573 -0.03389367011514068 0.999382479544346 330.48320000320894
0.9999548320910917 -0.002221891602609504 0.009241048945580059 -0.9166092656462779 0.0019155390651357865 0.9994525572244876 0.03302902570134783 -1.178755718722107 -0.009309377675086617 -0.03300983290039731 0.999411670152846 332.1001322621387
0.9999574595595266 -0.0014614876876079003 0.009107312126723777 -0.9000338104492956 0.0011562547017540357 0.9994403670526126 0.033430760573565005 -1.181490453090749 -0.009151074766254846 -0.033418808691921535 0.9993995402617184 333.7406530885917
0.9999584618062254 7.346931492123107e-06 0.009114527693393838 -0.9045886519991149 -0.000289270872264432 0.9995215007056553 0.03093033990934318 -1.1318079673397894 -0.009109939900314088 -0.03093169228850806 0.999479984503356 335.3269248902189
0.9999613732083937 0.0016807611679133727 0.008627116382618549 -0.9120450231053336 -0.001925847982041034 0.9995925174834435 0.02847964332850688 -1.1319716504869624 -0.00857573420691168 -0.02849515832186987 0.9995571433127607 336.9315875136358
0.9999699313081087 0.002399228200412309 0.007374292244989301 -0.9056647055116405 -0.00261557520924211 0.9995622507921829 0.02946973941306448 -1.1145498558044191 -0.0073003601179921955 -0.029488141889626226 0.9995384706173872 338.5475251132046
0.999970250138666 0.004015996928796248 0.006585636272641871 -0.9013198605383478 -0.004223814266576191 0.9994836748250862 0.0318518937381569 -1.0973708287276223 -0.006454319355580673 -0.031878763279317684 0.999470903143798 340.1615476243265
0.9999740483996208 0.004571855328353446 0.005567823922951834 -0.9034871775377605 -0.004762579877148202 0.9993851260520995 0.03473740979452146 -1.0727357766764702 -0.005405586430315544 -0.03476302619358634 0.9993809642311642 341.77686773148383
0.9999765188207594 0.00523174136971653 0.004426136485268027 -0.9175318970925602 -0.0053798836897941925 0.9994023154049629 0.03414774952226045 -1.0525196663678704 -0.004244839189532794 -0.03417076046636331 0.9994069944181014 343.35584026824546
0.9999814724103129 0.005470218538864566 0.0026704939398136092 -0.906930443391838 -0.005554628909327781 0.9994498842080904 0.032696712975236776 -1.039837005828867 -0.0024901668780416284 -0.03271094143367755 0.9994617518452261 344.9703640459771
0.9999879655501259 0.004846602776921368 0.0007610441176032338 -0.9125916124656008 -0.004869609209680063 0.9994138594429243 0.03388546062166217 -1.0152170364813697 -0.0005963686948144784 -0.03388875948738949 0.9994254331119861 346.56527500496014
0.9999978439658465 0.0020548654950672367 -0.0002993114962873255 -0.9216563131922741 -0.0020429548933225527 0.9993685390038622 0.035473223119434696 -1.0136486762981143 0.000372015254624542 -0.03547253585909434 0.9993705823339846 348.1625237894301
0.9999988117735501 0.0014970217613326283 -0.00036793230056782417 -0.9365848292142247 -0.0014833051201612567 0.9993926959009416 0.03481435278237857 -0.9814207856270456 0.000419826760740477 -0.03481376634683229 0.9993937289414558 349.77337926448587
0.9999987872679484 0.0013408739303682532 -0.0007921591824906417 -0.9455500699156782 -0.0013131421608583915 0.999420011400605 0.034028171335571684 -0.9644672862586273 0.0008373273249569378 -0.034027090523265933 0.999420560135859 351.3722330684758
0.999998687057234 0.0015655893068686668 -0.0004181035380275359 -0.9548155308058079 -0.0015504610416330238 0.9994200671854868 0.034016545278927064 -0.9336262067762036 0.00047111707255802085 -0.034015853035924457 0.999421182394643 352.9825146654217
0.9999991674346839 0.0010430909468520022 -0.0007596632383965529 -0.9701172044598794 -0.0010164993235369834 0.9994144365525333 0.0342016185801453 -0.9230173673863644 0.0007948939005701112 -0.034200818583426475 0.9994146647817892 354.54676194356097
0.9999994021652865 0.0005032122715930227 -0.0009707955901907616 -0.9686466270164138 -0.0004699668004652406 0.9994235216590366 0.03394706849365494 -0.9028405067884426 0.0009873186395976388 -0.03394659262748456 0.9994231606681083 356.14129345868525
0.9999998830026278 0.00022355973084297633 -0.00042896939078267116 -0.9901258419343221 -0.00020919639774129306 0.9994488344674956 0.033196136711411375 -0.8821187980258397 0.00043615434046399316 -0.03319604374350671 0.9994487643076454 357.7518083099677
0.9999996212143577 0.0001520188235543448 -0.000857006298158413 -1.0028821668004428 -0.0001234063646040704 0.9994457851512029 0.033288245496349504 -0.864878934379626 0.0008615918719280517 -0.033288127784122094 0.9994454253413924 359.3318345943883
0.9999998970462158 0.0001596433624961452 -0.00042475949343062517 -1.0184873302574047 -0.00014565084070959113 0.9994638683721375 0.032740717449654434 -0.835763287164013 0.00042975866719667543 -0.03274065285807404 0.9994637887308171 360.9384691390295
0.999999903537948 -0.00020665073810353235 -0.000387581339291207 -1.0205275362064097 0.00021893372277644388 0.9994890074331818 0.03196366786623495 -0.8375829811736348 0.00038077803036367904 -0.031963750267724356 0.9994889562681427 362.50056222746457
0.9999972291086914 -0.0021667999503068615 -0.0009201927276838921 -1.0302511484615586 0.0021957179931075908 0.9994633588067947 0.032682919033031596 -0.8100021314021356 0.00084888166509961 -0.032684849599182476 0.9994653470898686 364.0903989426
0.9999841955304117 -0.0055973290187368505 -0.0005278290426491844 -1.0412418588652843 0.005612140900917622 0.9993958215590273 0.034300082948203435 -0.7966177675698614 0.00033552134629853637 -0.034302503776622466 0.9994114396425754 365.69148714849393
0.9999844939923308 -0.005546419572503536 -0.000499010095598218 -1.0616534728220488 0.005560237162689944 0.9994000687736491 0.03418459102465161 -0.7623875317106931 0.0003091086930040491 -0.03418683624241473 0.9994154114819818 367.305346692204
0.9999939122819687 -0.0034892712908406193 -1.9741343737285366e-05 -1.0653862537964867 0.0034880134557982653 0.9994461111934437 0.033095385655250116 -0.7486236743912832 -9.574835113755381e-05 -0.03309525368749255 0.9994521974769573 368.91996604190257
0.9999975615571604 -0.0022053570778456013 -0.00011525185020698275 -1.087331157226099 0.0022079977541635213 0.9994219198846661 0.03392566535146077 -0.7213370389477608 4.03670499294676e-05 -0.03392583776850127 0.9994243522796191 370.50400514409955
0.9999990524344914 -0.001042664593944585 0.0008988790789949603 -1.0870863053309918 0.001010572145360494 0.9993870495563911 0.034992912032700066 -0.7013801788537787 -0.0009348140320049954 -0.03499197118058367 0.9993871562628117 372.1138388088413
0.9999992739040753 -0.0006573324517881174 0.0010100038971380182 -1.0937777030340345 0.000621532788926427 0.9993855185768533 0.035045669147202446 -0.6804233344821645 -0.0010324199832890128 -0.03504501663952632 0.9993852014839435 373.6990505783252
0.9999989029900361 -0.00048039757878684183 0.0014011565356427053 -1.1013393735330164 0.00043142082478052 0.9993960191475338 0.034747816607355826 -0.6502899016782075 -0.001417003122795863 -0.0347471746838791 0.9993951300561988 375.3042871640518
0.9999986629874228 -0.0003071444788445704 0.001606140831661143 -1.1353128077656853 0.00025197838585016945 0.9994137748636084 0.03423511489174285 -0.6235514805021773 -0.001615714507168724 -0.03423466507939157 0.9994125160307494 376.935441133584
0.9999987537912606 0.0004896196952936189 0.001500896323894176 -1.1146234270370272 -0.0005419679484418649 0.9993844182561424 0.0350783521485466 -0.6018159340734147 -0.0014827974446976887 -0.03507912256186331 0.9993834381751826 378.5160647140054
0.9999961378436086 0.0010825570146238946 0.0025597596965990657 -1.1194229296419214 -0.001171829142828311 0.9993818947170755 0.03513481608071816 -0.5703173704097161 -0.002520142238932187 -0.035137680676902885 0.9993793035206193 380.14643053989516
0.999996041435633 0.0016689118842323804 0.0022653578799340865 -1.1412433099272135 -0.0017472135871606717 0.9993852731919836 0.03501461046077103 -0.5414341544078536 -0.002205529162670825 -0.035018430606932105 0.9993842330078795 381.7503246968153
0.9999905005551738 0.0036300153292739513 0.002412837450376677 -1.1467635082864076 -0.003711944765777157 0.9993851018395628 0.034866024511659925 -0.524937069631863 -0.0022847897630337796 -0.03487465031141457 0.999389082653443 383.36528564953585
0.9999865673815277 0.0040777601530930414 0.0031995194891849053 -1.1624567632572975 -0.0041862592536641464 0.9993900185210395 0.03467082481462741 -0.4998528357935445 -0.0030561887644361754 -0.034683753796973193 0.9993936646572859 384.9849361073781
0.9999803784794713 0.00518014531692953 0.0035226048205768815 -1.1674083691467723 -0.005299406968752592 0.9993825242843971 0.03473451341841999 -0.48135465789632476 -0.003340500125453078 -0.03475250027719287 0.9993903665773117 386.62329476229615
0.9999704726083456 0.006838113738087804 0.003506294641792863 -1.1726331736896558 -0.0069588876772328865 0.9993392213646222 0.03567484420178751 -0.45540979330006937 -0.0032600293623525 -0.03569819143344746 0.9993572991491051 388.2025482976465
0.9999655434432502 0.007409394149622861 0.003743366600946737 -1.1844090154479798 -0.007539384268507938 0.999323533888429 0.03599489250890713 -0.4265112283975745 -0.0034741342595899292 -0.03602187564093759 0.9993449629094013 389.83351027766184
0.9999489201205227 0.00918640396238198 0.004215105760159019 -1.188284735081825 -0.009332271042032792 0.9993082056374089 0.036000261844090005 -0.4014105588104431 -0.003881477125489567 -0.03603776017864595 0.9993428911050497 391.44238446748983
0.9999366163633355 0.01007044672009751 0.005034812936058845 -1.1926702936841038 -0.01024785086541129 0.9992793619326894 0.03654775450933868 -0.3785954946917098 -0.004663132809125929 -0.03659703471708158 0.9993192244063376 393.11063793354674
