1.0 -2.1684043449710093e-19 -2.5135375298442207e-37 0.0 2.1684043449710093e-19 1.0 2.3183291766350204e-18 -8.673617379884035e-19 -2.51353752984422e-37 -2.3183291766350204e-18 1.0 0.0
0.9999995295397155 -0.00043795438269228005 0.0008655150527340376 1.3229969388795335 0.0004380674950230034 0.9999998955329614 -0.00013050262823914883 -9.86459097629952e-05 -0.000865457808118253 0.00013088172085390113 0.9999996169263053 0.01638626271902344
0.9999991195464726 -0.00047845781741076945 0.0012377335724627666 2.622665709844006 0.0004794223443770867 0.999999581586909 -0.000779089354681296 0.007719467432239884 -0.0012373602931866278 0.0007796820658603499 0.9999989305171186 0.02559352705217282
0.9999988291498209 -0.0009950315359562039 0.0011625881600754511 3.9485223455237533 0.0009966259825174993 0.9999985626013133 -0.0013716894540754094 0.006564402693188057 -0.0011612216147084131 0.0013728465135998647 0.9999983834270992 0.049406519562481314
0.9999992166202866 -0.0003597950289047653 0.0011988771206389642 5.26030220079486 0.0003623176137493819 0.999997719751856 -0.002104570510904671 0.01681137882316869 -0.001198117172893832 0.0021050032365243555 0.9999970667340051 0.05563253269481522
0.999998450844083 -0.0007695376544307211 0.0015830733503908356 6.586080698526497 0.0007734120359212855 0.9999967040086682 -0.0024482249942582588 0.009463335434742232 -0.0015811841312751952 0.002449445569558961 0.9999957500275413 0.06987403971919036
0.9999963809987618 -0.0004940077253116983 0.0026446069171891583 7.9175282891437995 0.0005033231259540929 0.9999936678719862 -0.003522908139950515 0.01637458150288317 -0.002642849827362914 0.003524226482362074 0.9999902975391766 0.0971633789804199
0.9999955579501412 -0.00035907405021257745 0.002958909564726167 9.237530293208405 0.0003699169423543161 0.9999932163354741 -0.003664757084638109 0.032454216482307625 -0.002957573573306891 0.0036658353563833053 0.9999889071433234 0.10635730769524404
0.9999966059928593 -0.0008722023302638362 0.002455049053863112 10.566558985710598 0.0008805635585835624 0.9999938094497197 -0.0034067095644953432 0.029328993595597503 -0.002452062515737819 0.0034088598288301224 0.9999911834931776 0.12276638657387465
0.999999733234016 -0.0007304180979407828 4.615060492465594e-06 11.888931956453117 0.0007304196753300525 0.9999996714423203 -0.000351571257732802 0.04809704242325428 -4.358264966788186e-06 0.000351574534876536 0.999999938188174 0.13297613174001408
0.9999994026244576 -0.0008872988118129229 -0.000638319313741773 13.23061689078312 0.0008886254398521344 0.999997439802685 0.0020810413025988115 0.0414235441372527 0.0006364711740432504 -0.002081607286216575 0.9999976309049691 0.14289220010831952
0.9999995721188846 -0.0005762685197200768 -0.0007236550566277934 14.56659751953426 0.0005802812712144161 0.9999843902581442 0.005557203765719934 0.07076563008827491 0.0007204413189713126 -0.005557621311373569 0.9999842967815371 0.16102857649694083
0.9999999663125252 -0.00024012748553897616 9.855830353846886e-05 15.917845562539195 0.00023954748009391547 0.9999828990041676 0.005843313805174602 0.0869040147596539 -9.995975834458255e-05 -0.00584328999893486 0.9999829228392029 0.1814269655004392
0.9999952334638775 -1.1347109679226416e-06 0.0030875634791075416 17.260965773635746 -1.2061852697491221e-05 0.9999908660021668 0.0042740808074087575 0.07822747869629103 -0.0030875401271557835 -0.004274097676584077 0.9999860994958951 0.20217475507152763
0.999987311028447 5.450944615109652e-05 0.005037341641801606 18.62584885313612 -5.3790763395606425e-05 0.9999999883564415 -0.00014280640890091347 0.08185934993406734 -0.00503734936744728 0.00014253363438205635 0.9999873023171411 0.21944299206286225
0.9999935916318972 -0.00021301480760898306 0.00357369834067541 19.96065732552194 0.00022054605948015237 0.9999977556377261 -0.0021071494836386612 0.07500757609380351 -0.0035732414659598146 0.0021079241453359292 0.9999913942635823 0.2427066715092066
0.9999994178883466 -0.00020881748106168908 0.0010585925692016926 21.3218007138873 0.00021190303278224759 0.9999957274860745 -0.002915494246532416 0.07660114018635503 -0.0010579792401855883 0.0029157168683651338 0.9999951896259656 0.2335901114998803
0.9999999688301028 0.00019682233996882719 -0.00015362538826350428 22.668261423706344 -0.00019695537417141422 0.9999996052531006 -0.0008664307379220661 0.08922523749784607 0.00015345479469509984 0.0008664609682613368 0.9999996128484333 0.28271262944106934
0.999998717708171 0.0008833541373904354 0.0013357647553510228 24.038396650466975 -0.0008856327842513947 0.999998152187587 0.0017062461671387146 0.09437168115768998 -0.0013342550674971785 -0.0017074269762925828 0.9999976522255117 0.26404442682605256
0.9999797881521398 0.0017339214494103798 0.006116927628218516 25.429713168776175 -0.0017466864617992604 0.9999963069467496 0.0020821093310547027 0.11089795113046759 -0.006113294824049922 -0.0020927516024536906 0.9999791237906543 0.28199543311303826
0.9999759976549534 0.0018562472015684667 0.006675212379184466 26.79969896455676 -0.001859044346742378 0.9999981867511117 0.0004128542182137315 0.09561331470282637 -0.006674433915875826 -0.0004252538245811597 0.9999776352954537 0.2933166083422331
0.9999784542334449 0.001789839096031781 0.006315658706773696 28.172113301533255 -0.0017664362515158402 0.9999915608758053 -0.0037091616492046743 0.09852732924104013 -0.0063222442106787465 0.0036979255239818188 0.9999731769277412 0.3208043130604237
0.9999905733632171 0.0017268835046620969 0.00398384965402088 29.533219976186494 -0.00171224150020747 0.9999917782240786 -0.003675828245510178 0.10471047268472253 -0.003990164626864862 0.003668972282104229 0.9999853085064019 0.31439521730291436
0.9999950643122798 0.0024708979902771217 0.0019406221170039399 30.9149806379619 -0.002463460810603245 0.999989648576514 -0.0038254543069528024 0.10651723987976416 -0.0019500543361615275 0.0038206547791715265 0.9999907999002513 0.3466358308845308
0.9999953830293599 0.0029173040199489187 0.0008504453064124094 32.30084198930683 -0.002915961502887114 0.9999945073216208 -0.001575593571546984 0.11804860321475638 -0.0008550371206499418 0.0015731064313039135 0.9999983971225544 0.33498603943393424
0.9999933597080755 0.0034095537997962224 -0.001286655603393829 33.68258927240574 -0.0034097252081597305 0.9999941782830015 -0.00013105002582842568 0.11881685371703933 0.001286201290735505 0.00013543629766310937 0.9999991636712747 0.3749644636743253
0.9999930175923188 0.0036360724965820456 -0.0008624055936930805 35.07661064524826 -0.0036361340924015747 0.9999933868019278 -6.986610126125807e-05 0.13065668346761888 0.0008621458522248313 7.300143580836119e-05 0.9999996256875899 0.35752649755237637
0.9999948522836919 0.0030954097502683114 0.0008448932446598729 36.47164631795491 -0.0030955257409116246 0.9999951995991454 0.00013601122190465273 0.12396407003265769 -0.0008444681783711897 -0.00013862591054463464 0.9999996338281092 0.40070321993474894
0.9999935936358016 0.002871630758931271 0.002136919310512678 37.87070343532275 -0.0028749969690142325 0.9999946286608377 0.0015738620974216117 0.13406323562283173 -0.0021323882815850264 -0.0015799956512285694 0.9999964782607781 0.4063319694534956
0.999993555783523 0.0024710600475890097 0.0026042760351652435 39.26564306165185 -0.0024796088196035898 0.9999915317972671 0.0032844898929743327 0.12846539251578717 -0.002596137809876567 -0.0032909263128359243 0.9999912148976488 0.4104651503011156
0.9999914269423197 0.0029847386952366194 0.0028700830622981808 40.66448246931016 -0.003002571326529234 0.9999760906787168 0.006229176216780974 0.14482993427096028 -0.002851421977266461 -0.006237740442801581 0.9999764797168361 0.44035791980785866
0.9999897044312217 0.0029872273956115577 0.003415772832701817 42.08870736981355 -0.0030180441610719757 0.9999544696800975 0.009052622616494959 0.1547764678994833 -0.0033885750691899034 -0.009062838367849472 0.999953190164279 0.45977802326067135
0.9999907418578277 0.002576274178194394 0.003446593969457038 43.48010326221427 -0.0026092073672325604 0.9999506571587105 0.009585159611505247 0.15167710222864986 -0.00342172990551682 -0.009594063749111785 0.9999481215069268 0.45988701599396475
0.9999921650863837 0.0022410046206461968 0.003263075870541594 44.90527343027928 -0.0022695274276904077 0.999959021920812 0.008763773412637201 0.16135854118708637 -0.003243302499248158 -0.008771110389416388 0.9999562733497075 0.4748542618061436
0.9999953711005799 0.0013784199835121765 0.002712514656657464 46.30273555069145 -0.0014005800070366783 0.9999655241056622 0.008184679329836995 0.15074839884186428 -0.0027011392147418853 -0.008188440537576499 0.9999628259532977 0.4900896326488662
0.9999939174474877 0.0004489115718227149 0.0034588359932280514 47.73402964936008 -0.0004757388993368328 0.9999697833428379 0.00775925729548543 0.15882013884881382 -0.0034552482583779707 -0.007760855602223878 0.9999639145388171 0.5109380789596761
0.999990338450486 -0.0005727294089492 0.004358323841418805 49.13302959022545 0.0005368307979139877 0.9999659599854084 0.008233509771368339 0.16449475850372977 -0.0043628910571965815 -0.00823109054044065 0.9999566062235592 0.5244090744268272
0.9999887648906962 -0.0014019759229351417 0.0045281956551427435 50.560357603691855 0.0013604364818480272 0.9999570879226451 0.009163597865588706 0.18031874613025534 -0.0045408484844355265 -0.00915733458899887 0.9999477605946555 0.5442954951373162
0.9999855348550256 -0.002612983939496997 0.004701318500186099 52.00635633625626 0.0025696356448680897 0.9999543499421323 0.009202988887326671 0.1842382479394383 -0.004725151146882465 -0.009190775089162263 0.999946599874163 0.5506049210903414
0.9999750857570289 -0.0036567532935063546 0.00603788212646589 53.4158300131946 0.0035966144703041734 0.9999441164245596 0.009941247017281073 0.1986874140758441 -0.0060738973957965795 -0.00991928340441141 0.9999323555056953 0.5717153637110455
0.9999662465424146 -0.004615495402768059 0.006797277253570098 54.871551033621735 0.0045576662159409935 0.9999534983378947 0.008498755230613074 0.2019690739060103 -0.006836187134576163 -0.00846748864733989 0.9999407823373683 0.5833081650356496
0.9999582463774787 -0.00494864522082949 0.007682214013954493 56.27053932201509 0.004903550446908656 0.9999707028884 0.00587780213124529 0.21231730155430234 -0.007711076104698958 -0.0058398865877524716 0.9999532164206233 0.5814689746631961
0.9999586393022708 -0.00549869898295647 0.00724458378692007 57.70055625099599 0.005464070037883646 0.9999735941558071 0.004791130319466035 0.2225690695118012 -0.007270737470984211 -0.004751347241766062 0.9999622798266022 0.607990806151503
0.9999564533927894 -0.005443751401407508 0.007580032242274149 59.151514907183405 0.005419140936689351 0.9999799910004088 0.0032635119627087397 0.2391532016016264 -0.007597646321232617 -0.0032222925848096394 0.9999659457205907 0.6135734741655351
0.9999514058402792 -0.005157595171020614 0.008401498086709218 60.55055935801206 0.005132751739040156 0.9999823992639112 0.0029759069166923626 0.2427498651358807 -0.008416698737301585 -0.0029326395010812393 0.9999602786150668 0.6331706372107279
0.9999467954294211 -0.00449748213897583 0.009283262618342421 62.00827747076492 0.004488284541827015 0.9999894161624168 0.0010113678957497801 0.26044733967945877 -0.009287712974845692 -0.0009696481622475625 0.9999563981345079 0.6363700004506521
0.9999528750953661 -0.004089087887997525 0.008804938884249438 63.406072112271445 0.004102109623316857 0.9999905185153628 -0.0014613610142760406 0.26819346402307986 -0.008798879766733207 0.0014974109723074037 0.999960167944319 0.6385438965693468
0.9999611776949257 -0.00370405152704857 0.007995192634475153 64.82637096718699 0.0037217755634341696 0.9999906473296474 -0.0022030977935673817 0.27800452470349846 -0.007986957470327537 0.00223276857680467 0.9999656110361244 0.654227592781692
0.99996314841358 -0.0029684325730105912 0.00805544678214204 66.27575171450623 0.0029858292631905147 0.9999932344659435 -0.002148451989631417 0.28180947437936776 -0.008049014747874922 0.0021724250044974458 0.9999652463616865 0.6687751667802081
0.9999661271471652 -0.002368300766954642 0.007882620742922406 67.6447478389297 0.0023733543753745086 0.9999969839947855 -0.0006318151166056408 0.2944895039723558 -0.00788110064067191 0.0006505019676548098 0.9999687320610988 0.67719878847474
0.9999532762718459 -0.0017740092232278798 0.009502534634352706 69.12051698592917 0.0017486797116773498 0.9999948980503406 0.00267319893667344 0.31489033046659465 -0.009507228432468545 -0.002656457145328418 0.9999512767345057 0.694125663245846
0.9999437443382854 -0.0009768416360812382 0.010561909824836058 70.48245959965614 0.0009133269289920628 0.999981482317644 0.006016714695609978 0.3271509291086172 -0.010567591620171943 -0.006006729744678819 0.9999261198734254 0.7026988954931845
0.9999328292707136 -4.952934783761729e-05 0.011590275816808208 71.93296535519275 -6.360618422611959e-05 0.9999523614670888 0.009760673677879935 0.3479218665703792 -0.01159020711287398 -0.009760755259529501 0.9998851907873445 0.7125520712808237
0.999935791418107 0.00033277023853647586 0.011327060740210363 73.29872436914891 -0.0004893424044350479 0.9999043397183363 0.013822878008912578 0.352278200063982 -0.011321377347977245 -0.013827533272655741 0.9998403001172429 0.7130107159753669
0.9999415687405622 0.0009367394924609186 0.010769476486202988 74.69801506108111 -0.0011281468664640362 0.9998412722343737 0.017780821730082594 0.3663728270691947 -0.01075111107334039 -0.017791932325426432 0.9997839070293221 0.7245076836060064
0.9999407243089291 0.0017274742322926204 0.010750055874781589 76.14448315195294 -0.0019259329266998902 0.9998274068384422 0.018478293132162975 0.37614028499177854 -0.010716279713408675 -0.018497901705140863 0.9997714683774542 0.7144838977988658
0.9999344319936593 0.0020845230493072445 0.011259950140873299 77.50874243481478 -0.0022987527635303408 0.9998159563635133 0.019046499327840083 0.38405064965554164 -0.011218174951845216 -0.019071134328354934 0.9997551922276671 0.7248529029397759
0.999930899202415 0.0022348893026073392 0.011541320983963274 78.92777204434753 -0.002443768604018324 0.9998329032575565 0.018116113230369737 0.38499023254001774 -0.011498904959159983 -0.018143065710365884 0.9997692755588009 0.7421499601301912
0.9999433760461917 0.0019642569760789153 0.010458795144589285 80.29889177308802 -0.00214315811820505 0.9998511162425374 0.01712168863845725 0.3882296518712912 -0.010423606603519287 -0.017143133992471436 0.9997987104324005 0.7462038023428215
0.9999419256338735 0.0016825326677108855 0.010644925713371311 81.67935767600864 -0.001864346327263415 0.9998521651951776 0.017093038562149374 0.3882053378931138 -0.01061459242708487 -0.01711189172292742 0.9997972362380633 0.7594791676024526
0.9999377999674169 0.0012387705574814398 0.01108429717338978 83.09420833338274 -0.0014210703491613808 0.9998636149228087 0.016453939119736662 0.3958757760595691 -0.011062402785328055 -0.01646866725024169 0.9998031837534905 0.760312987507386
0.9999461334563569 0.0010296155829437376 0.010328120711586368 84.43458477109064 -0.001200727892028784 0.999861902325588 0.01657511780910387 0.40861248011439527 -0.010309628422549668 -0.016586626227407655 0.9998092795089377 0.7624467470770171
0.9999431861612466 0.00014301875704405808 0.010658517501508268 85.84861359400072 -0.0003194776556209897 0.9998628921979 0.016555806826548496 0.40980414664463216 -0.010654688344685798 -0.016558271385792793 0.9998061318400643 0.7656870021160327
0.9999340146105 -0.0010363324736581158 0.011440823393985743 87.20796550471344 0.0008517419623310676 0.9998695810901568 0.01612747178649146 0.41791023144192707 -0.011456044717001335 -0.0161166629796157 0.9998044869942541 0.772324529089684
0.9999153513233456 -0.0020902610932461486 0.012842157002329602 88.58690088097303 0.001898588523643072 0.9998868975108899 0.014919368205965872 0.4222595628734742 -0.012871889897303838 -0.01489372332928727 0.9998062269539345 0.7847498890388374
0.9999036173597924 -0.003117565927456744 0.013529108377492173 89.96804474153443 0.002944876681358821 0.9999141814532551 0.012765478056011848 0.4240995090507053 -0.01356774454850758 -0.012724406129752844 0.9998269879316679 0.7914242039599416
0.999896780615192 -0.004017669923838836 0.01379443524605623 91.33242032493925 0.0038560617150986804 0.9999238581991806 0.011722141106233394 0.4326551988508272 -0.013840480606680815 -0.01166773896040605 0.9998361390568596 0.8012796584248046
0.9999034055030963 -0.004451550332811606 0.0131667521790715 92.71851459792649 0.0043075188010130985 0.9999307992416248 0.010947237541246367 0.44710018002038926 -0.013214573208755472 -0.010889464065783953 0.9998533865658856 0.80031175373708
0.9998996832902689 -0.004577701234438036 0.013404029522062957 94.03224231817666 0.004450277400787978 0.99994477290894 0.009520827860257822 0.4557473795776283 -0.013446872761952743 -0.009460221112471433 0.99986483377976 0.8205140702514812
0.9999092399362708 -0.004837517729228618 0.012574192311578865 95.43293270531058 0.004724462735255832 0.9999482911976194 0.009005241963666985 0.4714725789511055 -0.012617105132808762 -0.008945018344330473 0.9998803904992273 0.8066114222125168
0.9999126496940781 -0.004718695586723152 0.012346128693958227 96.77004582646266 0.004617190789166642 0.9999554139211803 0.008237215484466324 0.47917293527034793 -0.012384447140844596 -0.008179491529486198 0.9998898546276659 0.807959990469415
0.9999204555014863 -0.004536155221994675 0.011768855743110795 98.11418937443162 0.004426787648907309 0.999946932748408 0.009302431841310153 0.4907607641759221 -0.011810428477056335 -0.009249593658789003 0.9998874730670124 0.8177410078420866
0.9999213646980954 -0.004167353515611853 0.011827830949693812 99.48124228551713 0.004033417324008957 0.9999277334195528 0.011325170335416156 0.5144471503947393 -0.01187417218120917 -0.011276573198969764 0.9998659124762176 0.8152798691248424
0.9999036611401402 -0.0041348336654719745 0.013250342980561726 100.81979947633283 0.003979979558424269 0.9999237262953761 0.011691935437915095 0.5192294724642149 -0.013297676536078277 -0.011638072955980707 0.9998438513371041 0.8204281991882513
0.9998801326405067 -0.004106722048408642 0.014928334964752257 102.16044933510666 0.00393135767380483 0.9999231497666075 0.011757507714954228 0.5386322638714862 -0.014975472534893392 -0.011697409749329406 0.999819436612188 0.8225492336044118
0.9998938128188201 -0.0038733760897763226 0.01404848904009496 103.50195842633408 0.0037157066492096423 0.9999300151656525 0.011232020963072664 0.5494177039395217 -0.01409101170035489 -0.01117862820229001 0.9998382277452564 0.8310528749245374
0.9999249958455693 -0.0037034135785393935 0.011674219935593142 104.82662916774643 0.0035708874991848298 0.9999291821859374 0.011352505249086006 0.5602233292699574 -0.011715436214946322 -0.011309966437998385 0.9998674078163888 0.8324483926120834
0.9999354432229 -0.003914124785924587 0.010667193341399827 106.15622146889909 0.0038120438005138295 0.9999469095821024 0.009573209454802528 0.5716322035648974 -0.01070409775205543 -0.009531927631007657 0.9998972770474733 0.8420089495613291
0.9999253916543841 -0.003456925876702291 0.011715834938654052 107.51017832720356 0.0033528536181224237 0.9999548525818159 0.0088910725277927 0.5789186912643867 -0.011746041777647662 -0.00885112770001726 0.9998918381710074 0.8451427475993507
0.9999010180732485 -0.0029554722401354777 0.013755698452607813 108.83472685827984 0.002885360999883739 0.9999827609791129 0.005113945296021348 0.5847540063540559 -0.013770575441194833 -0.00507374895202133 0.9998923083630507 0.8393601042199083
0.9998850836477411 -0.002135593615376001 0.015008622143948859 110.18045404287851 0.002074385882062877 0.9999894738966952 0.004092556538750675 0.5985515356116786 -0.015017204199256432 -0.004060952563197205 0.9998789887993033 0.8516995053337747
0.9999054488819895 -0.0014384368260072537 0.013675678981487523 111.49019000591328 0.0013906852766766404 0.9999929059348641 0.003500582009755472 0.6058538354647014 -0.013680617331405343 -0.0034812324604046514 0.9999003559005208 0.851504402530722
0.9999315296263681 -0.0006726225009146875 0.011682621197444764 112.83152421796325 0.0006196599341793764 0.9999895181431353 0.004536477204391631 0.6142112440306406 -0.01168555007852413 -0.004528927337820223 0.9999214652844147 0.8553116587815697
0.9999527689051386 0.0003730431226419412 0.009711889505922219 114.18361304133538 -0.0004489313488664819 0.9999693777166635 0.007812943721337062 0.6161947194044498 -0.009708677540767202 -0.007816934679106949 0.9999223155388782 0.8658763077447907
0.9999575135050562 0.0017964364387131058 0.009041238903326441 115.49175960737047 -0.001893179332072248 0.9999409288543322 0.010703021720615468 0.6319771520313394 -0.009021477528762914 -0.010719683673365357 0.9999018458454515 0.8558022545889516
0.9999299011054256 0.00321761930542597 0.011394726907621847 116.8604934342885 -0.003348241278918641 0.9999286929697956 0.01146290783589377 0.6427289549457033 -0.011357031109936987 -0.01150025659371997 0.9998693724395434 0.8640368079468723
0.9998983406037536 0.004069349339353096 0.013665608431908461 118.16179463217681 -0.004226106999198614 0.9999253814550038 0.01146174252443557 0.6478945495368686 -0.013617946889721138 -0.011518329654053 0.9998409271501588 0.8637014212090336
0.9998809217244116 0.004995826016588605 0.01460082511207173 119.52879908348292 -0.005158488425498699 0.9999248173102808 0.011124285332802825 0.6459694036560489 -0.014544152388686112 -0.011198278859431591 0.9998315188979997 0.8697467165370729
0.999883897406094 0.005951114655675943 0.014027684853710084 120.83906025185765 -0.00611373156667927 0.9999142785528865 0.01157833461216211 0.6439415320414305 -0.013957578383466012 -0.01166275183717808 0.9998345694289901 0.8713329645067859
0.9998761683984732 0.007373217608895891 0.013902644744077573 122.1555774633191 -0.0075612726955758425 0.9998799722751893 0.01352287684591052 0.6400323608080233 -0.013801268927576892 -0.013626323974513127 0.9998119064458726 0.873560862217008
0.9998759348491706 0.008412094171538653 0.013317341369296588 123.52836187807576 -0.008613115983353535 0.9998487389246995 0.015110046450798522 0.6407127993156995 -0.013188219840240484 -0.015222875626410228 0.9997971468828606 0.8662966617028117
0.9998715598769169 0.00963656321432906 0.01280626404214288 124.84766645540607 -0.009841886064773025 0.999822464400017 0.016067885976840588 0.6426044042040298 -0.012649151275436163 -0.01619186000720621 0.9997888890368397 0.8714074138616792
0.9998666257520427 0.010740698298977882 0.012303174682775218 126.18395346942808 -0.010939994994157595 0.9998081460582151 0.016247694764568003 0.633531314640972 -0.012126302682695751 -0.016380124409939547 0.9997923005842576 0.8638415933531653
0.9998641794084953 0.011561336340695462 0.01174556247243597 127.52668195506125 -0.011751622296509579 0.9997986879502834 0.01626293166352388 0.6260789575988526 -0.01155517672633182 -0.01639875223636186 0.9997987591590188 0.8731175336924528
0.9998404675795233 0.01258245825551859 0.012677583942077193 128.84984548599033 -0.01278496633272463 0.9997899085240374 0.016021343556895894 0.6227266388188913 -0.0124733326032532 -0.01618087011705872 0.999791275925142 0.8738762560974014
0.9998168495622669 0.013443330341945482 0.01362146103399648 130.2236498933319 -0.013660615456083519 0.9997788897901222 0.01598621641888782 0.6108766245343761 -0.013403541201651471 -0.016169366077488458 0.9997794240150714 0.8782678062588539
0.9998033371377959 0.01376768809269786 0.014273675515055264 131.5520732363742 -0.013974560858477446 0.9997972636967178 0.014496315165180844 0.5919225042780857 -0.014071200977159437 -0.014692932625508349 0.9997930381003475 0.8756462199788443
0.9997967508242448 0.013810350300079299 0.014687793090593914 132.90217544045132 -0.013992858004199691 0.9998252482363673 0.01239648796880893 0.5793861627095431 -0.01451402653150749 -0.012599492595958755 0.9998152808495012 0.883590892212477
0.9997875708840208 0.01365033014944063 0.015442849239704702 134.2292344874093 -0.013814140186997989 0.9998489112635575 0.010551027247277649 0.5655719197024828 -0.015296490993784918 -0.010762115586170795 0.9998250818175082 0.8682060781510105
0.9997927236296921 0.013124327304070912 0.015564761801509695 135.56467292580388 -0.013272374997096692 0.9998672915052725 0.009446874607331738 0.5470853671324343 -0.015438712351053088 -0.0096514978488225 0.9998342336358641 0.8834947962552385
0.9998163323565339 0.01196213247343658 0.014973608109506684 136.91681321491345 -0.012099208880018648 0.9998854142574352 0.009097664519809905 0.5394397356441554 -0.01486306487931773 -0.009277162385410969 0.9998464999991088 0.879721464163458
0.9998073177626441 0.010970907555367865 0.01627779271519117 138.23674430197778 -0.011049450282943254 0.999927703813764 0.004743078554936265 0.5249581853148426 -0.016224580016503468 -0.004922025309270907 0.9998562580041909 0.8627105885841958
0.9998143682666331 0.009914955046524255 0.01652037148550147 139.57104183318364 -0.009993208173184323 0.9999392037528834 0.004660964326965677 0.5074642191938925 -0.016473153857138857 -0.004825190615431455 0.9998526655150367 0.8648725374379842
0.9998196038988877 0.008609457255015336 0.01693035455167035 140.9371963350007 -0.008662012797854507 0.9999578832991264 0.003033341757953927 0.5058139012149842 -0.016903526074787057 -0.0031794455027262343 0.9998520700246283 0.8675999241482909
0.9998357033156695 0.007439790959822937 0.016529243350341324 142.26754025935406 -0.007488569625637315 0.9999677808566625 0.0028911197768079263 0.5023876778810263 -0.016507201465501296 -0.0030144251651027278 0.9998592028584331 0.8591383138073386
0.9998493726940225 0.006415182912630632 0.016126913888498923 143.6106998694895 -0.006469374023632141 0.9999735939776634 0.003310369637573734 0.492979718309162 -0.01610525141411711 -0.0034142020433050443 0.9998644728668459 0.8540452023401526
0.9998852124417927 0.005666216957561485 0.014051901139021137 144.97126147886706 -0.0056802665960381795 0.9999834062241268 0.0009601290490826564 0.47803352378003977 -0.014046227665423685 -0.001039837382864361 0.9999008061935885 0.8582532198767427
0.9999030825738824 0.004582271818606912 0.013146415641850578 146.27771492637183 -0.004537916713225792 0.9999839174729724 -0.003401780021024491 0.49299814541943815 -0.01316179209498914 0.0033417929900004676 0.999907795573402 0.8658973334269435
0.9998670147963291 0.0036120999924450304 0.015903001475248632 147.6723329726516 -0.003430866140391517 0.9999290319889863 -0.01140877482884585 0.4775834142084678 -0.015943082506337868 0.011352696561309574 0.9998084488545708 0.8621921982488533
0.9998383863746696 0.002238307724358976 0.017837912160005676 148.9701939913717 -0.0019068143706484637 0.9998255766371703 -0.018579030144374804 0.46688066885155455 -0.01787638639806412 0.018542013932708983 0.9996682592383668 0.8629995897194735
0.9998901854623421 0.0013784104668232908 0.014755236381299249 150.27542831254166 -0.0010774392219203332 0.999791600510677 -0.02038613923778541 0.4360043298555274 -0.014780261865276022 0.020368002672924462 0.9996832940118133 0.8662528262345988
0.9999293041210606 0.0013698091191088392 0.011811451348104848 151.67145265442326 -0.0011411475916213271 0.9998122290899124 -0.0193443620839382 0.45585582986149137 -0.011835731584721681 0.019329515907998713 0.9997431096399798 0.8717768472981376
0.9999527846581308 0.0023182448984427726 0.009436853026341173 152.99100445465427 -0.0021682895867784135 0.9998717168886612 -0.0158697286173712 0.45941300298583315 -0.009472432354880597 0.015848517492560187 0.9998295342299958 0.8702792174183699
0.9999481245190269 0.0032265892481293163 0.00966112792092937 154.35705657142734 -0.003066913948876944 0.9998592107494797 -0.01649705180502985 0.46471525161985516 -0.009712996947950142 0.016466566164550243 0.9998172382435889 0.8716472138324451
0.9999169574556989 0.003698548912751656 0.012344996090646784 155.68845351154332 -0.0034504461300357667 0.9997928523115002 -0.02005858639931309 0.4649702821186058 -0.01241662651616058 0.020014324939277125 0.9997225886130529 0.8592479387553281
0.9998700028832397 0.004264684473109053 0.015549591654288727 157.01965956471815 -0.0038283295710887146 0.9996010199309934 -0.0279847252195332 0.46042253745082834 -0.015662733700265444 0.027921558324392866 0.9994874012981715 0.8606306778295003
0.9998515194400915 0.004321629547226207 0.016681204734575263 158.36078204965014 -0.0037762056249032987 0.9994616368856605 -0.03259105191482438 0.4450616885867039 -0.01681307064217371 0.032523221118039194 0.9993295556240136 0.8408986500252659
0.9998454756529829 0.004243952137131587 0.017059123263470255 159.69967479439896 -0.0036822788408716438 0.9994544061060189 -0.032822719841646406 0.4339185668018196 -0.01718911396199946 0.03275483148365865 0.9993155934816981 0.8606907212482595
0.9998389400166212 0.005220702971355597 0.01717085574233507 161.07493870400936 -0.0046809576087102735 0.9994982853229638 -0.031325169948790046 0.4370961487194838 -0.01732578027982174 0.031239748669603606 0.9993617440350392 0.8472382868658769
0.9998338660237099 0.00646131476110744 0.017043818927695298 162.4150225649152 -0.005957239150371326 0.9995481475361473 -0.029462044375124282 0.4409873092024606 -0.017226481178332746 0.0293556156231547 0.9994205802251613 0.8281990591262056
0.9998527459099641 0.007315330867309306 0.015523286720492517 163.7637295766567 -0.0068935836923594025 0.9996103005729337 -0.027050424994178927 0.4423352913502788 -0.015715120113485106 0.02693943063227312 0.9995135327133033 0.8252503842007863
0.9998560845669973 0.00795698964042058 0.014983206272894093 165.1094512896569 -0.007566328626178738 0.9996345589676545 -0.025951862913161185 0.44267844542786666 -0.01518422949887552 0.025834760177038268 0.9995509013257506 0.8074347439886255
0.9998333766228221 0.008186601022783376 0.016315592379673907 166.45614080455124 -0.007771792044326628 0.9996490011077824 -0.025327333705558716 0.4419801912870815 -0.01651721040084107 0.02519631218862696 0.9995460607759242 0.798944802188838
0.99983467889408 0.008008864318821952 0.01632399991100987 167.78781622018755 -0.007613805737046769 0.9996800470921865 -0.02412122318545404 0.4327365152761978 -0.016511960603467515 0.02399294767398688 0.9995757568183329 0.7946055747290013
0.9998688143507966 0.0075044828065275295 0.014353982950346109 169.18303406295863 -0.007177625639663081 0.9997168116039371 -0.022688725980868775 0.4287746698429527 -0.014520185222962731 0.022582722029565686 0.9996395274731918 0.788144977066942
0.999911099120392 0.006888099082770762 0.011417002534616166 170.5825400332915 -0.006683211094276671 0.9998176622819845 -0.017887897541543924 0.4319971569248566 -0.011538134395076035 0.017810005053715414 0.9997748122325686 0.7951606999569035
0.9999303342040552 0.0065333057347827005 0.009830699605934582 171.9315459741365 -0.006434065161655003 0.9999283649818569 -0.010092953492709797 0.4350062052041786 -0.009895935734524767 0.010028998997222054 0.9999007398912413 0.813868375058544
0.9999151324978975 0.006836919581717576 0.011089830131485519 173.2848917297881 -0.006764539567392526 0.9999556608424226 -0.006551133767149825 0.4364863599049418 -0.01113412799249489 0.006475560194070973 0.9999170457163032 0.8157906487067064
0.999877627363064 0.0074527302648632505 0.013754530541211667 174.69509842330135 -0.007453243261153552 0.9999722240991958 -1.3964158512005527e-05 0.44594783456724085 -0.01375425256784251 -8.855341238551074e-05 0.9999054018728938 0.8363705351344085
0.9998470413944527 0.00745255468712451 0.015822554894676363 176.03470260905155 -0.007432550004834005 0.9999715033689642 -0.0013227435273903713 0.4446294910287416 -0.015831961823642403 0.0012049392719260118 0.9998739406075977 0.822443465453478
0.9998287695272707 0.006651003294803459 0.017268346207907716 177.47349269647495 -0.0065783289471304475 0.9999692803088552 -0.004261927598351914 0.43842381554267446 -0.01729616182414448 0.004147600964745961 0.9998418075837748 0.8107152518774016
0.9998318000961941 0.005269158680178977 0.01756722753331266 178.87184471618284 -0.005162402047948522 0.9999679663410636 -0.006116853505911274 0.4330497735780419 -0.017598895462483458 0.006025135560345235 0.9998269733408776 0.8074701950635781
0.9998989749673016 0.003120984340810043 0.0138672028933014 180.20868062149745 -0.0030209480790677036 0.9999693074260586 -0.0072289749309560405 0.42714523026551354 -0.013889338790710859 0.007186352523584704 0.9998777138257277 0.8068031246669642
0.9999558621508343 0.0013946372625336253 0.009291325905788475 181.6233583620351 -0.0013475710659408325 0.9999862397746722 -0.005069942162819925 0.4379781080667521 -0.009298268785309574 0.005057197664522597 0.9999439819056757 0.807030463478215
0.999962524473777 0.0009131544886369364 0.00860905319480258 183.01984786699043 -0.0009077565051110555 0.9999993889720176 -0.0006308991352180961 0.4665261959101625 -0.008609624042807379 0.0006230605679005811 0.9999627423906204 0.805192463135899
0.9999568230563846 0.00048804826894581537 0.009279753869020798 184.34874804832214 -0.0005381959349494454 0.9999852628704382 0.005402257590691301 0.4814871255937178 -0.009276980549620192 -0.00540701866352955 0.9999423492287214 0.8104122002208088
0.9999157680196378 0.0008282033185076055 0.012952642393003961 185.7960023953552 -0.0008975415371126177 0.9999852948713533 0.005348313775546305 0.47372349187523954 -0.01294802243151393 -0.005359488811048479 0.9999018074765128 0.8048506961274614
0.9998826338414514 0.0011790200510914267 0.015275092602048315 187.16716359169882 -0.0012956152932802239 0.9999700870014913 0.007625384137329484 0.48664724916013763 -0.015265645197430901 -0.007644279818867313 0.9998542519101256 0.8218984697615301
0.9998668204354844 0.0013481282947644844 0.016264192028369637 188.6224032643869 -0.0014172386062502264 0.9999900134219465 0.00423845385823933 0.4859513669444993 -0.01625831562517412 -0.004260939623642343 0.9998587458069045 0.7983420638624416
0.9998552551185017 0.0012138831223088263 0.016970424263444833 190.03779449530035 -0.001272931523359449 0.9999931724024889 0.0034691200243188733 0.4833874689244334 -0.016966097289971584 -0.0034902200749617725 0.9998499736993424 0.8002791971840478
0.9998433932462352 0.0013719570990241164 0.01764388606777564 191.39235920023583 -0.0013773241897924446 0.9999990088443392 0.00029204180424510594 0.48510683602786897 -0.01764346791111154 -0.0003162974196092688 0.999844291875496 0.7925441660490467
0.999845301748214 0.001791838437458256 0.01749748230566648 192.8427246176509 -0.001779155977752046 0.9999981432368187 -0.0007403559426255596 0.48959205136489603 -0.01749877641522097 0.0007091106606157988 0.9998466332323378 0.785229415029326
0.9998296630727094 0.002191881815739873 0.018325951380989098 194.20555067978523 -0.002125116937009185 0.9999910372593288 -0.003661868241186666 0.4891073567355935 -0.018333813512648806 0.003622299700135772 0.9998253598638943 0.7737911741513408
0.9997962029340559 0.0026124253758870323 0.02001818753782819 195.6626030436507 -0.002438765589902971 0.9999592272801736 -0.008694607503251229 0.48449723021462593 -0.02004008535515115 0.00864401590081305 0.999761809616703 0.762518207724212
0.9997796351370835 0.0029728988615362905 0.020780833417340404 197.07460069567645 -0.0027168567112689453 0.9999201873069249 -0.012338464478799716 0.4779829089418516 -0.020815855850063153 0.012279286968030581 0.9997079169721454 0.7651656665563228
0.9998470375699992 0.0030881388633238896 0.01721525082179739 198.49371570940352 -0.0029277289278182126 0.999952138907204 -0.009335325288009745 0.4858421905371599 -0.017243255661903975 0.009283495746138222 0.9998082250316356 0.7711723783273515
0.9999215525522889 0.003297145933212519 0.012083773008266512 199.92186922194836 -0.0032603438773196143 0.9999899909453778 -0.003064011564076029 0.5007696405078257 -0.01209375455439024 0.003024373944846648 0.9999222941124074 0.7617300418620035
0.9999232967406535 0.004605536000102806 0.011497376807556182 201.3737411406308 -0.00468710242410443 0.999963969282012 0.007077514297359381 0.5092857644337191 -0.011464366801927096 -0.00713086081165024 0.9999088554052894 0.7504988730919052
0.9998683956697428 0.0057770181549211255 0.015159729616730103 202.80683440548435 -0.005968498857375817 0.9999025997454223 0.012616181820805514 0.5302087694939109 -0.015085369143781521 -0.012705002305542164 0.9998054883597169 0.73808374334702
0.9998237127111155 0.006705631057785741 0.017537902174370637 204.2550510115164 -0.0069546500719470765 0.999875319657183 0.014176670371524765 0.5224408661757721 -0.017440652021575957 -0.014296141177358347 0.9997456896653766 0.7324042426501675
0.9998182395664447 0.006246855297729446 0.018012901741383064 205.71335133713382 -0.006486992337757002 0.9998904562761529 0.013303923416673307 0.518358516432044 -0.017927820856572987 -0.013418354845362229 0.9997492390557637 0.7247799679792721
0.9998202996634964 0.0049157509260258645 0.018308571042808457 207.15533954549136 -0.005101144993785711 0.9999360509491731 0.010093182447808506 0.5071685491803687 -0.018257784656103917 -0.010184763375044637 0.9997814380625626 0.7219052243301028
0.9998315995600116 0.0038068297538501696 0.017952174478151197 208.59115035897736 -0.003954619561798738 0.9999585258671437 0.008204116633146392 0.5015563775935196 -0.017920198251978714 -0.008273729076663773 0.9998051869748305 0.7138566015845876
0.9998412100132643 0.003338321751102763 0.0175045813173985 210.08240428632587 -0.003478706284522284 0.9999619840298892 0.00799556737158542 0.5103257807365627 -0.017477224087289366 -0.008055191052585309 0.9998148131205643 0.6999636312087176
0.9998400889764957 0.00311892561156995 0.01760876993156196 211.53984316526493 -0.0032867863949246068 0.9999493589649658 0.009511915724400154 0.5131605412281277 -0.017578211247659018 -0.009568270929663593 0.9997997072817881 0.698500068050302
0.9998267048869278 0.0029661003344258843 0.018378314497100205 212.97610235566387 -0.0031637103753786727 0.9999373989424516 0.010732620037295105 0.5156266595081743 -0.018345329967294845 -0.010788903790948627 0.9997734985602392 0.6851024952634027
0.999828994132004 0.002555354887333464 0.018315366618909486 214.41944667907745 -0.002745671556652388 0.9999424243405995 0.010373489844185256 0.5246473530572513 -0.018287804151627195 -0.010422003897725502 0.9997784444836104 0.6860296162197856
0.9998397076687674 0.0023241354787484057 0.017752671999174623 215.88074298788231 -0.0025169467871146425 0.9999380087652369 0.010846363698669027 0.5258764575439174 -0.017726363070429563 -0.010889307640497392 0.9997835760960498 0.6806975901702874
0.99984783413648 0.0020832636166969055 0.01731960118748292 217.3613431568402 -0.0022519775701123276 0.9999501516547282 0.009727425286770116 0.52849077451783 -0.01729847304283889 -0.00976494845809903 0.9998026848393621 0.6653230217699123
0.9998452563705649 0.001491828350814611 0.017528199036156142 218.82006762284445 -0.001684509669314078 0.9999382658263417 0.01098303070114574 0.525243648324196 -0.01751073215069509 -0.011010857567874913 0.9997860447491586 0.6668342651501796
0.9998524647234227 0.0012675765841419174 0.01713014991470184 220.3006625980405 -0.001479182995269252 0.9999226930789925 0.012345844779582102 0.5317233396393155 -0.017113176331801486 -0.012369361958418205 0.9997770441856416 0.6632888694692567
0.9998531230855509 0.0012442632018555219 0.01709339244136987 221.805574438405 -0.001417737007734867 0.9999475815851923 0.010140222073606292 0.5351694030748263 -0.017079879327649577 -0.010162966644128158 0.999802476407787 0.6484140833379914
0.9998563776921795 0.0007654763762409119 0.01693038789251469 223.2887489891118 -0.0009685681584079625 0.999927639265722 0.01199075094406255 0.5414371384239465 -0.01691998416063411 -0.012005427039361648 0.9997847687665613 0.6473542299040027
0.9998562216876568 0.0004223323389371002 0.016951624933292574 224.78618414883306 -0.0006114833119066781 0.9999375980109748 0.011154648008851246 0.5472568193913082 -0.01694585614959593 -0.01116340984814216 0.9997940869198615 0.6312893117376942
0.9998510459823479 -0.00013433259990360127 0.017258847086563216 226.2456719593951 -8.639340011872854e-05 0.9999182294089715 0.012787768836194249 0.558734474731358 -0.017259153634671207 -0.012787355097131229 0.9997692759659274 0.6386872207509751
0.9998459362264831 -4.8270174758623504e-05 0.01755281975574012 227.75451132960654 -0.0001758671280801407 0.9999184762138028 0.012767536842317356 0.5621097673681885 -0.01755200507464981 -0.012768656791413063 0.9997644165110111 0.6411533863358
0.9998558473947312 0.0001247465661381219 0.01697848252519436 229.26532165559996 -0.0003412024703986135 0.9999187013791684 0.012746537297317303 0.5645710143622622 -0.01697551211122325 -0.012750492950938955 0.999774603057144 0.6358859734411341
0.999842312231654 0.00014259199722803167 0.01775754315163567 230.75499253951526 -0.0003306937734640722 0.9999438665631281 0.010590295765912286 0.5764888973141892 -0.017755036268283664 -0.0105944981147591 0.9997862348006239 0.6278268501916893
0.9998305436246483 0.000469616615316113 0.01840281216213384 232.2499503826285 -0.0006733271538168759 0.999938555410708 0.011064900979693176 0.5730257742813197 -0.018396485147551826 -0.01107541707481489 0.9997694256531527 0.6289528241194772
0.9998209945776934 0.0003064133447912261 0.01891784640318332 233.76380821589532 -0.0004926940664992098 0.9999514356191945 0.009842949541104694 0.5782640586723059 -0.018913911658595073 -0.009850508310439137 0.9997725898582122 0.6125246460515189
0.9998232249245186 0.000454295092458691 0.01879660920231142 235.22466253796227 -0.000632594910095404 0.9999548552978832 0.009480885500265632 0.5788670341925398 -0.01879145351523324 -0.009491100155324127 0.9997783755876232 0.6001852182069713
0.9998264078353102 0.0007800401989646922 0.018615738836482924 236.77145744574457 -0.0009849391162697334 0.9999390116779481 0.011000128156789097 0.5859428193193448 -0.01860602295165147 -0.011016553990088806 0.9997661983924572 0.599473423232211
0.9998159063331034 0.0010134399090828286 0.019160542342681774 238.25978078497266 -0.001258650300167331 0.9999174130789892 0.012789949993807167 0.6009955659779157 -0.019145998086725895 -0.012811711867384367 0.9997346101822675 0.5943630128100748
0.9997773808124191 0.0015657714872479747 0.021041320669316098 239.7535228365879 -0.0018417985626052794 0.9999124247640231 0.013105364572824326 0.5997056429477812 -0.021018957964515098 -0.013141200941374234 0.9996927089080446 0.5719978745937746
0.9997521745714816 0.0023458705515664027 0.02213789355266465 241.30866628316184 -0.0025975395638334247 0.9999322543163325 0.011346345934778368 0.5967986225485531 -0.02210977674713468 -0.011401038076097943 0.9996905391684865 0.5596464656960088
0.9997830153355938 0.002724540333538101 0.020651855278372835 242.76975872693822 -0.002992102047745818 0.9999118495769255 0.012936011788339048 0.6068894479907454 -0.020614790122720314 -0.01299499733063057 0.9997030361425203 0.5577620032744448
0.9997988966177573 0.0035489504769039507 0.019737559941074574 244.33535950933816 -0.0038130199266111766 0.9999035139716886 0.013357530689037273 0.6001041343151933 -0.019688250327398182 -0.013430104153795298 0.9997159622119995 0.5461436191738672
0.999792718579368 0.0036894278067697117 0.02002268708577966 245.81659497622135 -0.0039491818019197706 0.9999083596576618 0.01294898643984735 0.603579654594486 -0.019973077849239934 -0.013025375587007051 0.9997156674535242 0.5230555519039434
0.9997704894743098 0.00377602139279265 0.021088149248812853 247.3311688587355 -0.004065525726449553 0.9998978534926503 0.013702338536106359 0.605567128999789 -0.02103425484457699 -0.013784928118480007 0.9996837179227747 0.507363630294753
0.999751785266874 0.003584077915472433 0.021989139164460894 248.90192578836698 -0.003893544304333739 0.9998937558530544 0.014046968314286 0.6009941458923461 -0.02193645751821373 -0.014129097337345629 0.9996595222574451 0.5096936465218336
0.9997501373724019 0.0031222431372538925 0.02213401051900481 250.3873849338231 -0.003420115504190827 0.9999039291427967 0.013432620546090266 0.6178392507182333 -0.02208994417832553 -0.01350496510877106 0.9996647689518768 0.4983834008747562
0.9997422636397906 0.00329296204973404 0.022462473001130412 251.96105034191956 -0.0036267586684163517 0.9998833678914432 0.014835674424371857 0.6103634373532937 -0.022410999842679222 -0.014913316700315387 0.9996376043702275 0.48795633726073395
0.9997426448744544 0.0032447663431829834 0.022452516803440757 253.46912947338794 -0.0036127567306586303 0.9998594984056739 0.01636861132653844 0.6183076243139635 -0.022396249869916243 -0.016445514261717347 0.9996139019903794 0.4697847588047012
0.9997406338313095 0.0034797840217689084 0.02250680274346549 255.0226510246253 -0.0038517009164154925 0.9998564063291794 0.016502458075975987 0.614233544126954 -0.02244614591910843 -0.016584867369403435 0.9996104804911349 0.44530618882101636
0.9997232550858625 0.003477688690614737 0.02326626145083319 256.53353061315886 -0.0038393599556371767 0.9998722124605967 0.015518313835024358 0.6175472179243364 -0.0232093204480098 -0.01560334677312624 0.9996088550097079 0.4357904448413921
0.9997150485908296 0.003465216630724231 0.023618084061522465 258.0878061468944 -0.003801064051564558 0.999892093520802 0.014189898754520862 0.608089240875431 -0.02356636444407353 -0.01427562917316786 0.9996203443701009 0.40189231456103086
0.999686741560936 0.0035150898703055875 0.024780292380886533 259.6031908568509 -0.0038077245310783802 0.999923458975665 0.011771891268486625 0.6076044044810397 -0.02473701641617218 -0.011862560151389024 0.9996236090076508 0.40573680114150934
0.999695292734212 0.003368809061818829 0.024453482585582838 261.18647709219675 -0.003633520983005436 0.9999351978540555 0.010788772767880473 0.5919916941155439 -0.024415552631969137 -0.010874337592511435 0.999642750972366 0.38941854814311194
0.9997259165388552 0.003180437218297149 0.02319432300470079 262.6864090824682 -0.0034498194253537885 0.9999269592030253 0.011583393497750078 0.5933865636340716 -0.023155788617068816 -0.01166023490722796 0.9996638676952517 0.3872040621742316
0.9996732148976993 0.003959881296607511 0.025254361132586577 264.23579262116215 -0.00414369360997521 0.9999652759339668 0.007230264834198388 0.5891695515821267 -0.025224853207996514 -0.007332548426213988 0.9996549107137984 0.362427430179224
0.9996049641529854 0.004388514549556121 0.027760702094091705 265.7824699808442 -0.004512591719667292 0.9999801008132748 0.004408457036663939 0.589224455901488 -0.027740803100850624 -0.004531988252506383 0.9996048764015705 0.3472677435252525
0.9996269200005614 0.004562705917591853 0.026929584566062575 267.3568537266219 -0.004719295458858306 0.9999723089746285 0.005754088487496256 0.5828119922982308 -0.026902584644660867 -0.005879030418318131 0.9996207720634748 0.339097009289531
0.9996555446136329 0.00454933528696352 0.025847546724356296 268.85614286913653 -0.004694686659680266 0.9999734921401099 0.0055655129396221786 0.5897288509853195 -0.025821542176802947 -0.0056849420015045275 0.9996504035882 0.3162533152401848
0.9996608438179873 0.005329206560804635 0.025491114031009118 270.4385310596276 -0.005469085767026202 0.9999703515525414 0.005420804069462847 0.5867334747712388 -0.025461469674442294 -0.005558378659183843 0.9996603513137342 0.2815172773071046
0.999640642008102 0.006428757430341896 0.026024179593824533 271.9280118662763 -0.006631797039193542 0.9999481845056352 0.007723184052920717 0.5922430583020971 -0.025973180661227325 -0.007892995742186167 0.9996314793485414 0.2709420302151064
0.9996467826645283 0.007323758455897332 0.02554745526538647 273.4771429872486 -0.0075839682963703345 0.9999201994468337 0.010103373846584532 0.5903837233902356 -0.025471421894682288 -0.010293556250580798 0.9996225534502406 0.25608579775314316
0.9996419567613235 0.008367689113164798 0.025415350898574284 275.0621630620945 -0.00862159016683681 0.999913855366552 0.009896970697804004 0.5773004759014851 -0.02533034672852585 -0.010112547893756131 0.9996279857575563 0.22450213538911698
0.9996378905512036 0.009113810726883855 0.025318495776299153 276.5559231681283 -0.009396811701856281 0.9998944474725395 0.011081238352488447 0.5774747627633717 -0.025214831036114407 -0.011315138868760772 0.9996180170085975 0.2109336331459756
0.9996383568277187 0.01017448352896843 0.02489247765284063 278.15448235913516 -0.01048690640963713 0.9998674686237843 0.012452709818393921 0.5682945297638469 -0.02476247872758161 -0.012709251464361025 0.9996125722371052 0.2042541882549158
0.9996399437308571 0.011131379231033736 0.02441465326773596 279.63520052544226 -0.011415134157259763 0.9998685537053814 0.01151390564841636 0.5513658680794732 -0.024283278401826654 -0.011788456536959514 0.9996356109515785 0.18440848403687943
0.9996198436582665 0.011978315268326763 0.0248332061553748 281.1835432454181 -0.012251006376984439 0.999865999378719 0.010857998395037776 0.5412011934355775 -0.02469981796236283 -0.011158102425059836 0.9996326403949093 0.16168624441914778
0.9995803441617285 0.012776102614446934 0.025998207005588112 282.7861751853879 -0.013031536475477693 0.9998682348967801 0.009679457706172958 0.5180885674710268 -0.025871115604252228 -0.010014192248125602 0.9996151266017382 0.1502322346791083
0.9995571269776437 0.013029531099375432 0.026754088052653606 284.2816505533988 -0.013256494939777586 0.9998774843526013 0.00832355853139171 0.5105728809443321 -0.02664235819349303 -0.00867453768475652 0.9996073915022065 0.12583189405958356
0.9996075208220807 0.01327665489356936 0.024668497132391814 285.8767333581302 -0.013449389230080475 0.9998860923263535 0.006849547552430378 0.4924542095888573 -0.02457474812224039 -0.0071786354672925415 0.9996722207541612 0.1137387185934772
0.9996800553467854 0.01293693548266242 0.021735285647204124 287.40681655125917 -0.013134091658118281 0.9998736648761939 0.00895264895798224 0.47715849634190755 -0.02161671987523258 -0.009235257839721787 0.999723675539631 0.10142056736009526
0.9996692364989914 0.012294994498880685 0.022588729663176554 288.9344927818761 -0.012456024557247324 0.9998979048116046 0.007001957268670758 0.4490711167542003 -0.02250033443646628 -0.007281007048172208 0.9997203218333673 0.07761300358586766
0.9996700629236855 0.011769974544711766 0.022830527663009588 290.50586591376873 -0.011909924072811166 0.9999110508775083 0.0060036690129273325 0.4366552310777166 -0.022757833876150914 -0.006273598030934707 0.9997213226519738 0.07256160207563646
0.9996995967557175 0.01052820374360458 0.022133078692056735 292.04282266176216 -0.01067310518192077 0.9999223095435513 0.006438920939568471 0.4262716574150098 -0.022063568891529797 -0.006673215343708598 0.9997342982636663 0.05379821407352733
0.999704477508365 0.00994214348983066 0.02218358475437355 293.65000620764965 -0.010105787526599257 0.9999224566338059 0.007276934648732297 0.42983031676870154 -0.022109516236093626 -0.007498966744979445 0.9997274302476469 0.04416637083058795
0.9997010618126431 0.009654378818912455 0.02246285779447664 295.1826484632977 -0.009819298008037167 0.9999255560898003 0.007243180595075779 0.39997074910396774 -0.022391257162189506 -0.007461584826594115 0.9997214393792764 0.020282509550292135
0.9997010416057472 0.008626371133653466 0.02287822400118832 296.74404044130495 -0.00879933373062491 0.9999333811342205 0.007470275723355269 0.40617298051051554 -0.022812258508993922 -0.007669355549870838 0.999710348974726 0.014348903952865118
0.999676198220719 0.007790699999076925 0.024224031549151457 298.34866944555296 -0.007948369733844165 0.9999478062862905 0.006419355248727408 0.3775207240833019 -0.024172755936053555 -0.006609818209272995 0.9996859447715049 -0.0034352130720405427
0.9996519574029211 0.006921303965610216 0.02545701498456081 299.9117635600878 -0.007123030156942948 0.9999438806770368 0.007842062096890997 0.3811823171849825 -0.025401309058625435 -0.008020663810673116 0.999645158268745 -0.018944313584869817
0.9996385518533399 0.007778366805254782 0.025734464408655226 301.50430146101354 -0.007967861963780671 0.9999418346425953 0.007269147634118777 0.3750805832240056 -0.025676425457675556 -0.007471568874298617 0.9996423844727038 -0.052077789739573624
0.9996304795743616 0.008652660677896242 0.025768891499735498 303.0733408199584 -0.00886796211887882 0.9999266245209675 0.00825256456880159 0.3840257423408191 -0.0256955940540413 -0.008478032631294671 0.9996338626761864 -0.07676105558220014
0.9996248402041741 0.009186305555010882 0.025802919157130847 304.6695659355289 -0.00939640606591206 0.9999235855421962 0.008033095884072413 0.36104683598072534 -0.025727152967709912 -0.008272536895546998 0.9996347726712431 -0.09402826599998167
0.9996414426846703 0.009360915902984792 0.025087034913841778 306.25215748743364 -0.009489530497200409 0.9999424096916545 0.0050125952350258554 0.35055446450057576 -0.025038667661314833 -0.0052488621152347835 0.9996727037226942 -0.1148318339112189
0.9996805474946908 0.009941476096238775 0.023237254866768906 307.86511857876434 -0.009997039671712893 0.9999474376837265 0.002276195850988736 0.33950778781562485 -0.023213404716186308 -0.0025077724732863555 0.9997273873005105 -0.13851563713615098
0.9997018815275899 0.01010071494260477 0.02222889173676542 309.4624754034198 -0.010137624310163787 0.999947414195956 0.0015483591854267664 0.32913913942140816 -0.022212083277859677 -0.001773245744210297 0.9997517086536977 -0.15752253360244456
0.9997208174199647 0.008130306743055007 0.022185250267272368 311.0714689067423 -0.008187042251861483 0.999963440671171 0.0024677236959641455 0.3178383176694067 -0.022164375838807402 -0.0026486663318021717 0.9997508314626895 -0.1582036024240278
0.9997293815617211 0.005694070993438813 0.022555292011861117 312.6913421721654 -0.005772214716963429 0.9999775572824436 0.003400951146152927 0.31304073706958163 -0.02253542055254168 -0.0035302247745613645 0.9997398123179656 -0.18539719687519754
0.9996579497988746 0.00541279539713835 0.025586813984931314 314.2959632070563 -0.005545033305417143 0.9999716204835943 0.005100081671522444 0.31532627942449776 -0.02555848214492741 -0.005240216923286901 0.9996595941204408 -0.21301443154850658
0.9995694678410111 0.0058992872160664326 0.028741561724797148 315.93061079867425 -0.0060136957037567615 0.999974328846369 0.003895781338399628 0.3112571073374943 -0.0287178415627043 -0.00406694708551273 0.9995792842578236 -0.2298120068268604
0.9995347593657847 0.006076270366985399 0.029888856753146797 317.5456932267093 -0.006171818350004896 0.9999761317934448 0.003105559800393242 0.3072290392602525 -0.029869273138752078 -0.0032885835623518525 0.9995484039006396 -0.25815228589259137
0.9995797967748106 0.006247448376182224 0.02830546357887947 319.19358927226585 -0.006310940025117631 0.999977765249678 0.002154307837698517 0.30527174045629896 -0.028291375286961615 -0.0023320366736265252 0.9995969986396144 -0.2865568598458819
0.9995655283382449 0.006927367804648429 0.028649016269056405 320.8006318389578 -0.006967134224799169 0.9999748991331245 0.0012884659060126448 0.2997867762541464 -0.02863937147667823 -0.0014875076458443156 0.9995887022783043 -0.31219482619551
0.9995539540894759 0.007004456355209759 0.029031542419616307 322.4348098341427 -0.00703460072336733 0.9999748185258367 0.000936326269427279 0.2855486749536577 -0.029024252906092503 -0.001140133934229387 0.9995780574011494 -0.3370682185778323
0.9995367586471395 0.00762859014216906 0.029463073933530596 324.0485654590924 -0.007651528445615312 0.999970504924665 0.0006658777336967002 0.2829252612434244 -0.029457125209630165 -0.0008910068198921794 0.999565647609616 -0.34652267110094626
0.9995553534525 0.008059917497278139 0.028707718724845448 325.6875575521557 -0.00812154923996972 0.999964957295084 0.0020309159961819207 0.2752962029711584 -0.028690343713356235 -0.002263164107586989 0.999585785346026 -0.37685181635449727
0.999567781193315 0.008658119419123039 0.028094265756510826 327.29779912525254 -0.008735000757567704 0.9999584299676246 0.002614975802610917 0.2801058805876874 -0.028070457104196648 -0.0028592489935564324 0.9996018578079746 -0.4033066150993497
0.9995200085973172 0.009528333457954995 0.029478183036491832 328.937383124085 -0.009602049245018078 0.9999511139958773 0.0023601416695160967 0.26445172179250315 -0.029454253749079215 -0.002642059786975667 0.9995626375851424 -0.42767904941793206
0.9994704258380007 0.009629232919396212 0.031082885139404534 330.56110466208116 -0.009649807173355646 0.9999533084630076 0.0005119720716350108 0.25596247975886116 -0.031076503933397222 -0.0008116447924410232 0.9995166792685394 -0.4447715565322478
0.9995058943238903 0.009448875128802504 0.029978091510311784 332.1739657214325 -0.009469125316242465 0.9999550244552565 0.0005336032540310282 0.24982074573800114 -0.029971701278800073 -0.0008172059028873475 0.9995504135845109 -0.4743553236010741
0.9994955206388297 0.00931390961234395 0.030363717009742226 333.807703294746 -0.00936513689577137 0.9999549520493188 0.0015453423464188288 0.23014949554687755 -0.03034795600758121 -0.001828923119559816 0.9995377214524646 -0.4784015632331371
0.9995411025528456 0.00942741892617967 0.02878729024816695 335.39722913604265 -0.009509688964960161 0.9999510762854977 0.002722287873144442 0.2410849542627913 -0.028760217718779763 -0.0029947967985931353 0.9995818531110414 -0.5260360897333414
0.9996269521275151 0.008800829780074062 0.0258554051493451 337.01927918481294 -0.008923293661839358 0.999949491124469 0.004624935690406321 0.23005168638057638 -0.025813395950149545 -0.004853925740880075 0.999654994482808 -0.5350440256991702
0.9996159058785785 0.007888244205469514 0.02656720380288535 338.605333357051 -0.008041975646001034 0.9999515045464122 0.005684644498629066 0.23276871215131004 -0.026521073550259903 -0.005896113866059921 0.9996308661195993 -0.5650158306671043
0.9995398881399324 0.006907307277208679 0.0295347443427161 340.2332672681932 -0.007097547112600389 0.9999547056965873 0.006341244375984618 0.2249617355424415 -0.029489605663619828 -0.006547950933670676 0.9995436396157871 -0.5857871451696038
0.999462166449806 0.0057892047441131115 0.03227790178885628 341.84346838830015 -0.006034466015725633 0.9999536200500765 0.007506195351320362 0.2184808430748461 -0.03223294983964957 -0.007696938169029894 0.999450746203862 -0.6124224487937847
0.9994728728617825 0.0047276967058458245 0.03211892428573421 343.43509877730577 -0.0049875988816784666 0.9999554281896099 0.008016576047756506 0.22816194078667743 -0.03207959274695787 -0.008172546603814392 0.9994519044012061 -0.6381662954954918
0.999524733615281 0.0028092309795582525 0.030698780311355606 345.05092946722425 -0.0030496299989102075 0.9999650314791874 0.007786884851942927 0.22085666656719843 -0.030675831662257038 -0.007876803928698587 0.9994983488289001 -0.6588823841582243
0.9994991578363449 0.001026008428621405 0.03162879686522697 346.62981609564787 -0.0012481431340120321 0.9999746910898439 0.007004235753321834 0.22902398790924267 -0.03162080996992981 -0.007040205002376784 0.9994751422073338 -0.6957477069497132
0.9994517213606456 -5.632798847926668e-05 0.033109719062537346 348.2461449037595 -8.50174191760562e-05 0.9999908902370603 0.004267577173304031 0.22033180448197479 -0.03310965782488354 -0.004268052254762453 0.9994426118035341 -0.6998490299223862
0.9994730338412693 -0.00037846941110197656 0.03245784011658376 349.8527739267285 0.0002460493509296449 0.9999916315843717 0.004083652892127969 0.23375743253318998 -0.03245911403359249 -0.004073514714756552 0.9994647629576657 -0.736187380123343
0.9995009391490032 -0.0006417951871353504 0.03158260184339532 351.455513632868 0.0005142699739593853 0.9999916835262737 0.00404578851190251 0.24004896937715248 -0.03158493575511198 -0.004027527433417234 0.9994929568816974 -0.7673906898531858
0.9995028510704685 -0.00045820294993976455 0.031525239920758834 353.0390605042732 0.00033924732803542704 0.9999928035555875 0.003778590780519916 0.24082657705764007 -0.03152674441256441 -0.00376601740474945 0.9994958136478872 -0.7974833788141286
0.9995030541242776 -0.00045495334123718577 0.031518848546526465 354.63089375641704 0.00035376986630003744 0.9999947668692529 0.003215755119773006 0.25566067592360875 -0.03152014662280736 -0.0032030066446926656 0.9994979845428958 -0.8254965261629601
0.9995084621156316 -0.00056116057466233 0.03134516323221983 356.2246681801834 0.00047411560528321753 0.9999960113081843 0.002784345904263048 0.25180032788669915 -0.03134660067117148 -0.0027681160617293713 0.9995047414393945 -0.8450471719423781
0.9995340436336689 -0.00026071152666939034 0.030522576018854462 357.8386845176963 0.00018224773672132893 0.9999966721054837 0.0025734342269229005 0.2744913624409178 -0.030523145366907187 -0.0025666724484631905 0.9995307648038918 -0.8701241654882116
0.9995220457404098 -0.0004347572245584009 0.030911018505729405 359.4058001889952 0.0003719713899688203 0.9999978563332775 0.0020369011106378485 0.2788573147213655 -0.03091183780028124 -0.002024429550556727 0.9995200648155113 -0.9017002125879969
0.999541061941608 -2.1971622375327216e-05 0.030292986150104454 361.03981084715303 -5.187973131017273e-05 0.9999970288860464 0.002437114599938315 0.2830280554510845 -0.03029294969355228 -0.002437567707277791 0.9995380910513296 -0.9343838969279383
0.9995545990989068 -0.00028688171305315364 0.02984160047830232 362.6041203169667 0.00023304348558718466 0.9999983391428762 0.0018075957023192249 0.28875287028384267 -0.02984206948181917 -0.0017998362069736357 0.9995530058374446 -0.9423635542800956
0.9995339833893675 -0.00047120547393510946 0.030522025083290064 364.1789948644902 0.0004615796711609491 0.9999998414956021 0.00032241739704549807 0.30195809086258174 -0.030522172170257232 -0.0003081787988818067 0.9995340424577029 -0.9790318210778189
0.9994802540420085 -5.8993876451904944e-05 0.032236908968523 365.7863938253196 0.00017441451264357127 0.9999935852029627 -0.0035775875255304526 0.2934638782733519 -0.03223649111953838 0.0035813506736415775 0.9994738528684242 -0.9986869772756705
0.9994948895732038 7.606052696561305e-05 0.03177986676884106 367.3661130970844 3.322947749350398e-05 0.99999408803833 -0.003438427575277812 0.30841122559665585 -0.031779940416100154 0.003437746818025297 0.9994889780702757 -1.0324652301549329
0.9995186368518008 0.0005525600627974654 0.031019175735261702 368.9908713676052 -0.00048277474042857706 0.9999973360025001 -0.0022571921612860217 0.31633710947453975 -0.03102034033449748 0.0022411303576472747 0.9995162408986918 -1.0603452156434565
0.9994889867743798 0.00046960125260340357 0.031961614342633435 370.5697928681371 -0.00045287683678406224 0.9999997567346166 -0.0005305028542369046 0.3286209550499128 -0.03196185569228393 0.0005157570854601564 0.9994889563048381 -1.0887737375417685
0.9994602342254459 0.0009157585830862012 0.03283902538496327 372.18635981477445 -0.0009439656293409398 0.9999991987554548 0.0008434555939932721 0.33687085539749906 -0.032838226671173656 -0.0008739992367957383 0.9994602978580123 -1.1205059672704945
0.9994591725701552 0.0012444183452948283 0.032860520208342375 373.77987283579256 -0.0012947290400740117 0.9999980220829703 0.0015098035831987923 0.3386442015080178 -0.03285857638568313 -0.001551532509793 0.9994588069074068 -1.1477846318017058
0.9994726958180011 0.0014015076225192147 0.03244019251917878 375.3773105144364 -0.0014396560445529818 0.9999982994112251 0.0011526339970658066 0.34834007859980476 -0.03243852192641867 -0.001198728927585538 0.9994730138148741 -1.1789669460651087
0.9994822130411936 0.001591799068564727 0.03213677006177787 377.0018302478685 -0.0016419277561907973 0.9999974761841676 0.0015335248738303656 0.36327655401590997 -0.032134247891023 -0.0015854970894084452 0.9994823041512328 -1.2125240364130034
0.9994753405281066 0.0019452035621209712 0.03233047879830264 378.5911071884229 -0.002007078443539918 0.999996215823888 0.0018814818696330899 0.36191320414296346 -0.0323266965888422 -0.0019453845394143887 0.999475462513536 -1.2422026424694006
0.9994652202047899 0.002552476565706348 0.032599976447417446 380.216159857711 -0.0026316435457993236 0.9999936912798584 0.0023857604094364468 0.36499763178025546 -0.03259368118575294 -0.002470276070584324 0.9994656320669043 -1.2783496188445447
0.9994556488125746 0.002300546548042189 0.03291069039408866 381.8378600523067 -0.0024258244283776663 0.9999899618174127 0.00376717934960044 0.3715293167555755 -0.032901693459120834 -0.0038449642377609955 0.9994511968162989 -1.3097071956702138
0.9994648936970192 0.0026887255891170584 0.03259903406410204 383.45914169156924 -0.0028526249623755003 0.9999835196167115 0.0049822711485845595 0.3738133462182489 -0.032585100859596705 -0.005072597922210379 0.9994560920582202 -1.3381755070755859
0.9994701412508497 0.003269178025743874 0.0323843978335653 385.08011900571483 -0.003455587069899739 0.9999777737085933 0.005701842404662666 0.3880819717396942 -0.03236503771060645 -0.005810728339998437 0.999459223665553 -1.3677688885522101
0.999466397884479 0.0031839980757144173 0.032508178295288785 386.68989236358715 -0.0034136227885218687 0.9999695992687753 0.007010543324374906 0.3867773897380688 -0.0324848684664433 -0.007117773141868197 0.9994468823435385 -1.3973263580708677
0.9994390757113176 0.003738991771154665 0.03327993211895481 388.30998615351524 -0.004024376232568099 0.9999556705481545 0.008512422365552543 0.39471378054810435 -0.033246628960629125 -0.008641578508933184 0.999409818234556 -1.4281832026310772
0.9994243861907531 0.0038441621206109396 0.03370636000559387 389.8945579052745 -0.004171582029749891 0.9999447462754236 0.00964895328766695 0.39918175147941753 -0.033667405462929664 -0.009784008062597407 0.9993852005086055 -1.4680437654630631
0.999418156267986 0.003794328691836249 0.03389619435390648 391.5361558257829 -0.004165381709985931 0.9999321043330746 0.010882845181256604 0.3940549168295181 -0.033852599857464534 -0.011017703654001301 0.9993661049330635 -1.4917431074038139
0.9993979168879827 0.004768575359496267 0.03436661765436873 393.1844294670653 -0.005157613125619615 0.9999235224378645 0.011240476070863495 0.40398457871389387 -0.034310388322011165 -0.011410958088347517 0.9993460798385606 -1.525764782898202
