1.0 8.809142651444726e-20 8.673617379884037e-19 -5.551115123125783e-17 -8.809142651444726e-20 1.0 1.7347234759768075e-18 0.0 -8.673617379884037e-19 -1.7347234759768075e-18 1.0 -5.204170427930421e-18
0.9999993011580781 -0.0003480319849955573 0.0011298482609536818 1.3160940844717768 0.0003481171165631284 0.9999999365833229 -7.515200288644408e-05 -0.058402083065748844 -0.0011298220340017183 7.554526988583102e-05 0.9999993588973364 0.018140396604628333
0.9999976844684006 0.0012037922336848642 0.001783799903291163 2.5652097675998258 -0.0012028053760217308 0.9999991230587825 -0.0005542029350592417 -0.11574037075546209 -0.001784465484192614 0.0005520560876714074 0.9999982554569841 0.031373844761168695
0.9999988119651798 -0.0005531873739926051 0.0014387675136262785 3.928658455390364 0.0005554143426447569 0.9999986477715973 -0.0015478920778792208 -0.04872502152951591 -0.0014379092937301958 0.0015486893510423337 0.9999977669865854 0.053510824496874006
0.9999989261808553 0.00015338360556906033 0.001457432882084667 5.239017067457281 -0.00015032224871064538 0.9999977828789871 -0.002100390518793526 -0.04504192222942459 -0.0014577518162504754 0.002100169178765796 0.9999967321191918 0.0639691819767686
0.9999981545302156 -0.000188586402957325 0.001911902542373948 6.5659420671802415 0.00019323567914264887 0.9999970243522168 -0.0024318607451902555 -0.041075273238788186 -0.001911438237354958 0.002432225705050961 0.9999952153295456 0.07303684023923465
0.9999951466240902 -5.436626885930201e-05 0.0031150878917310955 7.899195862159013 6.544921860562288e-05 0.9999936687345624 -0.0035578374316045398 -0.04111931094089071 -0.003114874742936428 0.00355802404415046 0.9999888189476105 0.09560448939525408
0.9999931014937561 0.00030767029396513095 0.0037016623142448156 9.208988966842382 -0.00029402509048358564 0.9999931626557362 -0.003686216356159462 -0.0338699109134029 -0.0037027711439751435 0.0036851025451760267 0.9999863546594457 0.10395452516402176
0.9999958331771234 -0.00044538659223651144 0.0028522375732172073 10.552706524130945 0.0004534553882864509 0.9999958958037378 -0.002828913906543879 -0.025551912485515978 -0.002850965906749855 0.0028301954814569466 0.9999919309609129 0.1224255524208024
0.999999866810644 -8.670024525367576e-05 0.0005087845925640912 11.870378299994092 8.669606328001821e-05 0.9999999962079343 8.241585807913074e-06 -0.014771944492241723 -0.0005087853051822575 -8.197475088988735e-06 0.9999998705351489 0.13179575301578134
0.9999998539720709 -0.0004297998409644026 -0.0003276094222176509 13.221661442448518 0.0004307791226646988 0.999995422227341 0.002994988098425505 -0.007416072021104569 0.0003263206770878014 -0.002995128788373075 0.9999954613488787 0.15133469847355635
0.9999999005537173 -0.0002967339337386399 -0.0003329287129027657 14.55950164107055 0.00029862835360944517 0.999983683934325 0.005704619728101359 0.00545186797805747 0.00033123052656361835 -0.005704718582751536 0.9999836731028311 0.1647385374834687
0.9999997205608038 0.0003883232978727287 0.0006388140030608014 15.895940814273517 -0.00039236495442126676 0.9999798319896259 0.006338900830740231 0.013152243233515536 -0.0006363395765778794 -0.006339149707630073 0.9999797049205187 0.18045492015520975
0.9999949186715474 0.00024930542131864627 0.003178124901910403 17.25576215764195 -0.0002636502629301128 0.9999897771014942 0.004513998343261933 0.014583501119123429 -0.0031769670480032933 -0.00451481331961973 0.9999847615544274 0.19507500033819958
0.9999843423270656 0.0007958188048747707 0.005539113027914638 18.603716178383806 -0.0007957794570886621 0.9999996833241621 -9.307595589544642e-06 0.01360737294271078 -0.005539118680970976 4.899537496150447e-06 0.9999846589524425 0.21293432743358023
0.9999929356878585 0.0002710869063947225 0.0037490113720245626 19.957011306931015 -0.0002633183184112829 0.9999978176843753 -0.0020725081302823568 0.013447678918945721 -0.0037495650203159844 0.0020715063060678224 0.9999908247697987 0.23063475031934352
0.999998122295856 0.0007176369773316198 0.0018001116440072174 21.299860629288112 -0.0007125512864977491 0.9999957579021835 -0.0028242606646341887 0.018328773474245153 -0.0018021308016441075 0.002822972689640458 0.9999943915591564 0.23723568299960593
0.999999377905885 0.0008963062434012807 0.0006639449984822156 22.664764033541434 -0.0008957548125157337 0.9999992540548046 -0.0008303692855112284 0.022411839713246354 -0.0006646887683905663 0.0008297740370157465 0.9999994348317847 0.26737412149034784
0.9999968098235982 0.0015693561295349234 0.001979258438165585 24.029128058748075 -0.0015723758687010388 0.999997600910059 0.0015250600821115456 0.033413182958060325 -0.0019768603273588045 -0.0015281673551069547 0.9999968783590182 0.26182246056761
0.9999764815186172 0.0025103048838961218 0.00638238035819034 25.410186211674255 -0.0025217175363634802 0.9999952349562345 0.0017807317294210555 0.0309273914490729 -0.006377879766311331 -0.0017967844097880195 0.9999780468667656 0.2708930965782637
0.9999669228043707 0.0026839778475164703 0.007677861686148195 26.78035558881917 -0.002682701586501107 0.9999963859698868 -0.00017652014834240094 0.027109416942902868 -0.007678307714292649 0.0001559168978245559 0.9999705092054293 0.276522161881357
0.9999695382888423 0.00283202634587825 0.0072733844375092085 28.14495322214884 -0.002805735193557221 0.9999895030863685 -0.003622370370559968 0.031140257263893887 -0.007283566737744914 0.003601852836267443 0.9999669876109524 0.30483649830058684
0.9999863549279694 0.002603983323623668 0.004528711596390517 29.517571785559515 -0.0025862369396420547 0.999988972075809 -0.003920089955475353 0.035416188536512655 -0.004538869502973512 0.003908324144345974 0.999982061672117 0.29818230506787596
0.9999897766276942 0.003382862715825165 0.0030004799516373374 30.896170591594416 -0.0033706628119984 0.9999860702563567 -0.004061763835664788 0.036084609024597064 -0.0030141785451609617 0.004051608704549747 0.9999872495160141 0.32616659932507336
0.9999916590390313 0.003754264958760127 0.001608523231141487 32.27982171145706 -0.003752378847267554 0.9999922706690529 -0.0011739911150730085 0.046427888347919964 -0.0016129182720383117 0.0011679455343110662 0.9999980171969726 0.3244674914740068
0.9999914888164126 0.004124264915535884 0.00011284343565024177 33.66381692148834 -0.0041242880524393 0.9999914739567747 0.00020557679267569555 0.04681035385199933 -0.00011199462038875095 -0.00020604044180732027 0.9999999725022702 0.34871677023100633
0.9999902916458363 0.004392794850050863 0.00034636322053404847 35.05918900570571 -0.004393012700855061 0.9999901517582904 0.0006307343665959249 0.05321338042127652 -0.00034358912278800073 -0.0006322498212302261 0.9999997411033056 0.35618771950779965
0.999989704024898 0.004020624474547469 0.00210390661189619 36.44891472873986 -0.004021230778317451 0.9999918744822055 0.0002840292103951841 0.04820635755894094 -0.002102747541770776 -0.0002924865800599682 0.9999977464496488 0.37870150839836497
0.9999862591590257 0.0037821135161137396 0.0036300289928944914 37.85071927657288 -0.00378822514741758 0.9999914164017623 0.0016782350938110832 0.052768852935027456 -0.0036236505585525046 -0.0016919634005662795 0.9999920031762658 0.38830258967928155
0.9999860565058936 0.0035819843044990413 0.0038802296625612648 39.24009698822329 -0.003595677572042094 0.9999873128734883 0.003527774774294333 0.05794206847114378 -0.0038675439997253114 -0.003541677639559603 0.9999862492169118 0.3957224361510727
0.9999833260422304 0.003918468622569541 0.004241844076855143 40.6358734762469 -0.00394452347822315 0.9999732995260299 0.006151501406557494 0.06462841669806069 -0.004217626352364495 -0.006168130890234937 0.9999720825049432 0.4124142394755476
0.9999819050542496 0.003856724285374896 0.004616843278732407 42.05707028218697 -0.0038954248260975603 0.999957106439298 0.008403032010577252 0.06929960016369265 -0.004584237068259002 -0.008420864524095057 0.9999540358492328 0.4217314466582775
0.9999817005411596 0.0035448059356625317 0.004902339613781392 43.44827510132609 -0.003591249883115274 0.9999484469337715 0.009497704934108946 0.07271731595416854 -0.004868419362317008 -0.009515136657813412 0.9999428787022264 0.43319194317863646
0.9999826421684662 0.0032418537138506325 0.004919933563711293 44.87527034903099 -0.003283956013384597 0.9999578529412445 0.008573679142499317 0.07916305924754806 -0.004891931589412836 -0.008589687167433139 0.9999511419462904 0.44487908906904283
0.9999865525864767 0.0025096998181846565 0.004538287456311255 46.27094990573412 -0.0025469246983639286 0.9999630101976148 0.008215315642492522 0.07714077819724781 -0.004517501609780786 -0.008226763844156607 0.9999559552979611 0.46182229285698234
0.9999857400420847 0.0015817318002932978 0.005100768275074043 47.70478319948552 -0.0016218824617928729 0.999967660763427 0.007876987025494275 0.08035626158805266 -0.005088144039253369 -0.007885147546597807 0.9999559666497342 0.4740561322269987
0.9999818884447019 0.0007343598679733611 0.005973566619027513 49.10111010591147 -0.0007849347752574045 0.9999638333949754 0.0084685169554504 0.08936657822070251 -0.005967131636409678 -0.008473052437608859 0.9999462989193086 0.4868948710245273
0.9999810957991181 -0.00028561399359004687 0.006142187642986269 50.52247949887508 0.00023024059302381104 0.9999593458918254 0.009014075263833436 0.09553334623581752 -0.006144512483860026 -0.009012490679018497 0.9999405082194122 0.4978320856812743
0.9999793082666306 -0.0015223840835780513 0.006250230819182512 51.973992932976756 0.0014639502113872956 0.9999552813339386 0.009343028531605943 0.10120979881580666 -0.006264174995126634 -0.009333685181421742 0.9999368192203768 0.5082686862894309
0.999969602227873 -0.0025591105696307352 0.00736515942270679 53.375312334057874 0.0024865269196788224 0.9999484221925148 0.009847341701078437 0.11126501122546684 -0.007389979980161984 -0.009828728696657065 0.99992438928556 0.5198234384927185
0.9999610509158295 -0.003282659631434126 0.008192728303431386 54.83304073262571 0.0032113850819615896 0.9999570169090147 0.00869777789322517 0.12188947361603679 -0.00822092799901857 -0.008671129117287707 0.9999286113831658 0.5298678466625166
0.9999570332169353 -0.003684798840681126 0.008506114123899134 56.23054814632082 0.0036182542491466916 0.9999628355669309 0.007825325624649722 0.13182311765759927 -0.00853463274977976 -0.0077942121120086715 0.9999332029197647 0.5431299540040552
0.9999584904302677 -0.0040952501301386585 0.008139185634436375 57.654786155464514 0.004046934668323124 0.9999741465338526 0.005943785299239759 0.14171536456531572 -0.008163316495796335 -0.0059105998227534885 0.9999492112470136 0.5558910051632403
0.9999558450533468 -0.00395681687360711 0.008523587500338707 59.11119698067268 0.00391005611650648 0.9999772539040908 0.005495737948592899 0.15769794045135904 -0.008545139250647846 -0.005462167579136682 0.9999485713378087 0.56782698275746
0.9999505172880239 -0.003720096657568854 0.009226259061595563 60.51018430871661 0.0036773550062186348 0.9999824491790251 0.004645255006634003 0.1570659799016522 -0.009243377930798238 -0.004611096916869626 0.9999466474515786 0.5780406716060708
0.9999435054230192 -0.003129998888921785 0.01015820206925557 61.96559449945316 0.0031001540607071628 0.999990836086125 0.0029524207986943328 0.1712529306774879 -0.010167350054186225 -0.002920762011535755 0.9999440455056212 0.5834908230911823
0.9999465314259929 -0.0027654196153596338 0.009964273354192102 63.35888215981197 0.002750841971956746 0.9999951265443607 0.0014763996658560949 0.17372428535082904 -0.009968307658344002 -0.001448910583508535 0.9999492654632782 0.5956280989072471
0.9999556271206589 -0.0021077862943075032 0.009181559054288718 64.7702034205028 0.0021015028172341184 0.9999975510549884 0.0006939524011036242 0.1842240804922584 -0.009182999272515422 -0.0006746265362182725 0.9999576078031497 0.6036414388117309
0.9999580958679619 -0.0014956705193354273 0.009031582243302258 66.23394713274806 0.0014891497767466019 0.9999986257318608 0.0007286750525062921 0.19236628338377493 -0.009032659689280744 -0.0007151951393293968 0.9999589489348302 0.6145140487963563
0.9999580493536835 -0.0008547653350029704 0.009119698953280433 67.60555467184429 0.0008325835977597703 0.9999966868172823 0.00243580767120744 0.20418318169426716 -0.00912175078201155 -0.0024281125757363215 0.9999554479735537 0.6232955870902775
0.9999456176304624 -0.00027095175992378705 0.01042537130163174 69.06522631952919 0.0002191443022267163 0.9999876245427649 0.004970184814757514 0.2170707326328849 -0.010426588963217742 -0.004967629863610898 0.9999333022237685 0.6305530156185377
0.9999314582848906 0.0003707213602416726 0.0117021920136831 70.43268926234079 -0.0004672348418900974 0.9999658935386269 0.008245814156179275 0.2303763199735349 -0.011698735993882924 -0.008250716645769818 0.9998975273751689 0.634477358676324
0.9999212747687657 0.001146438853698992 0.012495196787614331 71.87946705641706 -0.0012916302340933417 0.9999316756374828 0.011617906358484992 0.2430627988263247 -0.012481023842011284 -0.011633130910072292 0.9998544365601846 0.6400092820360658
0.9999216812105851 0.001703057077133695 0.012398832267156486 73.23982357982044 -0.0019056494105444612 0.9998645760480803 0.01634619419059971 0.2566619335934922 -0.012369314666591176 -0.016368541803860506 0.9997895132946205 0.6429106476129731
0.9999237372001886 0.002549439443073544 0.012083879432308913 74.63926251416046 -0.0027862588972138967 0.9998035911962734 0.019621819293651588 0.2738357775599713 -0.01203148141195314 -0.01965399169535599 0.9997344467734783 0.6500144823780717
0.9999191970451611 0.003366520423005125 0.01225830007798119 76.07637442644781 -0.003626044518443198 0.9997684461287335 0.021210985985755937 0.2852625834337 -0.012184054403629865 -0.021253721217216436 0.9996998690370577 0.6525869478198819
0.9999132677657495 0.003483177539600495 0.012701355055594955 77.44280784663344 -0.0037567618595505873 0.9997600681351835 0.02157991896796004 0.28312295293755174 -0.012623140906735174 -0.02162576325961047 0.9996864421792905 0.6564313586637889
0.9999121237257411 0.003589119720656072 0.012761780671559848 78.86596191515906 -0.0038502583508343807 0.9997824962403561 0.020497212543035 0.28247994801738113 -0.012685437986527345 -0.020544547476966216 0.9997084581176938 0.6655563320379249
0.9999230826754765 0.0035799050955137536 0.011874889990202982 80.22299961401691 -0.0038151642060326096 0.9997957229342797 0.019848348152987874 0.28726161013766915 -0.011801409019829618 -0.01989212612639293 0.9997324792479828 0.6683022998051954
0.9999227184939635 0.0031023555448316175 0.012038788548490628 81.6139277086078 -0.0033374704277120523 0.9998031323265165 0.01955908692219533 0.2808984053824835 -0.011975739258432615 -0.019597754467267352 0.9997362200545976 0.6776377047658104
0.9999182550004826 0.002861396029513105 0.01246177072297334 83.01778039712853 -0.0030981928378346025 0.9998142233910933 0.019024192650528935 0.2871235391981171 -0.01240501986815254 -0.019061246486710558 0.9997413587345696 0.6797153050430785
0.9999249993834846 0.002451339400178321 0.011999439282040019 84.38261511558912 -0.0026795747871149575 0.9998151029461221 0.019041528294637705 0.29080956831118493 -0.011950543372520328 -0.019072253563235886 0.9997466847442512 0.6847443537725248
0.9999222004624684 0.0016831987009411323 0.012359606159916202 85.77551415853634 -0.0019217702553464958 0.9998115800996727 0.01931608391163628 0.2948904877377264 -0.012324764556808131 -0.01933833345272696 0.9997370299423195 0.6877918167437036
0.9999139689833643 0.0007217372515319045 0.013097088503769559 87.13248261282668 -0.0009634629122769613 0.9998291441668623 0.018459529077859967 0.30094282702310365 -0.01308152786002034 -0.01847055954483897 0.9997438232162018 0.6913502854406955
0.9998974715880213 -0.00046973860599143014 0.01431173146492846 88.50267938456021 0.0002227753099419172 0.999851136035293 0.017252713992159843 0.30231334985345193 -0.014317705229661016 -0.017247756798379 0.9997487275322637 0.6979174267553951
0.9998845621313638 -0.0015332196129618858 0.015116601767243769 89.8904423136469 0.001303665038801007 0.9998838700405741 0.015183770617037268 0.3092739486307237 -0.015138126331802637 -0.015162310849689942 0.9997704443825391 0.7012822215937669
0.9998820342635354 -0.0022488826176066557 0.01519408055745957 91.24713857042457 0.002041533811776946 0.999904771594109 0.013648438849484135 0.3140002227524731 -0.015223327386275175 -0.013615809572146748 0.9997914082612359 0.7045854141340909
0.999885047068178 -0.0026994166187343234 0.014919979872161444 92.61413316659491 0.002511545614217961 0.9999175088633161 0.012596333085778622 0.3223214249218057 -0.014952751856929352 -0.012557412890348058 0.999809345122062 0.7065978755361775
0.9998864448012678 -0.002937971426858147 0.014780589520599503 93.9715732522827 0.0027636963978120484 0.9999265884516597 0.0117974441997284 0.33117336069621284 -0.01481416500860617 -0.011755255476592145 0.9998211612502397 0.7103818514181196
0.9998924295024629 -0.003051038990251614 0.014346448506243585 95.34167140292251 0.0028850135464241517 0.9999287983698663 0.01157907109540385 0.3428333110449885 -0.014380755213106281 -0.011536435830681509 0.9998300378203414 0.7067201161360535
0.9998979582004248 -0.003014902736933443 0.013963650959122774 96.68465885350084 0.002854580972492146 0.9999299465036862 0.011487099399186849 0.35089478887958897 -0.013997305243969816 -0.011446066862557823 0.9998365181364827 0.7092508999472618
0.9999061833015968 -0.0028455050131011173 0.013398794589586894 98.04233162617032 0.0026782932957483507 0.9999185216426858 0.012481058485880388 0.36322579984833553 -0.01343321779230412 -0.012444001652460264 0.9998323336853125 0.7144205444564881
0.9999010167682936 -0.002519515436615619 0.013842279714601731 99.38953265117205 0.002328657596744496 0.9999022446770215 0.01378689390874094 0.3777909034593899 -0.013875662850103526 -0.013753295307612991 0.9998091382102146 0.7123192438175822
0.9998831048892771 -0.0022880949928686775 0.015117578452996638 100.74477811351179 0.0020727014242724923 0.9998963406093603 0.014248226023479815 0.38739805183931475 -0.015148612668647836 -0.014215226249130117 0.9997842001536638 0.7153183401970455
0.9998617433196543 -0.0022986861623203714 0.016468463428898038 102.0770298844733 0.0020542471498096694 0.9998877052297318 0.014844426532153152 0.40018334263726224 -0.016500736784437663 -0.014808543896958624 0.9997541861443855 0.7128980528864566
0.9998733195067693 -0.002170213434795945 0.015768167685611036 103.41866768791031 0.0019446288510397884 0.9998957500213872 0.014307603146551152 0.4068433097457739 -0.01579757440703542 -0.014275127418518125 0.9997733029942535 0.715936217147014
0.9999094674885807 -0.0019357100964971677 0.013315774597270229 104.75102868246762 0.001745319833353073 0.9998962996077787 0.014294890323137986 0.41807092986682304 -0.013342064509748579 -0.014270355885315493 0.9998091549178394 0.716212403286787
0.999921360496815 -0.002084396261046443 0.012366410733331635 106.06762946070855 0.0019157740170554177 0.9999052485744588 0.013631716075582615 0.42817066509540536 -0.012393652896305415 -0.01360695283583572 0.9998306097546771 0.7155445250908229
0.9999058216460502 -0.001980198924807773 0.013580377408433849 107.41465972303463 0.0018183484955633042 0.999927301293867 0.011919972143958077 0.43828714515139033 -0.013602994048590663 -0.011894155681772624 0.9998367304782975 0.7205036044772419
0.9998760620284866 -0.001340493994745039 0.015686416361179224 108.7373563948858 0.0012025780524203126 0.9999605720168305 0.00879819400790734 0.44027323950296887 -0.01569759180365115 -0.008778239437551938 0.9998382509805989 0.7162026034427567
0.9998626637578392 -0.00045254632362255054 0.016566497061937205 110.08024904270907 0.00032921676925982995 0.9999722203419543 0.007446486466833178 0.447908992261747 -0.01656940673038828 -0.007440009825723837 0.9998350369007859 0.7202311317343414
0.9998791962294247 0.00030590637706087915 0.015540249962211183 111.41065941324217 -0.00041424588975124554 0.999975631802791 0.0069688019739197 0.4524348733427625 -0.015537739473371132 -0.006974397601037412 0.9998549576964453 0.7213388661058602
0.9999105078698857 0.0010196254251815847 0.013339288413545775 112.71456239837867 -0.0011319893881131333 0.9999639214081741 0.008418698356160595 0.4593051160768397 -0.01333022323191298 -0.008433044881841026 0.999875586711971 0.7177192752091769
0.9999290020956113 0.0019733035452544675 0.011751461236515739 114.07166427912361 -0.002107852335575451 0.9999322457777503 0.011448179435875526 0.4644533598834891 -0.01172807429233184 -0.011472136984140327 0.9998654121162561 0.7244381590834391
0.9999272001156152 0.00343749505556555 0.011566248168253588 115.37581626063475 -0.0035942740451042716 0.9999015786416123 0.013561497856075673 0.4741291229699317 -0.011518492220571094 -0.013602082846190054 0.9998411412215493 0.7200092630454081
0.9998959085069914 0.004900733030764284 0.013570370913851215 116.7338608952688 -0.0051061081746866 0.9998723303709018 0.015141024336893702 0.48024818190309604 -0.0134944362715425 -0.01520874006692154 0.9997932758402059 0.722023081723637
0.9998575920343863 0.005727581143107209 0.0158742075533821 118.04829074169092 -0.00596412205632788 0.9998712923077431 0.014893893612517884 0.48065513053702985 -0.01578685843655899 -0.014986448314824312 0.999763062664155 0.720173727261121
0.9998399714793333 0.0065250963867507 0.016656966991308714 119.40558127523319 -0.006772315735131557 0.999867112513503 0.014828791369950077 0.4786601791110979 -0.01655799419584464 -0.014939224580058676 0.9997512952715575 0.721955608651085
0.999838308737184 0.007583773796507927 0.01630468511105822 120.73839272219284 -0.007831211055568391 0.9998543226541466 0.015165935619696955 0.47530006833360167 -0.01618729486265408 -0.015291168850714102 0.999752045079283 0.7178290258493539
0.999830863454313 0.00889691534808853 0.016096253647718432 122.0484541260801 -0.009164065459378567 0.9998202118490009 0.016600116941602173 0.47321937159084354 -0.015945669896839296 -0.016744816377243125 0.9997326376266974 0.7136833079915426
0.9998247375065723 0.009951682011514489 0.01585743658526005 123.39995962881127 -0.010241963693594706 0.9997795161235847 0.018330884304631374 0.47268822245918235 -0.015671517144582172 -0.018490082877921123 0.9997062170385632 0.7073961033323497
0.9998217335200178 0.011216248739959989 0.01518871111154214 124.72219057006683 -0.011511417076179685 0.9997438301488047 0.019487466646440885 0.4697063148469581 -0.014966243948458694 -0.019658836272812622 0.9996947242525961 0.7070903066740557
0.9998192622810171 0.012212555607420834 0.014570389746955958 126.07623014012458 -0.012511911228707973 0.9997087953273854 0.020634355392710427 0.4618718192310814 -0.014314148568723071 -0.020812929409465657 0.9996809126517067 0.7043260259665409
0.9998079566893369 0.013153247197509219 0.014527278783531898 127.42618436785101 -0.01344288537234614 0.999709138223397 0.02002318120327263 0.4528611298083668 -0.014259683501368546 -0.020214624428723477 0.9996939683651425 0.7061813511657109
0.999780027022029 0.014109899962096282 0.015517998933198184 128.745297592532 -0.014411959397675896 0.999705420091694 0.01952865754754202 0.44417862943480474 -0.015237880238105498 -0.019748006541143944 0.9996888632187018 0.7034308968209111
0.9997513290161801 0.014929794106589227 0.016564461304739774 130.0991517998131 -0.015220363782253284 0.9997300167306277 0.017556599161420893 0.42881900417203733 -0.0162978727666294 -0.01780435047155009 0.9997086497813095 0.6954435163610254
0.9997368747408085 0.015288932487701292 0.017100579723133412 131.42052395073955 -0.015581562646073925 0.9997321612072129 0.017112006120320652 0.4143297958583088 -0.01683437521820169 -0.017373957273515143 0.9997073318825219 0.6949574454232695
0.9997309529436016 0.015329623643673821 0.017407595049905196 132.7812327617824 -0.015605412197111273 0.9997530806940971 0.015819252599932436 0.39777485492086667 -0.017160793589936864 -0.016086649172700165 0.9997233251663972 0.6949113224916245
0.9997230203571688 0.015135088504368302 0.01802253211690051 134.1211488693294 -0.015385432396717197 0.9997859325724067 0.013833925700572134 0.38300797914997065 -0.017809296389970516 -0.014107378434274873 0.9997418721028976 0.6863997876356697
0.9997303665420293 0.014595238863253465 0.01806026622904802 135.4436481307401 -0.014815744140246865 0.9998165833674927 0.012136447129381618 0.3656100200374506 -0.01787981933102953 -0.012400751020728963 0.9997632386894467 0.6853676261619549
0.9997477810453405 0.013418378607958572 0.01800892585501962 136.78806165957877 -0.013633168039432946 0.9998367545318798 0.01185752994371502 0.35305443919534024 -0.017846877153348102 -0.012100057962298941 0.9997675117612006 0.6831145572316707
0.9997422625408103 0.012426794438971111 0.018999559725238247 138.12555190379265 -0.012611355485467815 0.9998741466898762 0.009625200985494036 0.3372541266610726 -0.018877558173675413 -0.009862330412410202 0.9997731603900136 0.6746855019504635
0.9997486066686376 0.01141257050756442 0.019299655399191557 139.46706490232697 -0.011580770562328497 0.9998957335713344 0.008625992060374336 0.32592130456810053 -0.019199198350461896 -0.008847328424604015 0.9997765328124314 0.6714371892858895
0.9997589228413256 0.010125488842490229 0.019482573619852138 140.81274129438341 -0.01028183600836322 0.9999156037774444 0.007941610081448149 0.31436419616307876 -0.019400516679961854 -0.008140012167634597 0.9997786555805546 0.6656176544648941
0.9997737147598638 0.0089382392621153 0.01930355288944727 142.1400458588942 -0.009091868191311 0.999927575480199 0.007885539111734145 0.3083089506916623 -0.019231672003607352 -0.008059260089117498 0.9997825719218962 0.6605963316202507
0.9997906363939437 0.007966590608527837 0.018847196424646957 143.4866977367637 -0.008114420888423332 0.9999368103906447 0.007780192762989657 0.30124123769879324 -0.01878402386706927 -0.007931497958133357 0.9997921042834363 0.6484729301302494
0.9998337291276557 0.007089811696473932 0.016800257997846374 144.82988430160867 -0.007196399141334825 0.9999543073891188 0.006292453682469872 0.2913150530074398 -0.016754878038477482 -0.006412308792936808 0.9998390652289295 0.646828065696725
0.9998524903281909 0.006150671680844453 0.01603642174518334 146.15588771161597 -0.006190108643710514 0.9999779352106273 0.002410735752713324 0.29001752653116053 -0.01602124026079103 -0.00250964733873267 0.9998685021195243 0.6531269797931406
0.9998082093328686 0.005233442568019044 0.018872085986718353 147.52264568319575 -0.005120965387606071 0.9999688670553176 -0.006003385178659356 0.27573727528449177 -0.018902916814655498 0.005905590486280984 0.9998038826374432 0.6407927443292178
0.9997807172333708 0.003864741063081224 0.020581089010106954 148.84719002137857 -0.0035786630915638504 0.9998967250815488 -0.013918776586706585 0.2579146393424454 -0.020632755967240294 0.013842071655243898 0.9996912955675303 0.6314548478468666
0.9998385032737979 0.002672165954172535 0.017771519358935353 150.17614811991174 -0.0023808614433346535 0.999862796771107 -0.016392654813894496 0.2456508161694684 -0.017812884943189167 0.016347695928577124 0.9997076842596677 0.6301007013752985
0.9998869334404707 0.0030506840624962813 0.014724593772411882 151.54138279729878 -0.002824778049667109 0.9998783669227989 -0.015338578446744971 0.24977366782318508 -0.01476959593156964 0.015295250457173353 0.9997739316212794 0.6275600510430219
0.9999153006022322 0.0038300583169956944 0.01243874088628537 152.87039135514433 -0.003684046951942151 0.9999242947529001 -0.011740211283075973 0.25720474536999555 -0.012482764902200995 0.011693391988802511 0.9998537118819897 0.6255865117038167
0.9999065423233232 0.0047456297107418745 0.012821295475295778 154.22670869835136 -0.004602136441299025 0.9999267075338134 -0.011198209712422429 0.258946861701128 -0.012873498327649077 0.011138157802628244 0.9998550967423089 0.6287582906245495
0.999859566699826 0.005339349062602815 0.015885157551118335 155.56308435468827 -0.005108804654359951 0.9998815489418913 -0.014518546778788813 0.2539438157023961 -0.015960795526531863 0.014435353724518544 0.9997684099675325 0.6234694184567094
0.9998019957734986 0.005991058422658617 0.018975680918095886 156.89360465229518 -0.005586976702627138 0.9997580164282799 -0.021276613422153624 0.24064699148217095 -0.019098558549099944 0.021166383875564514 0.9995935320193798 0.618523553750942
0.999771522108795 0.006056935663620661 0.020499197804545944 158.24035787017445 -0.005549895378297188 0.9996794588185547 -0.024701786929928905 0.2259255278961783 -0.020642244101674038 0.02458237471458791 0.9994846695231691 0.6126781800633603
0.9997693829162931 0.006069053843388701 0.020599698265278965 159.58464139575844 -0.005537785590601435 0.9996530779854288 -0.025749885533932253 0.21579777718418802 -0.020748829218223748 0.025629870458200435 0.9994561500267878 0.6088806779480996
0.9997525106490028 0.007056819065945245 0.02109783770166879 160.9392645892009 -0.006536790257098167 0.9996755937342808 -0.02461661360032606 0.2144737801442403 -0.02126470841911903 0.024472609110668255 0.9994743136164962 0.5943979095877605
0.9997539076526754 0.008060605011582999 0.02066762637684787 162.28881176586611 -0.007609737033013464 0.9997333512958975 -0.02180179370973392 0.2175026537355879 -0.020837851028695793 0.021639153253319623 0.9995486636532436 0.5819203727433387
0.999781768549779 0.008910937556856565 0.01889472062069278 163.6357337244595 -0.008567720338125974 0.9997982292756794 -0.018168514122611047 0.21656204114350433 -0.019052806714074763 0.01800266449928059 0.9996563882791139 0.5722399403797346
0.9997900976802192 0.00955506802795791 0.01812350009128745 164.98793709869844 -0.009270629728995469 0.9998335480201376 -0.015714059879323374 0.2159469862171482 -0.01827063230995756 0.01554274520296179 0.9997122621367361 0.5615188422028835
0.9997641323319377 0.009894468117254206 0.019333370198815408 166.33913150345404 -0.009614105111378191 0.9998480520934349 -0.014541035309476232 0.21153855902166158 -0.019474308343948324 0.014351732496137973 0.9997073467214713 0.55104905279523
0.9997626834814963 0.009653573071523525 0.019529087147894815 167.677068242006 -0.00939217301677715 0.9998656632095686 -0.013432893229397986 0.20385990953140126 -0.01965613908935928 0.013246284816590608 0.9997190465999222 0.5410582585332969
0.9998062461743769 0.009201060372468838 0.01740145392556444 169.04467064831647 -0.009004269741759063 0.9998950039216735 -0.011353601142108151 0.19945702221854034 -0.017504092010698545 0.011194713953407693 0.9997841192689462 0.5336808333163798
0.9998511060649927 0.00857928164309313 0.014972028155843949 170.42646118539702 -0.008463821662188635 0.9999340855265233 -0.007758113501765449 0.19735152157354152 -0.015037600323241907 0.007630237789485606 0.9998578149155981 0.5279295038264311
0.999873353874622 0.008207650914763122 0.01363490659947812 171.77771023417748 -0.008184435994304313 0.9999649624193744 -0.0017575383564517521 0.1968384216240936 -0.013648854126637881 0.0016457217506769583 0.9999054957249456 0.5271699509475315
0.9998570278989798 0.008430310064202792 0.014657886383787429 173.15213912164538 -0.008456322094864934 0.9999627765124669 0.0017135361408375746 0.20087081595328218 -0.014642895125162883 -0.0018372429614665865 0.9998910991506295 0.5199728318271131
0.9998143122634777 0.009117842331101095 0.016976629357269495 174.52499071927005 -0.009191750136836244 0.9999485928828971 0.004280574837129574 0.2036098755689006 -0.016936727031244686 -0.0044358249220947535 0.9998467236205405 0.514846084463472
0.9997728912216192 0.009277352013519962 0.01918584681429549 175.89498524618932 -0.009357102034336937 0.9999479339369178 0.004071124759619442 0.20013567277579744 -0.01914707862529903 -0.00424972409770517 0.999807646112596 0.5023404978167694
0.9997500006987096 0.008560476379520225 0.0206556129680514 177.29728671461382 -0.008609715199633184 0.9999602996989398 0.0022960466431852485 0.19103987410999174 -0.02063513768094272 -0.0024733115780574944 0.9997840135862978 0.4953343507986048
0.9997590655228118 0.00694624713162362 0.02082211698508353 178.6757584184392 -0.006949356354189625 0.9999758499694886 7.696792345036297e-05 0.1853939935067201 -0.020821079492105536 -0.0002216496902019362 0.9997831932575174 0.48487680520848286
0.9998397189730868 0.004941137544584414 0.01720818187909783 180.01246792958887 -0.004914773491136651 0.9999866836446344 -0.0015740187218391032 0.17836099671993969 -0.01721573017183509 0.0014891921203719382 0.9998506893239005 0.4765996875492263
0.9999097392876235 0.003369394420866866 0.013006170035543272 181.43073828334474 -0.0033887334881665824 0.999993184867966 0.001465163120026606 0.1851334282256779 -0.013001144684334946 -0.0015091053173118788 0.9999143427504369 0.47370856435839936
0.9999227295171582 0.002699374082420288 0.012134594122557294 182.81839728657877 -0.002764869783657277 0.999981684364528 0.005383904768933412 0.19823614094631267 -0.012119838696759267 -0.005417039324638746 0.9999118787147794 0.46738090562776596
0.9999064336646377 0.0024057884058734462 0.013466109245499232 184.16797492570825 -0.0025281773854738906 0.9999555887389845 0.00907903457303698 0.20764218195067016 -0.013443668962494331 -0.009112229793908147 0.9998681088188631 0.46395691162565145
0.9998578848006562 0.0025301144656326327 0.016667594989935555 185.60556072833927 -0.0027154852703663453 0.9999346126446367 0.011108401098579228 0.2124495609385889 -0.01663839961366933 -0.011152083034630314 0.9997993772263937 0.4585013920340933
0.9998064395843909 0.0029872652635635254 0.019446326435317112 186.97011539242683 -0.0032048392738301223 0.9999325123394508 0.011166905199867908 0.21730082566593584 -0.01941165554023465 -0.011227066079747978 0.9997485386918193 0.4525230316936082
0.9997941041378623 0.0032000566532462416 0.02003768870367293 188.4132885362532 -0.0034123490143682426 0.9999383195011718 0.010569440258426746 0.22208854183102159 -0.02000262996141826 -0.010635639641710621 0.9997433560489604 0.44046027773091534
0.9997817424398413 0.0030746728317891953 0.020664313947773984 189.80981131236837 -0.003273848411137355 0.9999484470739207 0.009611717382189024 0.2206625289668142 -0.020633695755622707 -0.009677271383589417 0.9997402667783432 0.43160368789450615
0.9997640668629207 0.0031525511056165107 0.02149120823127161 191.19214545751638 -0.0032965341059971336 0.9999723383288442 0.006667491284691387 0.21614894526806658 -0.021469594141515533 -0.006736764703469613 0.9997468042103104 0.42255895413099925
0.9997608632399014 0.0036016597296522853 0.021569524357270074 192.63339606128636 -0.003710583479118563 0.9999805555266686 0.005011999483202782 0.2161018360680359 -0.02155105343252525 -0.005090836450617285 0.9997547876755487 0.41415171797247424
0.9997379024431727 0.004020236607675066 0.022538059280771346 194.0247352011763 -0.004067261884983444 0.9999896457323832 0.0020410313034500424 0.213373912670914 -0.02252962048691045 -0.002132164543606179 0.9997439022445073 0.40152666137160314
0.9996994758991073 0.00457253309625676 0.02408422363568365 195.47850673823388 -0.004512849362233791 0.9999866117584514 -0.0025318954334939956 0.20548992093411167 -0.024095478365946013 0.0024224460646211 0.9997067268341152 0.3833204664315208
0.9996806195903997 0.004991255274719478 0.02477390131039307 196.88517429699073 -0.00484407913324347 0.9999702835896314 -0.005997235615102377 0.19827008192862106 -0.024803098852872914 0.0058753134771484476 0.9996750907063953 0.3729449363754553
0.999772654945279 0.0051035272981861945 0.020702474074007562 198.31016589075045 -0.005017572850428755 0.9999785845520384 -0.004201713935129382 0.19737982258629364 -0.02072347428301845 0.004096882524394432 0.9997768516860261 0.3542157798048799
0.9998641787353943 0.005343239979091308 0.015590826415593747 199.73991872954772 -0.005397167637565648 0.9999795906034735 0.003418911815391195 0.20997254599376125 -0.015572240149938271 -0.0035025937582379993 0.9998726104727929 0.347614942439691
0.9998612078771634 0.006502859966939616 0.015338767703775883 201.16890858119433 -0.006694289005001816 0.9998999384236376 0.012461927424092512 0.22037030123092244 -0.015256194713542948 -0.012562879950720349 0.9998046922125372 0.3337844686917096
0.9997853762733699 0.00760829976114521 0.01926953981444615 202.61088318705896 -0.00797821663638332 0.9997839570974252 0.019193415274947785 0.23569155998907598 -0.019119347510281416 -0.019343032475757787 0.999630080402457 0.32112016613065875
0.9997266379310683 0.008397224690960495 0.0218205414353636 204.05014138492905 -0.008849230511265576 0.9997465400458698 0.020701371589111114 0.23292537800201144 -0.021641176733287467 -0.020888807620385943 0.9995475562402207 0.31159648455256783
0.9997194626217508 0.008015532019388455 0.022287828555601463 205.5006668620781 -0.008446561018617491 0.9997778109880869 0.019312800491585652 0.2246516912268225 -0.02212807407427264 -0.01949563803303647 0.9995650396224591 0.29717903408185276
0.999723282366946 0.006833830842503848 0.02250905261168387 206.9413642080669 -0.007198146917573424 0.9998437626251954 0.01614425657765068 0.21619920785063035 -0.022395208737864835 -0.01630181264485739 0.999616279144192 0.28529785699803034
0.9997367448642142 0.005748447006893016 0.022212526315436614 208.3729321998095 -0.006067374517364648 0.9998790924284727 0.014317384219184697 0.20535437913474863 -0.02212753792836102 -0.014448386810390549 0.9996507471031101 0.27618716160545626
0.9997530332349095 0.005338762816650612 0.02157243957427144 209.8425131578863 -0.005660729541088786 0.9998730914498952 0.014891512196279785 0.20496138885769233 -0.021490199595645652 -0.015009950233656796 0.999656377319388 0.2589528142056519
0.9997455861546113 0.005101208992131683 0.021971359338725467 211.28787289883525 -0.005451278442128946 0.999858684214363 0.015902677902459156 0.2058965899272648 -0.021887131555304 -0.016018404038529475 0.9996321144322741 0.24664165828241025
0.9997304739043134 0.005025748270356605 0.022665423035536227 212.7514984187656 -0.005413419407440059 0.9998395519753018 0.01707528026554238 0.20910883222941065 -0.022575970352920825 -0.017193375472858066 0.9995972756077686 0.23003876719001953
0.9997314299085609 0.004781840949518807 0.02267602368400658 214.2116046786415 -0.005162695363983535 0.9998460990649481 0.01676677551542291 0.20923193993821557 -0.022592357769007313 -0.016879341863336596 0.9996022574947987 0.22014739800166502
0.9997499752892113 0.0043979317360547 0.021923619812118423 215.66733931071582 -0.004765302970122688 0.9998486397277019 0.01673288744559436 0.20782013761939602 -0.021846711350321093 -0.016833176500856646 0.9996196103378858 0.20502434536498645
0.9997570934590274 0.004198259751185284 0.02163628187602927 217.14142261660433 -0.004546679248166355 0.9998603784622138 0.016079530130355343 0.20753135098173123 -0.02156575494091752 -0.016173997541124134 0.9996365939767151 0.1920719175781952
0.9997563646963968 0.003621191624164433 0.021773796643357345 218.6026220034109 -0.0039802494930746436 0.9998564429265234 0.01646970407423251 0.2070803474263811 -0.021711030906386673 -0.016552356615932164 0.9996272558446178 0.17906263999568114
0.999763048242432 0.00341656243039105 0.021498243420329417 220.09261840639078 -0.003791587402676114 0.9998409328034293 0.017427936072183382 0.21130843588219142 -0.021435280123393876 -0.017505318961032485 0.9996169729321848 0.16781160451904992
0.9997621243023814 0.0032704815497061218 0.021563829920092165 221.5657419067944 -0.003634565175152611 0.9998511448366103 0.016866478734673642 0.20952844573957896 -0.02150545852515584 -0.016940841754548745 0.9996251913263642 0.1541721120782273
0.9997694564048106 0.002806353252816574 0.021287517972975102 223.05822043910672 -0.0031915391715140497 0.9998314114707247 0.018082110335214927 0.21672838128364172 -0.021233184352471103 -0.018145881567964695 0.9996098633288766 0.13860478040541682
0.9997676481065711 0.0024521583704925744 0.02141580534981921 224.53992657758 -0.002844536947748595 0.9998282984436511 0.01831071382623585 0.21825441417198582 -0.021367227452531484 -0.018367377346791645 0.9996029617004906 0.13003003873088373
0.9997646187206598 0.002025462578888822 0.021601033671454724 226.01054010150676 -0.0024324252826561582 0.9998197341439753 0.01883036174678773 0.22147285148898216 -0.021558999549563862 -0.018878472332583284 0.9995893220822288 0.11564491312315583
0.9997637323320282 0.0021019301480690814 0.021634726787862536 227.51288380449063 -0.002491692205837214 0.9998348026223682 0.01800441432097538 0.22457526242804354 -0.021593308766471815 -0.018054067540103295 0.9996038113481627 0.10539493338500219
0.9997652481916732 0.0021265788333021023 0.021562146709173665 228.99783687895055 -0.002497493010870408 0.9998491254751268 0.017189788110527345 0.22627176741996188 -0.021522338090988878 -0.017239604087389167 0.9996197202006408 0.09263678276045276
0.999753638245902 0.0023016458272332144 0.022076350254703052 230.49610608555258 -0.002663300376371462 0.999862511113963 0.016366603190203496 0.23099366424093606 -0.022035644877960052 -0.01642136703707519 0.999622313206066 0.07983734322874586
0.9997322533600409 0.0024731505045796887 0.02300663204896577 231.99756425808908 -0.002806884612631257 0.9998911467093872 0.014485031272248665 0.2312887866992176 -0.02296830403896151 -0.01454572991528253 0.999630371062627 0.06781906370040014
0.9997213918235572 0.0024285657780579715 0.023478517811635086 233.4951623621668 -0.0027681235677231965 0.9998918942243593 0.014440822564402442 0.22969215358243206 -0.023440909160769248 -0.014501790671651036 0.9996200387372355 0.05362252611829907
0.9997234403371648 0.002419434789648365 0.023392075062334452 234.97907161465002 -0.0027674136895938835 0.9998858283626686 0.014855021405923586 0.2348290787572104 -0.023353463595233548 -0.014915648654967667 0.999615995852061 0.038855852317738096
0.9997300026803306 0.0027862585922436966 0.023068560940019894 236.50058143418312 -0.0031584362156889126 0.999865190942927 0.01611285888151697 0.23384009106762565 -0.0230205564975673 -0.016181369031123535 0.9996040302413856 0.025453969058086313
0.9997129433754447 0.0031504929445751793 0.02375089981055833 237.99368638464418 -0.003559800533918141 0.999845545913678 0.01721081452859757 0.24199711624295717 -0.02369300883728603 -0.017290422516099805 0.9995697487526576 0.009423409349465454
0.9996587160988317 0.0036711990479285127 0.025864524453112242 239.50472788481994 -0.004119357124355142 0.9998419407516538 0.01729521352421937 0.2434285223764295 -0.02579694215439452 -0.017395856159350277 0.9995158337735155 -0.010151903980574313
0.9996347572050248 0.004407583893940311 0.02666318420348419 241.02603817953184 -0.004853075765539141 0.9998493254452492 0.016666555201785473 0.23769594899331237 -0.026585707499801235 -0.016789866315671 0.9995055280216497 -0.030139442898574807
0.9996639243304082 0.00490109483021059 0.025456191030734616 242.52008814372917 -0.005359692963325874 0.9998240114643381 0.01797831445653355 0.23926916863621514 -0.025363597608912773 -0.018108709750404944 0.9995142633036852 -0.04624731287414481
0.9996852903574414 0.005656951790738806 0.024440113326160622 244.0520988690783 -0.006100607332636115 0.9998172708146784 0.018116499961661363 0.2355657883422466 -0.024333163237263325 -0.018259898059002046 0.9995371295203314 -0.0631253734362698
0.9996811976789807 0.005769883690672287 0.024580712953756467 245.55863952635204 -0.006229594714202239 0.9998063533124268 0.01866676259568438 0.23631791610414882 -0.02446824793105629 -0.018813939467931005 0.9995235567633619 -0.08691647094664977
0.9996492231281352 0.005785187367654785 0.02584496675248352 247.0681229246704 -0.006264494631951136 0.9998091762236119 0.018503168541325252 0.23869266977352038 -0.02573299062142033 -0.01865858371322863 0.999494707563524 -0.10327538943302604
0.9996291150514484 0.005568058031530552 0.026657626886423442 248.61216185853652 -0.006066782645186065 0.9998073997800574 0.018664337474886064 0.2306791109146325 -0.026548568507441736 -0.018819141181198342 0.9994703664618616 -0.12036505311462767
0.9996219571663929 0.005247149839187629 0.026989075000733852 250.11867952228076 -0.005755083781555395 0.9998071355459849 0.01877686667151178 0.23200596625898984 -0.026885344734583594 -0.018925092599444925 0.9994593634103415 -0.1412726688510239
0.9996128401867229 0.005382914929364793 0.02729824098172712 251.66919709767814 -0.005938139540863219 0.9997763175447405 0.020299097897968865 0.22904614903398648 -0.027182866527032452 -0.0204533396671866 0.9994212088323082 -0.16307153922557724
0.999606782546397 0.0054368872625895825 0.02750855401750534 253.19019119295965 -0.0060353182367443164 0.999745912754001 0.021718307149738537 0.23372646496852026 -0.0273834844572662 -0.021875790010032866 0.999385608556785 -0.1811142758271391
0.9995990239466284 0.005613670271895653 0.027753883170223786 254.7248261575713 -0.00622996410957422 0.9997348194862512 0.02216930882969556 0.2243474446973136 -0.02762207219130044 -0.02233332516378686 0.9993689227282321 -0.20971241209037056
0.9995901840603331 0.00560107072392854 0.028072975207041103 256.2711532012946 -0.006189652831049956 0.9997619237494882 0.020923288903832545 0.22686989990767528 -0.027949098877435553 -0.021088476176995757 0.999386874060527 -0.22602864057446764
0.9995665103013981 0.005550027699777219 0.028913468771779357 257.80858960092775 -0.006109842940938183 0.9997948851746487 0.019309515733140076 0.218903080185441 -0.028800369843493715 -0.01947780201005806 0.999395394188774 -0.2537746019495531
0.999533068592522 0.005816188699744835 0.029996945494929046 259.327329964051 -0.006316401943935694 0.9998421301997982 0.016607761559361507 0.2080837523575549 -0.029895616008027478 -0.016789479638717835 0.9994120098922974 -0.27054017395040947
0.9995502456603201 0.00545517302723191 0.029488090606832183 260.8824667471575 -0.0059145326197452405 0.9998621716836795 0.015513089308265145 0.2016493273088738 -0.029399399726588848 -0.015680520502815022 0.9994447441316989 -0.2973003164866511
0.9995697196572764 0.005421519833949614 0.028826769971055058 262.40828800376835 -0.005858875673576156 0.9998686855815697 0.01510910881639101 0.19304419071031687 -0.02874107026739972 -0.015271500125202436 0.999470225751528 -0.3142699664964881
0.9995218716656123 0.006068307761909016 0.03031837236689615 263.9487604584331 -0.006477857848734188 0.999888851498148 0.013428403010268538 0.1887452058495551 -0.03023351484301172 -0.013618380616701497 0.9994500859420724 -0.3388331405028989
0.9994537578737027 0.006487341874509898 0.032405250616795306 265.4886743538927 -0.006814064089167881 0.9999269599851051 0.009982145337295426 0.18297600330125602 -0.0323381261473635 -0.010197504123529762 0.999424962919642 -0.37547089677696377
0.9994670790426158 0.006798366448774537 0.03192710640897044 267.048421749667 -0.007118738916290022 0.9999253409467648 0.009931570305737707 0.16739029556204327 -0.031857204307083234 -0.010153558298660114 0.9994408555725608 -0.3967196578358562
0.9994932802039921 0.00682223408855702 0.031090833843836155 268.5527574279203 -0.007124507724340139 0.9999283277774309 0.00962188640114926 0.1698632655396847 -0.031022962733270897 -0.009838517686711444 0.9994702493586181 -0.4217942915529236
0.9994879621293997 0.007794444629947236 0.03103321110246682 270.1279881191016 -0.008128233886087032 0.9999103114760226 0.010644285688400704 0.16011746459577528 -0.030947461484145188 -0.010891080609099917 0.9994616745983076 -0.4483365143645163
0.9994726472584886 0.008769235624303783 0.03126544240330259 271.6421644322006 -0.00915013668803168 0.9998854016423562 0.012060621090740265 0.16248413867345687 -0.031156097006832015 -0.012340343960745733 0.9994383490392148 -0.4782365906526917
0.99947436096843 0.00965997509511092 0.030946512693844686 273.1875700436065 -0.01009163043230736 0.9998535346854822 0.013822741123417888 0.1542635542292169 -0.030808452768131368 -0.014127776120435124 0.9994254575404434 -0.5022513584612291
0.9994634694071394 0.010628094776266937 0.030980912221413717 274.748785123761 -0.011102416538557536 0.9998231587701871 0.015178522122042406 0.1431925197464134 -0.030814114747119033 -0.015514341372796142 0.9994047205932739 -0.5296003368794456
0.999457117461824 0.011465040020589939 0.03088726618248938 276.277414513439 -0.01195553168156973 0.9998046010601843 0.01574245727632207 0.13888401415636925 -0.030700742940728054 -0.016103184660560606 0.9993988952498774 -0.5551992593308186
0.9994534592796694 0.012614879847447486 0.03055564661951581 277.8323518790034 -0.01312155175442609 0.9997787746561567 0.016438571306223504 0.11900508412716776 -0.030341516334194345 -0.016830524456128523 0.999397881643279 -0.5776605786028056
0.9994594248409301 0.013386260534345775 0.03002775591920916 279.35735763915216 -0.013877817882264276 0.9997721027547806 0.01622185945294743 0.11158372907522399 -0.029803762639366356 -0.016629810046753114 0.9994174228771205 -0.6020817230336292
0.9994414703535941 0.014261478746636799 0.03022180605796444 280.9084036183419 -0.014754055147718582 0.9997608988018329 0.016138868722721276 0.09404733301302522 -0.029984415854641355 -0.016575748879323046 0.9994129173444507 -0.6274633003023702
0.9993900479636835 0.01518108240765938 0.03144943191980217 282.4890446228549 -0.015655220497708004 0.9997666449086133 0.014885220836211428 0.06796445603136884 -0.031216119270571732 -0.015368489356683519 0.9993944984001958 -0.652285190171229
0.999373911964068 0.015315129504324308 0.031894057344605396 284.0065146573276 -0.015748574291828375 0.9997864085777128 0.013383558235888899 0.054689522882988846 -0.03168227411992335 -0.013877464881758565 0.9994016457236027 -0.682093527115898
0.9994287698819768 0.015795651400610677 0.02987693640634811 285.5769615572444 -0.016174418333472895 0.9997913139186191 0.01247865395205207 0.024987357325714724 -0.029673593037790335 -0.01295476783704111 0.999475688481974 -0.7031192891605698
0.9994923224379056 0.015434418018384213 0.027872497701419724 287.0937737755873 -0.01581739035556285 0.9997827773339001 0.01357233616048036 0.010494871096187084 -0.02765696205337127 -0.014006315966274366 0.9995193422655868 -0.7237889080438427
0.9995022993240565 0.014667765036905265 0.027928664750506864 288.65079976868765 -0.015026973093133566 0.9998064888499396 0.012695469003298342 -0.01413066466588337 -0.027737046086097648 -0.013108833753526996 0.9995292965951724 -0.7530414480358888
0.9995031736575649 0.014077169371069658 0.028199984945988438 290.21938562278876 -0.01438892132191763 0.9998372487773312 0.010882780001857108 -0.030306766859517997 -0.028042196626645 -0.011283140514740348 0.9995430585765064 -0.7781248182511621
0.9995322300961004 0.012975547515527219 0.027693973456123434 291.76098041596185 -0.013306054759631059 0.9998420361994079 0.011783528985646738 -0.04662902571716995 -0.027536701070568957 -0.012146514532744469 0.9995469935319979 -0.79723220445628
0.9995360701221048 0.012517816313377828 0.027765964769901123 293.3499601017025 -0.012853232792070755 0.9998461665470693 0.011934724459457728 -0.05859413423273058 -0.027612296747132344 -0.012286069993080512 0.9995432024442332 -0.8223999738084782
0.9995381398775772 0.011947023665540608 0.027942361310522176 294.8874282068785 -0.012280506406350753 0.9998550388620724 0.011793660353221606 -0.07325733763099174 -0.027797411614686934 -0.012131359678889491 0.9995399611920802 -0.8499726611600887
0.9995361828922649 0.011082613288883844 0.028365379811485496 296.4633476005323 -0.011421897016549292 0.9998648191699135 0.011827242064795471 -0.08227471119202194 -0.028230468605818716 -0.012145742834630586 0.9995276492290199 -0.8687546484074177
0.9995111173593101 0.010060744411243867 0.02960249477721301 298.05941124631426 -0.010411888345777201 0.9998769707761997 0.011731832443642023 -0.09936387861817284 -0.029480821837566996 -0.012034314824793639 0.999492899629847 -0.8964955802909794
0.9994689250188298 0.009301376881179919 0.031230630954547842 299.6151375290761 -0.009684281518538125 0.9998795103806335 0.012131752241717808 -0.10685993918813755 -0.031114025987882234 -0.012427755593789887 0.9994385765407129 -0.9250848370819308
0.9994540380655711 0.010168155729388574 0.03143619575405198 301.21564015553525 -0.010574994239933046 0.999862121186072 0.012802660431092053 -0.12012109015262314 -0.031301681923653187 -0.013128108254861765 0.999423762716496 -0.9556162000126822
0.999442514250175 0.011132427572510099 0.031475860045937235 302.7941072591696 -0.011569395521124931 0.9998387397205607 0.013734760328326552 -0.11997674695145141 -0.03131788301536976 -0.01409126006940527 0.9994101393287402 -0.9844977338667594
0.9994330195435441 0.011594187255275014 0.03161035064600374 304.3883477771788 -0.012011051507335412 0.9998429678339629 0.01302974729843623 -0.13709605186460613 -0.031454317474105625 -0.013402033236139543 0.999415334791985 -1.0164415566720777
0.9994565326711407 0.011896559580972035 0.030742660443068368 305.9983316921931 -0.012237818949848892 0.9998653075173325 0.01093629784803105 -0.155897931839236 -0.03060841531886513 -0.01130657743999092 0.9994675013317149 -1.0485020512772505
0.9995027424957688 0.012360930650524639 0.029008190858619134 307.5740546578871 -0.012626157082272715 0.9998799818791227 0.00897786136776262 -0.17227521853934483 -0.0288937346283053 -0.009339659033279024 0.9995388551068793 -1.0763852321881349
0.9995288388286178 0.012429069219472323 0.028064543257505757 309.19329640377975 -0.0126754705588603 0.999882515410914 0.008619038325411669 -0.18507531628032983 -0.027954119482221432 -0.008970708661026457 0.9995689538946739 -1.1048406368197472
0.9995630752316174 0.010478504317604508 0.02763800971086476 310.7938122565744 -0.01074012148984881 0.9998987538469039 0.009334444053722631 -0.200314313942649 -0.02753740045638293 -0.009627201185948786 0.9995744137248762 -1.1284589781743097
0.9995694984063904 0.008157575955388768 0.028182828284774936 312.40680294221056 -0.008451716171402808 0.9999108891479522 0.010333550072931203 -0.21054932273466104 -0.02809602016932461 -0.010567294728727462 0.999549371433328 -1.1559503091529364
0.9994756614824355 0.00794749588291848 0.03138852359444566 314.0262819039854 -0.00832220256225026 0.9998954479372749 0.01182514857535884 -0.2179760605662037 -0.0312912615399404 -0.012080169845967804 0.9994373049109843 -1.185333100609331
0.9993658860750247 0.008264686033338468 0.0346340975665754 315.6500056919018 -0.008622170564791937 0.9999109566210359 0.010185136423064869 -0.2232057932926057 -0.034546836674757345 -0.010477298982807887 0.9993481586923509 -1.2170620298820296
0.9993265442434864 0.008667769030661816 0.035655683283343224 317.2691511020486 -0.009011349919100265 0.9999143955509133 0.009486682385698974 -0.23493467798102952 -0.035570402626432455 -0.009801599363506929 0.9993191057449622 -1.2522161685307807
0.9993513229146355 0.008838582764529632 0.034911500160873674 318.90175064200207 -0.009139429037031703 0.9999223854058019 0.008467231026018186 -0.24090201901316788 -0.03483395219674599 -0.008780809705571747 0.9993545382672104 -1.2841750050626313
0.9993548030566309 0.009297053222331278 0.03469210874281495 320.5246548708994 -0.009577014818124447 0.9999228338978785 0.00791246085671143 -0.2536892563774644 -0.034615869118304436 -0.008239602600654077 0.9993667247583179 -1.3239294941258566
0.9993352769939579 0.009513520586459748 0.03519228724394961 322.1524949812849 -0.00978790991289248 0.9999229655691515 0.00763280727718223 -0.2633086534212752 -0.03511696135696756 -0.007972192511756815 0.9993514112521225 -1.3593379945612134
0.9993236155303625 0.009981027238725229 0.03539336856791014 323.78032432525856 -0.01025963101118164 0.9999177310628303 0.007698771179584234 -0.2761637694188304 -0.03531361514824707 -0.008056686752072583 0.9993438038952063 -1.386166780482963
0.9993326348307631 0.01056744156583499 0.03496589968751454 325.40507951759787 -0.010886736237701141 0.9999006489112804 0.008953841683381007 -0.28312889510013833 -0.03486780658853366 -0.009328530728522544 0.9993483949945342 -1.424674163646715
0.9993424808953644 0.011119622352088323 0.034510286533803225 327.0195768948021 -0.011455132518125678 0.9998888819614181 0.009539584316798431 -0.2869090888408911 -0.034400375243454 -0.00992863176334306 0.9993588126666105 -1.4577747119024835
0.9992843596474563 0.011997366585044729 0.035872437316097947 328.6464251991415 -0.012324476955579543 0.9998843393114356 0.008911524420955256 -0.30805976096848353 -0.03576137345998771 -0.009347256001519663 0.9993166429983528 -1.4903093401837282
0.9992389017672983 0.011973341864538387 0.037124874134177616 330.27197539428784 -0.01226376821192494 0.9998958756467766 0.007605120236403385 -0.32278346769190513 -0.03702994982615851 -0.008054622844110416 0.9992816949522849 -1.523866834247106
0.9992627620687197 0.011880882283086862 0.036507218176253846 331.8880534403311 -0.012154693572348984 0.9998995734016798 0.007287423090573349 -0.33818622939829124 -0.03641697086463212 -0.007725784575960945 0.9993068179922172 -1.5606477283590046
0.9992483767319069 0.012080624030672348 0.03683395338106903 333.5131630498384 -0.01238114765142726 0.9998918123472162 0.00794171164376795 -0.35001656097573314 -0.03673402756958162 -0.008391789083904812 0.9992898423853254 -1.5871470479965561
0.9993256795704843 0.011538371599152511 0.034857597906763876 335.1269397636571 -0.011878537769529672 0.9998836753267945 0.009567452923291562 -0.3645918577629461 -0.0347431502809923 -0.00997505868761753 0.9993464923202218 -1.6387551031697907
0.9994069030187913 0.011211100332211631 0.03255999735456625 336.7261841395656 -0.011595565910032536 0.9998649804579214 0.01164318277391211 -0.36927192927141034 -0.03242506822836875 -0.0120138288327126 0.9994019626092215 -1.6572762979026472
0.9993998246926206 0.010038989373785438 0.033154322443871405 338.34285784870457 -0.01046346984569434 0.9998651796173194 0.012654579709098012 -0.3822614733323659 -0.03302281337420265 -0.012993893995977222 0.9993701278883984 -1.6901109786520123
0.9993009454932569 0.009010317883482664 0.03628270259946705 339.9562152141532 -0.009497090471915486 0.9998668980005094 0.013266180890033513 -0.3899570300246178 -0.03615834079228516 -0.013601487215647806 0.9992535083434391 -1.7184734668981503
0.9992030227248427 0.008190440565826277 0.03906707131172164 341.5648257665901 -0.008758188285522344 0.999858191570926 0.014383702112894763 -0.3894470970035792 -0.0389437224144382 -0.01471439539549014 0.9991330607344812 -1.7613621456768942
0.9992415570112727 0.006493131686815616 0.038394660860398264 343.16890149794733 -0.00707039052066542 0.9998637183757578 0.014918252367097408 -0.40251931960536486 -0.03829256219649727 -0.015178402969377041 0.9991512877256009 -1.7974508778892995
0.999286496211753 0.005221378252956122 0.037406359058020665 344.7695419266378 -0.005771608457469446 0.9998765129245196 0.014616683540277372 -0.3950790753671389 -0.037325420622568675 -0.01482214933950219 0.9991932329956533 -1.8325269962823307
0.9992589178253303 0.003093579053190847 0.038367237523589864 346.36290670881715 -0.0036150252429580977 0.9999019440166074 0.01352900381779712 -0.40608200968013936 -0.038321622343563164 -0.013657676246377056 0.9991721178758475 -1.8746942703593525
0.9992276206239236 0.0022152049864352934 0.039233341039481895 347.9715448347744 -0.0026803586763533465 0.9999266971829012 0.011807452657568142 -0.4040857622049867 -0.03920430919705536 -0.011903492250708943 0.9991603119683142 -1.902165726726123
0.9992497693602894 0.001967370359105147 0.0386785197141569 349.57331201835876 -0.002417573441827894 0.9999298382227528 0.01159629123783834 -0.4024371153252085 -0.03865299176081559 -0.011681099506874867 0.9991844164828877 -1.943335771026449
0.9992675388018485 0.00158423974261852 0.03823448811392756 351.1643285391309 -0.002016745388763154 0.9999343900365704 0.011276008169057813 -0.40208498811999116 -0.03821411565028115 -0.011344858158199423 0.9992051719033671 -1.9807334975924915
0.9992725498236772 0.0017791956177006145 0.038094692961626334 352.76556954317516 -0.0022022044318813863 0.9999363553480836 0.011065059820508 -0.3962821483265138 -0.03807258153221068 -0.011140902842461805 0.9992128696225485 -2.0249018478803404
0.9992718758915703 0.001616486043039987 0.03811961470181447 354.3623589332216 -0.0020221900612752246 0.9999417019269118 0.010606766466137285 -0.3937947538367917 -0.03810024671177619 -0.010676128529750457 0.999216889108725 -2.0603420856259307
0.9992801482117476 0.0015596208478149897 0.03790452443599279 355.94890988550947 -0.0019417548460631897 0.99994764467273 0.010046765727212425 -0.39621536551968956 -0.037886870786929656 -0.010113134838948847 0.999230858973893 -2.092617933193369
0.9992966267199305 0.0017454245245765207 0.03745938226128253 357.55197281818283 -0.002117650293423685 0.9999487573258072 0.009899408053446732 -0.38813125084892414 -0.03744018407276657 -0.009971770946170506 0.9992491162872221 -2.1312236897974364
0.9992900459580965 0.0018181406784488039 0.03763108307687845 359.13628506121165 -0.002182445448143631 0.9999511318370365 0.00964214030676117 -0.3858021660544317 -0.03761171334745913 -0.009717422616247633 0.9992451804821306 -2.1682495727681337
0.9993141170405972 0.0020822957927917676 0.03697241576638959 360.7399989616215 -0.0024417932676113184 0.9999501576114025 0.009680905875465419 -0.3820120918421929 -0.036950414463300676 -0.009764544902999552 0.9992693933738928 -2.214243338998692
0.9993303587847903 0.001990090466290034 0.03653592137880437 362.32218243802953 -0.002322892456474818 0.9999561803709538 0.009068710413736756 -0.3788344091105717 -0.03651627283414677 -0.009147506647636099 0.9992911912653055 -2.243463621990489
0.999306300666456 0.002029667467625254 0.037185990618693494 363.9020707349408 -0.0023171110479198475 0.9999677590512914 0.007688423396898822 -0.3760292718085158 -0.03716918676423127 -0.007769254012402808 0.9992787850481849 -2.290689173789082
0.9992361944327612 0.0024399857089596674 0.03900095133805293 365.50761226619824 -0.0026250939128717597 0.9999855293343252 0.0046957431678256245 -0.3798468933961994 -0.03898892942210267 -0.004794537693005446 0.9992281400114934 -2.3149664172466866
0.9992535853454657 0.0023212304143113644 0.038560135679168175 367.09118999605647 -0.0025109859681931956 0.9999849726976496 0.004873328261928879 -0.379114038264061 -0.03854824410657014 -0.004966514697919836 0.9992443978367133 -2.3583296341696354
0.9992744541341063 0.002787119435038307 0.03798417144336089 368.70494970548685 -0.00302590116646186 0.999976013293353 0.006230309788665033 -0.374893551922017 -0.03796589571068495 -0.0063407257618321835 0.9992589183788647 -2.3976321878228366
0.9992494070227428 0.002938223221814256 0.03862627873605996 370.2874865942758 -0.003237033112333201 0.999965302335478 0.007675659043089132 -0.36872432772871316 -0.03860238569475551 -0.007794932290590406 0.9992242465279045 -2.4422966133527706
0.9992155521913583 0.0035655341774910652 0.039440679823606065 371.90769057964854 -0.003910153939174798 0.9999548219929695 0.008663986910243669 -0.3683176171765765 -0.03940800623085389 -0.008811409594273832 0.9991843514116256 -2.4824140971830553
0.9992129380806589 0.00373083710070817 0.03949158425215546 373.4935075651066 -0.004084946365325563 0.9999521410932203 0.008889810812199729 -0.3695288538921109 -0.03945652779210973 -0.009044134984191092 0.9991803571112565 -2.5240900913242723
0.9992217355959048 0.004058522786596934 0.039235844651268344 375.0933360056689 -0.004416644760919845 0.9999493388558303 0.009045052285282932 -0.368518936888855 -0.03919714736768007 -0.009211303630775405 0.9991890389329028 -2.56241893707028
0.9992326781703219 0.004607677286094454 0.038895040642646116 376.7183825268254 -0.004970495909963951 0.9999449881351632 0.009236605100230309 -0.3642505943824713 -0.0388503416584065 -0.00942284529193694 0.9992006109583949 -2.6084183731643433
0.9992283742734965 0.004656586044303189 0.03899964426962327 378.3121377716718 -0.0050298235039655985 0.9999424360040353 0.009477634400761461 -0.3622434572927827 -0.03895326587417432 -0.009666482541625089 0.9991942765013261 -2.6482978319113455
0.9992190010491325 0.0052695960781254355 0.03916145170377352 379.94391085585124 -0.005672343561525547 0.9999320907210292 0.010180297873414068 -0.3613762969838066 -0.03910514622007698 -0.010394484279887307 0.999181035766623 -2.6907139398750575
0.9991973819408233 0.00520064076287259 0.03971832396086074 381.53691311261935 -0.005647530942228425 0.9999219153040271 0.011147586688728001 -0.36056384075579545 -0.039657247973868645 -0.011362949897877804 0.9991487306966652 -2.734200003286257
0.9992056436073243 0.005390123199185607 0.03948453311323818 383.1565670335828 -0.005873311566015269 0.9999091595231505 0.012131649226519861 -0.36039019795423094 -0.03941555523548174 -0.012353917338415772 0.9991465331631164 -2.774678329335152
0.9992132187900794 0.006192234795355937 0.03917396614344888 384.7778514500565 -0.006705088344937456 0.9998933543773867 0.012973883852732532 -0.3562193800306256 -0.03908945107641549 -0.013226341148510923 0.9991481765555936 -2.816034077223865
0.999207111583902 0.006104834509448148 0.03934309540145289 386.38879625542165 -0.006656428566454013 0.9998811729137711 0.013904388203766131 -0.35527192398476964 -0.039253536387124005 -0.01415524807954939 0.9991290151091154 -2.8550168598025825
0.999170428747742 0.006784964387071515 0.04015493212943463 388.0196933058759 -0.0073930457907832444 0.9998599468764333 0.015014310047129359 -0.3562201834673006 -0.04004743674679707 -0.015298721859100474 0.9990806533606229 -2.901055122122029
0.9991532733021105 0.006730408668864466 0.04058864433345961 389.62661745149524 -0.007383135405652374 0.9998454818185751 0.015953112503927214 -0.3627716745666616 -0.040475001683258904 -0.016239276034701502 0.9990485774738929 -2.9463314938630587
0.9991571339704858 0.006968249740361648 0.04045324624107104 391.2628069532052 -0.007661370218959018 0.9998260652092261 0.01700419755837905 -0.366450675397677 -0.040327720518928745 -0.0172997925939095 0.9990367321244774 -2.988192614061725
0.9991336217877936 0.007524083095058897 0.04093157689101309 392.90522742202415 -0.00823353761462488 0.9998183086191091 0.017191818064777986 -0.37116380731502063 -0.04079478730861119 -0.017513935126136512 0.9990140376415352 -3.0323690106008887
