1.0 8.809142651444726e-20 8.673617379884037e-19 -5.551115123125783e-17 -8.809142651444726e-20 1.0 1.7347234759768075e-18 0.0 -8.673617379884037e-19 -1.7347234759768075e-18 1.0 -5.204170427930421e-18
0.9999993011580781 -0.0003480319849955573 0.0011298482609536818 1.3160940844717768 0.0003481171165631284 0.9999999365833229 -7.515200288644408e-05 -0.058402083065748844 -0.0011298220340017183 7.554526988583102e-05 0.9999993588973364 0.018140396604628333
0.9999976844684006 0.0012037922336848642 0.001783799903291163 2.5652097675998258 -0.0012028053760217308 0.9999991230587825 -0.0005542029350592417 -0.11574037075546209 -0.001784465484192614 0.0005520560876714074 0.9999982554569841 0.031373844761168695
0.9999984091698322 0.0004055915906129057 0.0017369954710696094 3.8944829582311304 -0.0004044974431547802 0.9999997196066236 -0.0006302130534579257 -0.11314224857815662 -0.0017372505931423615 0.000629509440669169 0.9999982928376631 0.04668485731867588
0.9999982113221134 0.0006378854433875975 0.0017805770792268917 5.225808405944418 -0.0006362229888825574 0.9999993613657835 -0.0009340708397094899 -0.10551040451461681 -0.0017811717722811874 0.0009329363248863529 0.9999979785264226 0.045088914834922236
0.9999974154000406 0.00034780441641786916 0.0022468256110417402 6.55515553857689 -0.0003447878787565175 0.9999990389701403 -0.001342825422156671 -0.11235020724266186 -0.002247290492387543 0.0013420472732537728 0.9999965742914119 0.04658255884599741
0.9999953374972069 0.000523569367869415 0.003008464552590406 7.894231808027806 -0.0005164723570600806 0.9999970834588461 -0.0023593071241015317 -0.09639358362513925 -0.003009691039219304 0.002357742335046868 0.9999926913787569 0.07057195832813987
0.9999943210614108 0.0006196392592486105 0.003312686540603324 9.218280861909436 -0.0006111759838904649 0.999996548678597 -0.0025552093477718874 -0.07838471294900959 -0.0033142584154848436 0.002553170202439145 0.9999912484682416 0.08422350918553359
0.99999613535946 4.886101096395501e-06 0.00278015148338989 10.538056979720619 2.1544366006759415e-06 0.9999967934147475 -0.0025324208933622814 -0.0941799264374949 -0.0027801549422616476 0.0025324170961259435 0.9999929287760729 0.09476589148281911
0.9999999927427095 0.0001018335379187019 6.437788023080986e-05 11.874446898159054 -0.00010187049065541594 0.9999998299268117 0.0005742549526671642 -0.07363964805425373 -6.431939086836108e-05 -0.0005742615067058757 0.9999998330433549 0.12239647016409122
0.9999998747164134 0.0003094578862062073 -0.00039345009094586753 13.200611258077457 -0.0003087278790299406 0.9999982334826623 0.0018541085867528908 -0.06752304331997763 0.0003940231644335137 -0.0018539868854514354 0.999998203737574 0.12272655625232512
0.9999999550745333 0.0002141663960190456 -0.00020972287990017764 14.532838573035152 -0.0002134576584619612 0.9999942865742593 0.003373611516808595 -0.05773572176002411 0.00021044419588420041 -0.0033735665982926534 0.9999942873645066 0.12754870987484385
0.9999994545724543 0.0007745719340616691 0.0007006376472464099 15.886835860453276 -0.0007770148250290127 0.999993597083519 0.003493141841686012 -0.0381531974652752 -0.0006979274714898049 -0.003493684342269115 0.9999936535133416 0.15653064090776844
0.9999933664165845 0.001236523700684669 0.0034260957319106862 17.212605447233134 -0.001245187013186066 0.9999960302466913 0.0025276471590885614 -0.04625471605680336 -0.0034229566355366368 -0.002531896521641594 0.999990936392863 0.17015871980068048
0.9999833249777439 0.0010717151810780367 0.0056746095043134544 18.582793632724737 -0.0010589368441892486 0.9999968982291074 -0.0022543701834557644 -0.057069006598126415 -0.005677007945724248 0.002248323538702278 0.9999813581372651 0.19211118855442313
0.999989734339624 0.0010977436566226796 0.004396154482337186 19.92138823969424 -0.0010818739422779758 0.9999928963136064 -0.0036106607564092372 -0.061932889751361846 -0.00440008683337597 0.0036058676056115097 0.9999838183464117 0.21141318513908744
0.9999970220908757 0.0015170459990030375 0.001911643485979374 21.265992467220606 -0.0015079110055041384 0.9999874816984988 -0.004771021975868762 -0.09126997557714092 -0.0019188574152495005 0.004768125179947779 0.9999867913970106 0.20828856245825805
0.9999988309902816 0.0013602947968346484 0.000698295163770268 22.6283093949032 -0.0013583739192610123 0.9999953127586112 -0.0027439535532951284 -0.04624514717118496 -0.0007020244764335782 0.0027430017996483464 0.999995991543347 0.24985055491457683
0.9999935226251142 0.002721030342971835 0.0023559927181086553 23.977142525360687 -0.002720904155470015 0.999996296722367 -5.6763794823070206e-05 -0.04833165843522486 -0.002356138449221615 5.0352996765732265e-05 0.9999972230342362 0.22804180877023597
0.9999745815780167 0.003074170877633363 0.006433169614243368 25.37696517367213 -0.003074071255321134 0.9999952747098794 -2.5373806865827606e-05 -0.03900987577731589 -0.0064332172190686675 5.597140111946486e-06 0.9999793066283343 0.2460442636740164
0.9999662966007952 0.0028655522496741008 0.0076937814366458785 26.761539522019135 -0.002858486228956645 0.9999954827687992 -0.0009292461862602366 -0.04343001689742462 -0.007696409485555862 0.0009072222992198071 0.9999699706634847 0.2580229046080514
0.9999668325628462 0.0030362507675461108 0.007557443714996867 28.128121115195768 -0.002994924761436868 0.9999805350084868 -0.005473575596803943 -0.05663900130400621 -0.00757391575752611 0.005450760077014118 0.9999564615595424 0.29437143919317443
0.9999834979795983 0.0032574970671554082 0.004732069456832881 29.479109820935182 -0.003231446549221317 0.9999796407175742 -0.005502354364343681 -0.0522250411168142 -0.00474989701849865 0.005486972134862745 0.9999736654607986 0.288010060645299
0.99998895558601 0.0035653408149087535 0.003062197066554468 30.879214078592824 -0.0035482926707565395 0.9999782766907759 -0.0055547966361143095 -0.057770450367801214 -0.0030819352886659428 0.005543869715232964 0.9999798833893895 0.3155958076057093
0.9999897655558755 0.004188751866751306 0.0017097196565248498 32.26100916590463 -0.004182404056841073 0.9999844100348086 -0.003699619391355339 -0.03418326680005435 -0.0017251897896867268 0.0036924307893798857 0.9999916948030394 0.29606776143568025
0.9999883495984033 0.004826990381972946 -2.8832512268000416e-05 33.642799309486236 -0.004827046285785784 0.9999853842893611 -0.0024353299188447698 -0.050969333312752205 1.7076776765149456e-05 0.0024354407221444485 0.9999970341640383 0.3306162623598659
0.999986398217969 0.00521396402925896 0.0001340080405976356 35.02859985340332 -0.005213667650798251 0.9999841525091651 -0.0021242410771697 -0.03673062668725372 -0.00014508163347227754 0.0021235135103193767 0.99999773481828 0.32704871892540854
0.9999887041950395 0.004521298930136762 0.0014660621781025654 36.4251842772386 -0.0045182445703996444 0.9999876293765655 -0.0020800384223782554 -0.04243009488418221 -0.0014754485174931708 0.0020733908991938457 0.9999967620456834 0.3567162827239178
0.9999867177293658 0.0043703991793725356 0.0027320277931811437 37.83047154262779 -0.004368296293954946 0.9999901584701488 -0.0007752098651692701 -0.026633140057929754 -0.00273538888240664 0.0007632652617381075 0.9999959675287707 0.36142942693204644
0.9999864868135939 0.004020208898987071 0.00329607503167635 39.219250620449685 -0.00402316319946505 0.9999915108427226 0.0008901687252736344 -0.029385019667407513 -0.0032924683865460627 -0.0009034173440278329 0.9999941717275287 0.37276194899504583
0.9999824829016165 0.0044955427706476975 0.003850192867316786 40.61724006198081 -0.004507895789704002 0.9999847008408969 0.0032057697501681774 -0.016991275721273177 -0.003835722287578802 -0.0032230698626001947 0.9999874494488386 0.3965296380853767
0.9999821110424422 0.004341830710131788 0.004114134317856973 42.044160201335636 -0.004372382926907084 0.9999627152899621 0.007446495650075922 -0.015804167240061152 -0.004081649500055512 -0.007464351010681683 0.9999638111458573 0.4207821933819071
0.9999805445973662 0.004302014183373106 0.004516979158792786 43.43039510724752 -0.004337037308794015 0.9999603867686618 0.007772708720285071 -0.002456459007118679 -0.004483361923494525 -0.007792147806242092 0.9999595901327356 0.42715854123200664
0.999982072482608 0.003912059670286593 0.00453326620930202 44.873958815754534 -0.003945853649801773 0.9999643151154383 0.007469855064654228 0.001620129230974199 -0.004503881921479333 -0.007487608753715137 0.9999618246527158 0.4445408149093113
0.9999886925680614 0.0029763869458841194 0.0037088888858194872 46.266750139827394 -0.0030015913591801514 0.999972315347133 0.006808743540950277 -0.00816070003162841 -0.0036885207511250036 -0.006819799120377936 0.9999699421255752 0.45806007591931613
0.9999897242909567 0.0016650847454125865 0.004216492059406044 47.69821927186422 -0.0016919492459641025 0.999978243259442 0.006375759994659737 -0.02340083341112543 -0.004205784141574722 -0.006382828569765628 0.9999707850128441 0.47229574138809227
0.9999879335140226 0.0005977501322662216 0.00487601488247559 49.09525941245036 -0.0006312218553199321 0.9999762300868569 0.006865917291001542 -0.023988521458254704 -0.004871794877056523 -0.006868912290667511 0.9999645412006463 0.4845982999888136
0.999987189153405 -0.0001618973109281105 0.005059181587269775 50.516654184057415 0.00012278216874280255 0.9999701088390225 0.007730870132961679 -0.008315568451255978 -0.005060281969544195 -0.007730149916683011 0.9999573182534615 0.49905718768736773
0.9999848239805048 -0.0016529318743480409 0.005255437650436087 51.98554704835448 0.0016100169545834166 0.9999654139190589 0.008159584002325691 -0.01829677888422961 -0.005268743121922994 -0.008150998828598838 0.9999528996727852 0.5069393724788186
0.9999784539136494 -0.0021260332006158775 0.006210611185501821 53.38374207257507 0.002070712535038124 0.9999582472309825 0.008900333945349859 0.013621615345323124 -0.0062292742807519156 -0.008887281787554055 0.9999411044478389 0.5202842260824118
0.9999685871278293 -0.0030249562316102194 0.0073262812783523356 54.83936653490853 0.002962544480945495 0.999959359862094 0.00851480794788998 0.02508314253640963 -0.007351740458633779 -0.008492836039149318 0.999936909833936 0.5487803139192604
0.9999632269669707 -0.003352314423998091 0.007893459432037968 56.225066370435755 0.0033263043028141136 0.9999890030562361 0.003305974331463979 0.030677772627762886 -0.007904455293545224 -0.0032795967126878173 0.9999633812454907 0.5289182363892055
0.9999605198887598 -0.003941905182309159 0.007963670468760542 57.66571304301241 0.003912577927216615 0.999985519768355 0.00369485961525034 0.03545841280473153 -0.00797811993923267 -0.0036635552604860136 0.9999614632400033 0.5550492879997239
0.9999579190250069 -0.0035459146346601576 0.00846089053122752 59.10645442588138 0.0035123426614875907 0.9999859135502756 0.0039794660507395324 0.06463606244797927 -0.00847488219422588 -0.003949581044161159 0.9999562876352993 0.5842734600211974
0.9999529168129835 -0.003891447818093856 0.008889363930323356 60.53258609792184 0.003859137635029339 0.9999858959476836 0.0036489673090386687 0.03640894156897226 -0.008903438320142478 -0.0036144902251334567 0.9999538310574603 0.5890036208574538
0.9999470740940817 -0.003022206079903411 0.009834392767006426 61.981147841526706 0.0030123427402511203 0.9999949451263302 0.0010176015935007463 0.06903418732381114 -0.009837418457116167 -0.0009879231743580763 0.99995112340849 0.5848520368682035
0.9999525113178526 -0.0028554559822731355 0.00931780447601233 63.39347414168975 0.0028724877698650584 0.9999942272689636 -0.0018150048926393423 0.06175266964524759 -0.009312568020254697 0.001841683979848239 0.999954941123342 0.5954801241577774
0.9999595813295101 -0.002306811050297835 0.00868989816332637 64.79736789633503 0.0023188444314475266 0.9999963662515062 -0.0013749342843053165 0.0715717991167007 -0.008686694872821539 0.0013950292332554092 0.999961296863846 0.6117852417884335
0.9999632656291582 -0.0014786958539195103 0.008442798756403306 66.24315327591304 0.0014933936271787239 0.9999973800733382 -0.0017348261969982106 0.08189335044465583 -0.008440211356584973 0.0017473708911077094 0.9999628540737026 0.6120851144790642
0.9999656784261947 -0.001062134278813788 0.008216680620176869 67.62232347953199 0.0010638199138058562 0.9999994139871121 -0.00020078003746500027 0.07944164844861167 -0.008216462549735834 0.00020951421484725256 0.9999662223530166 0.6228228514398068
0.9999552910751994 -0.00028472838445663367 0.009451707806538047 69.08467362516272 0.0002631656471568736 0.9999973604101271 0.0022825241774619264 0.10777732011830418 -0.00945233275732737 -0.0022799347634584756 0.9999527265340693 0.6353386060386076
0.9999436881810897 0.0004903339201550039 0.010600945214756139 70.44673481018967 -0.0005502309108391642 0.9999838986678086 0.005647977609274053 0.11650791508335817 -0.010598005130413589 -0.005653492529122982 0.999927857552473 0.6397504591957659
0.9999322626114147 0.001524491255503494 0.011538895754312646 71.88445587928874 -0.001628773523430253 0.9999578709524338 0.009033460969377774 0.13722208136269667 -0.011524638199369802 -0.009051643314216066 0.9998926194685537 0.6506825699523792
0.9999331884710152 0.001978575164015891 0.011388759129489655 73.2498544834011 -0.002126136346721145 0.9999137649986687 0.012959248065475288 0.1439933229904792 -0.011362136173464288 -0.0129825962930268 0.9998511659517471 0.6506237154032055
0.9999404668112937 0.0023509793489074663 0.010655314604137118 74.66044160593559 -0.0025215727685840455 0.9998684099830425 0.016025117433435696 0.14124205033264264 -0.010616237750957845 -0.016051031558241977 0.9998148127938151 0.6499308233493505
0.999934901764632 0.003439791151096728 0.01087934142274806 76.11179852428305 -0.0036191875008879906 0.9998570983138677 0.0165131593950421 0.1672411363633386 -0.010820984926951025 -0.016551458794000235 0.999804458630287 0.6490407343980275
0.9999299216484405 0.003664114263111334 0.011257266933421004 77.46692219838883 -0.0038567686541846552 0.999845660841532 0.017140006765119314 0.1636070057529986 -0.01119272655305795 -0.017182222295940106 0.9997897249468417 0.6528071279467649
0.9999242504964356 0.003824116606169928 0.011699119681574994 78.88354284528265 -0.004018864779937288 0.9998529953465015 0.0166684259157662 0.16041612359926982 -0.011633657852196772 -0.016714180470822432 0.9997926255860096 0.6725302001027598
0.9999404760213002 0.0033871382344117253 0.010371678209266646 80.25249363787245 -0.003551556689734841 0.9998676691790876 0.015875470873590758 0.15208409764933808 -0.010316533302189745 -0.015911361505528528 0.9998201826907003 0.669126889233001
0.9999381079046933 0.003198224319094782 0.010656064995425766 81.64872774062327 -0.0033651506194742934 0.9998713359739482 0.015683980967224176 0.16269807727785268 -0.010604533053851988 -0.015718869516499877 0.9998202143484762 0.6889276586535541
0.9999312230508662 0.0030103667287892637 0.011335204460312883 83.0184670016436 -0.003185439066124639 0.999875432042077 0.015458763748309519 0.1781541336158399 -0.011287255908984497 -0.01549380814481192 0.9998162530001284 0.6938374084183093
0.9999449600513357 0.0027817454908287587 0.010116262153426895 84.399789581198 -0.0029325330483777117 0.9998843708141854 0.014921301935184502 0.1847356205244348 -0.010073585153895113 -0.014950146940582961 0.9998374947903295 0.6831582942457324
0.999942788838182 0.00196889004705984 0.010513920415411191 85.78035224422857 -0.0021265374138418405 0.9998851709928883 0.015004088347852676 0.1918473612620015 -0.010483171712155744 -0.015025588191655804 0.99983215331892 0.6869071897155565
0.9999377343831515 0.0009086233004233367 0.011122129309989862 87.15333347501148 -0.001072656415376505 0.9998906185005841 0.014751286138297213 0.19730351822575304 -0.011107509392512769 -0.014762297863723508 0.9998293343350544 0.6928235377237024
0.9999253095477584 -0.00026909527805425037 0.012218957138434027 88.54397877762707 9.944255262684851e-05 0.9999036233434128 0.013882872033313925 0.2015665787001277 -0.012221515331508037 -0.013880620031035061 0.9998289668491085 0.6968388600443968
0.9999168975437639 -0.0017776731284732433 0.012768628928058422 89.88489365021482 0.0016152332299415929 0.9999177819608523 0.012720862396169806 0.17524847898146226 -0.012790192651678028 -0.012699180947513848 0.9998375576938463 0.7060345371378329
0.9999085217592593 -0.0024116589910052294 0.013309095165483672 91.25907397966272 0.0022587111375114944 0.9999313784368962 0.011495070303657259 0.19070253601100173 -0.01333590406421997 -0.01146395735336821 0.9998453537145582 0.7138895760243352
0.9999101450384767 -0.002423261593435354 0.01318444736734322 92.64557942901028 0.0022846211838724833 0.999942049481188 0.010520370022368023 0.21589589174247661 -0.013209176930401965 -0.010489303247171369 0.9998577359615768 0.7313111548082692
0.9999112081826651 -0.002523778443453411 0.013084582265064593 93.97109478812703 0.0024005925286806713 0.9999527326930603 0.009421758604006819 0.218724426962198 -0.013107742223362707 -0.009389511278511457 0.9998700036363509 0.7395251498074171
0.999913184165588 -0.0030001508081150055 0.01283055832624614 95.34334173199548 0.002890332158431588 0.9999591070465524 0.008569143170429321 0.2366027848320325 -0.012855742368629417 -0.008531314657773804 0.9998809661946573 0.7352234023019344
0.9999234684792644 -0.0028254028510230583 0.012044678622815587 96.71557865487817 0.00272636596872458 0.9999624083683634 0.00823096463040129 0.2300854578031226 -0.012067481634627024 -0.008197496500259535 0.9998935828067536 0.7311982404631721
0.9999322940838449 -0.0023577586884443663 0.011395096409698161 98.05772254880351 0.002247465255896701 0.9999506011340142 0.009682158418814805 0.2521089665509487 -0.011417361697992578 -0.009655892796140311 0.9998881975431887 0.7395881424041376
0.9999314792870186 -0.002003905427259003 0.01153347709553154 99.40805152121516 0.001873284482223795 0.9999341147834309 0.011325056181981204 0.27356141927431743 -0.011555411551442393 -0.011302674697387919 0.9998693524698923 0.7367146300105054
0.999918395907533 -0.0017717131307309105 0.012651583232489565 100.75796875187916 0.0016253986480752132 0.9999317923037867 0.01156584710998884 0.27745207009424433 -0.012671211660336619 -0.011544339423249717 0.9998530735174742 0.7400777778643449
0.9998932097343466 -0.002154302005555681 0.01445434571381857 102.05480057044886 0.0019841430664993614 0.9999286896543175 0.011776195586496467 0.29350533947495827 -0.014478684451198908 -0.011746258513612542 0.9998261814473024 0.7471334891359686
0.999904770067283 -0.002256871351605679 0.013614599825056396 103.435119410014 0.0021030532182406596 0.9999339212319225 0.011301784678216353 0.27296332389785455 -0.01363920686313437 -0.011272076182044722 0.9998434439124412 0.7604125061896607
0.9999348753130008 -0.0017439896022148696 0.011278458806087866 104.75148611847536 0.0016139178620466687 0.9999322064993341 0.011531594621185923 0.2736337126379703 -0.011297805180999593 -0.011512641123572117 0.9998699008833359 0.7584509547599656
0.999949318102429 -0.0017646693041500489 0.009911970981297496 106.04492647759874 0.001668087923520642 0.9999511372856066 0.009743742807632402 0.31670491742642826 -0.009928681139330523 -0.00972671493716528 0.9999034014880461 0.756368862987226
0.9999349370956955 -0.0016385965687522675 0.011288781010916758 107.42497481188758 0.0015383566837486589 0.9999593658753664 0.008882570396497336 0.2981895282240137 -0.011302877250555598 -0.00886462629895013 0.9998968263608194 0.7694470068065911
0.9999106474654494 -0.001016813632733066 0.013329035046164561 108.75336149766729 0.0009476470878256753 0.9999860597148071 0.005194452911611344 0.3080279236754743 -0.01333413102614979 -0.005181357552833064 0.9998976720063344 0.7640636894399446
0.9998981943924169 -0.0003878624375275794 0.014263604506370682 110.09777588428969 0.00032796969953607333 0.9999911216007284 0.004201089810201172 0.32621625784797187 -0.01426510731332888 -0.004195984085616277 0.9998894441041433 0.7795482239119864
0.9999126343474701 0.00010542545462339405 0.013217887795560882 111.41127293099689 -0.00016097183479651467 0.9999911612464276 0.004201370858360496 0.3070290688422211 -0.013217328034475128 -0.004203131510504521 0.9999038133366301 0.7718495112512915
0.9999397655220406 0.0013322834830351569 0.010894510014097147 112.76173336540654 -0.0013904442488666207 0.9999848143277991 0.00533270837266455 0.324430363030492 -0.01088723989435454 -0.005347535368552934 0.9999264332304476 0.7760294765815003
0.9999548625740693 0.002119930476698878 0.009261679612689647 114.09494333103768 -0.0021973548617112925 0.9999626613328241 0.008357485972906257 0.3040523807365845 -0.009243616504694553 -0.008377459934226743 0.9999221838318042 0.7867120907745051
0.9999577994234643 0.0037865433260277958 0.008370272505891289 115.39887964708213 -0.0038818086787575086 0.9999275447201134 0.01139459834250661 0.3420971526975137 -0.008326519895147563 -0.011426609280344098 0.9999000458379778 0.7812069748202595
0.9999279625985943 0.005342209101583484 0.01074850758659128 116.76917259603553 -0.005469834594581004 0.9999144739207081 0.011879636079497533 0.3527527620705909 -0.010684124808891771 -0.011937572860021974 0.9998716636805344 0.7943954277847344
0.9999001283542658 0.005772009520208461 0.012900279966789887 118.06294854624174 -0.0059319108606929105 0.9999056273084644 0.012391485399538332 0.3604416876829157 -0.0128275387609522 -0.012466771152339367 0.9998400041338471 0.7805797611397797
0.9998858408406436 0.006588863464629023 0.013597505824363918 119.43671557624629 -0.006757073312557385 0.9999007565327881 0.012362000056901634 0.34443407092815786 -0.013514704830215812 -0.012452468165090326 0.9998311301364594 0.7854748892330379
0.9998833545077177 0.007702705274796553 0.013188847934648777 120.74692264724476 -0.007863680039850374 0.9998946883336238 0.012197326692189099 0.3476555303914896 -0.013093506582444858 -0.012299616809264882 0.9998386267351951 0.7907889919984351
0.9998763553744842 0.008730924542217433 0.013078414264601674 122.05979762555218 -0.008912591785857338 0.99986370547554 0.013897344364345981 0.3315916383563824 -0.012955295083366472 -0.014012188599953113 0.9998178928684675 0.7933116766797061
0.9998714240179365 0.01006891334593694 0.01248008078402707 123.4248039075222 -0.010258958154332117 0.9998309509796729 0.015258546479614889 0.3339585078473602 -0.012324334056308735 -0.015384617223542427 0.9998056932939287 0.7820312546733474
0.9998616718736326 0.011505701044957394 0.01201066032857122 124.76759380485352 -0.011704712743750985 0.9997931511709959 0.016632936335971276 0.34425938615303175 -0.011816802344565195 -0.016771216862060626 0.9997895225832861 0.7864926220198114
0.9998588976801681 0.012396446636914566 0.011336350408192957 126.10212776639136 -0.012590859155890092 0.9997720656582995 0.017242012500098818 0.3242364429674946 -0.01112002677675489 -0.017382314003467857 0.9997870774141708 0.7886174641741158
0.9998509152746909 0.01348099274506958 0.010789349330250256 127.44164572779047 -0.013659220560686351 0.9997685859789687 0.01661927144275881 0.3231126477431526 -0.010562808245789257 -0.016764167865449115 0.9998036756072374 0.7917237671247387
0.9998288034071154 0.01422887756073559 0.011828056512269574 128.73446338700242 -0.01441671296474265 0.9997688528816624 0.015949896393929557 0.30639574752277743 -0.011598373368195587 -0.016117687521678196 0.9998028295039805 0.7874823361924487
0.9998046845777053 0.015094299908262861 0.012757539212346397 130.1103242005129 -0.015315181190234341 0.9997313558923252 0.01739716272279459 0.29695274977303193 -0.012491513982917856 -0.01758914881318926 0.9997672648784026 0.8069107013368526
0.9997900504944338 0.015525369986086963 0.013372278008342772 131.43026128220777 -0.01572337707205037 0.9997663712773303 0.014831664654024511 0.27629326126639414 -0.013138886778849201 -0.015038808122801136 0.9998005820684733 0.7940464836917015
0.9997906317344772 0.015582765779025119 0.013261602718032582 132.78081236708104 -0.015770947890789172 0.9997747117970787 0.014205733127659182 0.26254304198265777 -0.013037250423340729 -0.014411906943368207 0.9998111456868516 0.8071401138932306
0.9997783786614239 0.01558698418029484 0.014150600174465565 134.11111941879278 -0.015767410477721514 0.999794650864802 0.012729684558364955 0.2614140539871331 -0.01394927696912583 -0.012949981710090397 0.9998188414136567 0.8056220440567348
0.9997925234863686 0.014646470372399323 0.014155948798629189 135.45096312630108 -0.01480878106798457 0.9998250133203862 0.011429905606350283 0.21399022119797237 -0.013986063922329404 -0.01163716651595244 0.9998344694855447 0.8109650940812373
0.9998134134584904 0.013655790169790311 0.013662271528569195 136.78671811928066 -0.013822433164644519 0.9998303020295622 0.012178156054312382 0.20396440872734198 -0.013493650725086577 -0.01236472960937312 0.9998325033983425 0.8154249181371555
0.999795062294866 0.013296106537638994 0.015265875728065655 138.13319912824437 -0.01345403408711013 0.9998565476665623 0.010289463304107082 0.23438631134500543 -0.015126876002263956 -0.01049274221752546 0.9998305256308034 0.8295989443213486
0.9998153782236476 0.011714584884031744 0.015230822975115505 139.4777055768301 -0.011867256776426516 0.9998798521419499 0.009972436873450778 0.18284555504882713 -0.015112170066104016 -0.010151343831602632 0.9998342725343564 0.837469386242696
0.9998262073336668 0.01072860268479814 0.015246383610782968 140.83729353154328 -0.010863890589671363 0.999902100215272 0.008818495696191012 0.19671958715921015 -0.015150280856507556 -0.008982598149746628 0.9998448789289511 0.8281695543177324
0.9998481255931777 0.009187549817049775 0.014809276692953004 142.16824348723821 -0.0093228186741057 0.9999152153071167 0.009091053255392157 0.1778582283534151 -0.014724496588303397 -0.009227736758374665 0.999849007637923 0.821083668903585
0.999859042487907 0.00819909223516793 0.01465162249325287 143.51854774492736 -0.008331642795830109 0.9999247098358346 0.009008795038447768 0.16332838677855863 -0.014576655428742105 -0.009129597266105325 0.9998520748442093 0.8232726532638228
0.9998924498425725 0.007732449851379467 0.012461860499720073 144.87093435826344 -0.007815226600672603 0.9999476305238939 0.006607453581388191 0.16034535128900193 -0.012410116075150994 -0.006704135212386602 0.9999005168465788 0.8193816224729389
0.999914492277851 0.006308767794431722 0.011454587798925041 146.17501500327012 -0.006351201135493143 0.9999730893555636 0.003671894446547448 0.1492177168041559 -0.011431114419156686 -0.003744330862252491 0.9999276521876621 0.8456447675340796
0.9998807293126664 0.005799831698936628 0.014313947793483849 147.5767574912846 -0.005724574625552082 0.9999696062942391 -0.005292989051643672 0.14485599732574805 -0.014344211185250186 0.005210416490871377 0.9998835408013599 0.8383884360023006
0.9998640806463858 0.0044301822794257555 0.01588060824178 148.8992135942916 -0.004234285260396584 0.9999147942115345 -0.012348082654335287 0.13608080901071037 -0.015933959378993567 0.01227916128551823 0.9997976450945626 0.8416652884879608
0.9999107325079439 0.00351714454516127 0.012890178806957952 150.18854589967847 -0.0033393675514023667 0.9998993739878153 -0.013787331980180298 0.0870653819005172 -0.01293737375913468 0.013743056174792555 0.9998218605167587 0.8492478523402365
0.999947315198206 0.003138710017376646 0.009773194325632374 151.60191555492077 -0.003004368791716922 0.9999012206210102 -0.013730359382678373 0.1241446545374226 -0.009815324552102734 0.01370027372138842 0.9998579708658105 0.8496356371100174
0.9999673171379133 0.0038117478199737884 0.007129883208069559 152.91206234356818 -0.003758072990375513 0.9999646140270464 -0.0075264587382768405 0.07750133356497274 -0.007158319872902948 0.007499418130555118 0.999946257148003 0.8664364962363976
0.999957268458143 0.0051917859276122864 0.007648961799552664 154.28282477481807 -0.005120603909568977 0.9999436758682726 -0.00929647818521918 0.10485854937243509 -0.007696796303039063 0.009256913628677556 0.9999275318125513 0.8661793217364012
0.9999412101988394 0.005279845997220468 0.009470975257390152 155.6254239626575 -0.005203664717686988 0.999954055849252 -0.008050345591138859 0.09105591555926626 -0.009513044706420812 0.008000588533133315 0.9999227432974696 0.873472598630572
0.9999032022179075 0.005809289409826556 0.012642719285313311 156.94453450889372 -0.00557913821236167 0.9998194547857261 -0.01816400420559238 0.09406160174879136 -0.012745956660122532 0.018091710491998505 0.999755085308543 0.8672260260093506
0.9998915658612213 0.005638511027900033 0.013603812442960835 158.2836234854817 -0.005351457199275839 0.9997641881874372 -0.021045900402670514 0.0675675683396922 -0.013719272044803438 0.020970818088550044 0.9996859538691426 0.8683939913946013
0.9998870779383358 0.005425338149038361 0.014014174178495039 159.62017928252448 -0.005118019147062181 0.9997476634435575 -0.02187270717486949 0.05135933257927229 -0.014129304722700017 0.02179851245190532 0.9996625368607834 0.8790568113209286
0.999869129885465 0.00749760875483494 0.014335583875186695 160.96035452346598 -0.007189137052485872 0.9997440809048366 -0.02144968540990821 0.10343222158344995 -0.014492736474650502 0.021343817809915757 0.9996671456193673 0.8698802930240752
0.9998699604987659 0.008193180271944493 0.01389006440689749 162.3162830940099 -0.007916622915632431 0.9997716291184411 -0.01984985368887707 0.07689744913806099 -0.014049525750288672 0.019737310021620543 0.9997064816331354 0.8582968974385705
0.9998736250210924 0.009223334753208487 0.012948516641303882 163.66445163696167 -0.008997632527189804 0.9998084342349206 -0.0173821011854744 0.08420468699860843 -0.013106357086754622 0.017263398528293065 0.9997650716419171 0.8707630065954333
0.9998722536683101 0.01001831522464307 0.012454304649968337 165.01984453331977 -0.009809039439195305 0.9998115502635766 -0.016752513388257565 0.10857940711630977 -0.012619789599468334 0.016628208550626338 0.9997820980548022 0.8556371206256603
0.9998505159810036 0.010773078513986536 0.013523552486392991 166.36785428095382 -0.010532687228437067 0.9997874587754407 -0.017722860240216215 0.11005355554306642 -0.013711607938847402 0.017577771607282865 0.999751475994436 0.8425760493457113
0.9998599821332517 0.010308083160202947 0.013181788575763052 167.68971530881646 -0.010077414396621985 0.9997969973303938 -0.017447345018865065 0.08714301106760383 -0.0133589613208712 0.017312063732868477 0.9997608867132864 0.8332870663106408
0.9998809495429629 0.01005040385623262 0.011707951289173582 169.0743100174617 -0.009861591475302672 0.9998221644329037 -0.016074468024726733 0.08483515509421961 -0.011867424094439137 0.015957095319335184 0.9998022481242641 0.8283923567388418
0.9999142925481233 0.008646115422810366 0.009831187419719176 170.48841019195876 -0.00851780388949484 0.9998789652120953 -0.013019291197658697 0.05448446089396495 -0.009942563798453116 0.012934435220942868 0.9998669140493793 0.841093166990027
0.999933157951811 0.008800842106692786 0.007498320260681055 171.85933362299818 -0.008743897184909996 0.9999329385627475 -0.007593591988548083 0.06552540525909958 -0.007564647416661251 0.007527519875887533 0.9999430546556037 0.820008532943634
0.9999255658382363 0.008691413592831302 0.008562833225123943 173.20732033050086 -0.008638243670096801 0.9999433014737344 -0.00622692412867175 0.04993542552343705 -0.008616468498112888 0.006152492792888846 0.9999439500807304 0.8159286460415727
0.9998880606238618 0.009986331007464969 0.011141786879204195 174.57510427557693 -0.009984124543736568 0.9999501252179142 -0.00025364103163296164 0.07060581049600693 -0.011143764128310508 0.00014237165137237295 0.9999378961972416 0.8481406975695867
0.9998565102659163 0.009623391241231247 0.013940918903787767 175.96196228132084 -0.009646521883298644 0.9999522025060459 0.00159289637544379 0.04305814508628169 -0.013924923497773115 -0.0017271491904451352 0.9999015518846118 0.8489610887220397
0.9998518223523961 0.008686529221961177 0.014861949692706471 177.39313013393047 -0.0086573393117357 0.9999604695220857 -0.002027281236352608 0.044161764351600685 -0.014878972230433092 0.001898315897264268 0.9998874999629309 0.837623234118336
0.9998663667359048 0.007428802882260298 0.014562333538190085 178.7889324972322 -0.007388293160608592 0.9999686913051052 -0.0028336431899296283 0.04097384191229894 -0.014582928187229031 0.002725673731658166 0.9998899483984197 0.8280397064785849
0.9999279881172547 0.005792740677160834 0.010510125366840279 180.1312043175874 -0.005727467256484938 0.9999641907597882 -0.006230033462834791 0.05221838165415805 -0.010545837975496597 0.006169388427495436 0.9999253591882873 0.8087721833493228
0.9999664150848497 0.0036945447876708666 0.007315670930683103 181.54951371470963 -0.0036645118318744036 0.9999848212191346 -0.0041144482460836445 0.06057136853392414 -0.0073307609010388715 0.004087501700004822 0.99996477551685 0.8330855961026978
0.9999775856120523 0.002313691670950592 0.006282921640642277 182.93989208925578 -0.0023150653485515087 0.9999972978933374 0.00021137278892011455 0.03649240118246427 -0.006282415612056661 -0.0002259134253063374 0.9999802399133703 0.8303863549934811
0.9999701560152474 0.0017236666256117167 0.007531006055341224 184.2630854105275 -0.0017439584254609678 0.9999948647415184 0.0026886984959851074 0.04117537252985209 -0.007526332961814643 -0.002701752015970599 0.9999680269129569 0.830957833649708
0.9999425567136828 0.003566642027529715 0.010107538649481758 185.71895520519706 -0.003628787639650396 0.9999745855528301 0.006136786513487656 0.08057504690918844 -0.010085394051281749 -0.006173112107621422 0.9999300863129067 0.8352303089361827
0.9999161400536388 0.00333769695547101 0.012512898915328278 187.08385189419744 -0.003451816089108196 0.9999525485584706 0.00910964308337819 0.08533970702813672 -0.012481899932252214 -0.009152071374995165 0.9998802137074362 0.8460342105309485
0.9999074763057243 0.003641071515718248 0.013106541349065264 188.53724878700487 -0.003721861445663659 0.9999741931042682 0.006144987619756593 0.0829431641421355 -0.013083828770532529 -0.006193199793733817 0.9998952233614371 0.8333238012576657
0.9999003822399491 0.003463968179554378 0.013683074247212395 189.95065421071465 -0.00353670868963335 0.9999797245944103 0.005295478423345595 0.07541393887848057 -0.01366445344857833 -0.005343343947237677 0.9998923599005111 0.837191831297009
0.9998872367259416 0.0039052158431978116 0.014500452468079275 191.31197394848203 -0.003933921816372717 0.9999903575847563 0.0019516650977667777 0.08703790173195784 -0.014492690975234942 -0.0020084886679319408 0.9998929582118113 0.8362062680511538
0.9998834924992639 0.004286964859135774 0.014650029343687155 192.7666246353154 -0.004290220950990688 0.9999907787500376 0.00019083785044163285 0.09383278700795393 -0.014649076136945983 -0.00025366747922354703 0.9998926643501012 0.8328254898923209
0.9998705814197114 0.004616842439829426 0.015411202980115835 194.11499666671358 -0.00458899437228918 0.9999877742370684 -0.0018418759581793382 0.0746915862040685 -0.015419518217494328 0.001770915661461805 0.9998795439029946 0.8349889460503295
0.9998505006575249 0.005084356648833247 0.016526513617948532 195.55189820517103 -0.005007383661832526 0.9999764384770021 -0.004695593648698849 0.07477813757995104 -0.016549998300905828 0.004612137066258269 0.9998524019813735 0.8354289701919998
0.999831944796668 0.005525247785700043 0.01748009728288662 196.98384340793748 -0.005373363817814913 0.9999475077214143 -0.00872403364353042 0.05957315002273015 -0.017527382160321632 0.008628640602010833 0.999809150506219 0.8328833683107383
0.9998725471209381 0.0057001424310843644 0.014913010767537177 198.39939300667342 -0.005612725344197883 0.9999668602028908 -0.005897101846044478 0.06382120576704384 -0.01494613087383912 0.005812647609942827 0.9998714048814801 0.8451521526570068
0.9999397737185662 0.005768869184128212 0.009336438507214906 199.83228234480168 -0.005763886029547585 0.9999832315591897 -0.0005605517625691574 0.07416945564503766 -0.009339515699487612 0.0005067038351434805 0.9999562573921533 0.8383758558862943
0.9999374817487404 0.007038008919320626 0.008689017461076776 201.30086804328167 -0.007127715893518362 0.9999211705699379 0.010336745725143284 0.06245568264402353 -0.008615582402172214 -0.01039803233773321 0.9999088221749896 0.826396749235819
0.9998965583222016 0.007865477138605796 0.012041882111955159 202.72374395218344 -0.008059991655295624 0.9998364344340394 0.016190766280308074 0.0817391100245444 -0.011912564372658013 -0.01628614894961561 0.9997964053558396 0.8176338637893668
0.9998589547755317 0.00898864116419809 0.01418713802014195 204.1486063057113 -0.009235325486882676 0.9998056208151999 0.01741922356146471 0.06315010749820359 -0.014027805185865995 -0.01754778950051076 0.9997476160338233 0.8109345004274469
0.9998463126006161 0.009261349272659116 0.014885516067673885 205.60745572233355 -0.00949214578492449 0.999834661500132 0.015509636724115709 0.09529372597184069 -0.014739414755983402 -0.015648548576980385 0.9997689095886534 0.8094353424995678
0.9998578195890185 0.007594422032368275 0.015055409681837346 207.0475654027741 -0.007792796128026593 0.9998830143530198 0.013161684422051245 0.05993708842339602 -0.014953693028837261 -0.013277136826625386 0.9998000323577142 0.8123472166104112
0.9998713237562828 0.006160685275351984 0.014811545726113831 208.51095402874242 -0.0063418090940273505 0.9999053094333469 0.012212846695908715 0.03312928215693155 -0.0147349037076464 -0.012305207188053262 0.9998157152639608 0.8163877189651217
0.9998807853462602 0.005808566608265309 0.014306489761757434 209.96699962096167 -0.005978623114160205 0.9999116433521353 0.011872723128698416 0.048769549453784804 -0.01423626218516484 -0.01195684083649382 0.9998271664623871 0.8024785183676666
0.9998781564285409 0.006095845161856745 0.014370559099240812 211.45065554601547 -0.006281646342301485 0.9998968044136657 0.012919808147564882 0.06621779766287693 -0.01429031897098016 -0.01300850472200019 0.9998132653593896 0.8064089498885766
0.9998704249619178 0.005919954726853887 0.014969549843130803 212.87435365975435 -0.006132966102968997 0.9998800250153865 0.014224004429480885 0.06638619716132614 -0.014883548409361607 -0.01431396909532988 0.9997867724047385 0.7945617076984794
0.9998749184108376 0.0050786057032766755 0.014978494484805701 214.31479534357248 -0.0052884297588440396 0.9998879795501394 0.014002173467917784 0.06095352665534251 -0.014905705069082844 -0.014079634769784818 0.9997897698222076 0.8040266671580211
0.9998831484226932 0.004888466010814535 0.014484212107797751 215.78424752517864 -0.0051032969349784855 0.9998769701622613 0.014832427297310448 0.06617510302083661 -0.014409922300831575 -0.014904611340040771 0.9997850802547947 0.8043288862740542
0.9998899554724339 0.00478900468246414 0.01404073999067604 217.28003430927623 -0.004983091981086778 0.9998920697850695 0.013820910796247752 0.07018241816161926 -0.013973036164071912 -0.013889356179504707 0.9998059011854633 0.7938792519148758
0.9998934994447136 0.003931514621730219 0.014054641972797939 218.75919414225413 -0.004142888216945767 0.9998782788792714 0.015042071089042819 0.04950070574443977 -0.013993793103597895 -0.015098695910741675 0.9997880791129531 0.7995173766684708
0.9998993693568828 0.004337951987892411 0.013506788376913097 220.21885618699636 -0.004542957524727267 0.9998743889859827 0.015184458727139633 0.07534110230370934 -0.013439222322608491 -0.015244291471184331 0.9997934781148079 0.7812192543834467
0.9998991443545786 0.003997232642898284 0.013628031779393299 221.70772891366113 -0.004193759048583348 0.9998871912630012 0.014422799077458828 0.06125625373245169 -0.013568843135066106 -0.0144784971383383 0.9998031104255434 0.7875954046176903
0.9999036624798482 0.0034967354585811166 0.013432743596103412 223.19825132758575 -0.0037214030480844764 0.9998530021106145 0.016736945054142898 0.06270400749163192 -0.01337224434190698 -0.01678532131132414 0.9997696915138686 0.7931425798079093
0.9999085745821412 0.002883947113624695 0.013210803387994527 224.6936728592104 -0.003094248875688773 0.999868381560634 0.015926241842125245 0.05256196288744861 -0.013163134163478342 -0.015965663292340157 0.99978589182616 0.7757323913189371
0.9999060980681964 0.0022651757957971607 0.013515325547266371 226.15112832508797 -0.0025025861995552137 0.9998424151298405 0.01757503825434103 0.052708644780402755 -0.013473385185180898 -0.017607211191494505 0.9997541967932467 0.7897316154777783
0.9999000084409817 0.002248433433464212 0.013961291731782286 227.65393021972724 -0.0024794270972001925 0.9998599637121469 0.016550087818920554 0.05220739625778553 -0.013922124873535703 -0.01658304895486935 0.9997655609823566 0.7936603826079623
0.999905800355609 0.0025137290807385753 0.013493390282552899 229.16012575672406 -0.0027251154473047923 0.9998734971866645 0.015670461687767062 0.056031274432813076 -0.013452292035467585 -0.015705756582144133 0.999786159660742 0.7908108340170678
0.9998996683079118 0.0023217478362764932 0.013973646793619957 230.6640832693802 -0.0025356898314130216 0.999879546177991 0.015312198143110736 0.06300973667018528 -0.013936412551548856 -0.015346094678443785 0.9997851138036179 0.7889021968724653
0.9998853036051828 0.0036426662865769754 0.014700701231436521 232.1537734457745 -0.003845187731974539 0.9998977729781787 0.013771642043873695 0.10293566840611136 -0.01464903292634692 -0.013826589442207094 0.9997970950441492 0.7848061641871876
0.9998850340834655 0.00311873774042432 0.014838870941321806 233.66416672977243 -0.0033291781197709713 0.999893942057126 0.014178194895950657 0.08161380119808406 -0.014793079089682103 -0.014225966131239597 0.999789371167087 0.783608867721024
0.9998842041267145 0.0029167984793872686 0.014935549019617956 235.11944044710347 -0.0031222121149392175 0.9999006097764227 0.013748540295157234 0.047498875081732575 -0.014893962850634934 -0.013793580223019674 0.999793932275664 0.7786048904895917
0.9998858478142316 0.0038199841328992964 0.014618449371927675 236.65610814612756 -0.004039988855021331 0.9998785809280103 0.015049979782033086 0.08596139205122331 -0.014559183729403185 -0.01510732016648548 0.9997798752958177 0.7794547673132163
0.9998760473868312 0.0035284964951652594 0.01534404036005091 238.1458384350939 -0.00377999832470706 0.9998584829425157 0.016392855167919072 0.07827357800685783 -0.01528402678460348 -0.016448823677538943 0.9997478855815964 0.7785649161242142
0.9998426886287637 0.004466002457140386 0.01716545419317335 239.6404350533524 -0.004771722641212035 0.9998299903143624 0.017810702709817255 0.0913558516561219 -0.017082993257636698 -0.017889809670171543 0.9996940162126233 0.7696590335564762
0.9998196199281795 0.0055332938525968775 0.018168936837677944 241.18960483524089 -0.005827314121604574 0.9998522804683165 0.016169714049269646 0.09392675942813897 -0.018076781151490022 -0.016272673457296865 0.9997041712835619 0.7636116474405648
0.9998425611107653 0.005592567908867836 0.016839720177314242 242.6721548952582 -0.005906111296846864 0.9998090493093925 0.018627473484019177 0.09052481595609302 -0.016732329210686736 -0.01872399805685958 0.9996846708117274 0.771510285961151
0.9998489761982536 0.006571852960975178 0.01608836672765261 244.22020773333983 -0.006869801037813829 0.9998046144711452 0.01853479743363136 0.05934135299624167 -0.01596341533021583 -0.018642522116500693 0.9996987674995558 0.7661021194717426
0.9998498958418344 0.006350069964411722 0.016120248029113136 245.71657035133876 -0.006654987968253109 0.9997986140058486 0.01893257951591917 0.056910815321990216 -0.01599677843240495 -0.019037017713688036 0.9996907997157688 0.7460587702835622
0.9998292828765228 0.0068714512917912975 0.017151917087094803 247.21843425793347 -0.0071962357385260195 0.9997946027203415 0.018946412918280985 0.08502750214799956 -0.017018204776462053 -0.01906660767989375 0.9996733692450588 0.7315937204077473
0.9998131528759816 0.006725235224165787 0.018122652878886036 248.77283951160246 -0.00707473370962683 0.999788888676894 0.019290573375594276 0.07666808371657603 -0.017989093338098682 -0.019415181930668504 0.9996496602467647 0.7403663779175467
0.9998193382563818 0.006415541532126902 0.01789222388135208 250.27383617011944 -0.006756436749063538 0.9997955547354564 0.01905778826823298 0.0737091537489692 -0.017766299868762058 -0.01917523293392937 0.999658276127849 0.7291381517787809
0.9998088951149771 0.006437415539860935 0.01845895257418895 251.8354359206135 -0.006817151191571218 0.9997648993095977 0.02058330775413214 0.06772187435063218 -0.018322109556496467 -0.02070521165400668 0.9996177241884832 0.7262878898210998
0.9998120537048961 0.005748811121502429 0.018515086742638284 253.3645879951587 -0.006160541073753222 0.9997332830962651 0.02225781667733668 0.04221227635693272 -0.018382192471974867 -0.0223676963555172 0.9995808027166543 0.7149467242432824
0.9998157088951019 0.0059643680831891815 0.018247590524597172 254.90852801775114 -0.006371340934260481 0.9997304283353383 0.02232659121183757 0.025329471058193765 -0.018109507483213095 -0.022438738240135522 0.9995841879326154 0.6994801405132326
0.9997938654332552 0.007031300504733789 0.019046980213195473 256.4424029926475 -0.0074437498695746705 0.9997374516492632 0.021670679678223136 0.07491663401063332 -0.01888960639899457 -0.02180799355853437 0.9995837104450241 0.6962475276140062
0.9997910008758567 0.006470067673298474 0.01939311197192355 257.988994241882 -0.006856951295747709 0.9997774674212665 0.019949883599814856 0.0502612664221629 -0.01925971927574154 -0.020078691715880198 0.9996128797451533 0.6693664736197497
0.9997640921014073 0.006671550828352284 0.020670040014318495 259.50881336683807 -0.007047652911521328 0.9998099560741395 0.018176422185511694 0.029554831333896133 -0.02054484687427825 -0.018317809491638148 0.9996211117830297 0.6761695445297803
0.9997753868473342 0.00636386573526785 0.0202157628390959 261.0681858854608 -0.006707261167487535 0.9998335974062331 0.016964378719590004 0.027891027208974174 -0.02010443985527079 -0.017096160698064588 0.9996517057392998 0.6619820936577429
0.9997985864505486 0.006067207345538828 0.019130486834132793 262.5996713326068 -0.006428914719255354 0.9998006545539913 0.01890291535565714 -0.009497750238724961 -0.019011985351804535 -0.019022096320774853 0.9996382867140223 0.6824903151990097
0.999763010325937 0.0071320362513689955 0.02056835537736611 264.1286279463183 -0.0074862582561933295 0.9998241038521147 0.017196432584622872 -0.013192372660317878 -0.02044209190229914 -0.01734633722792972 0.9996405481288927 0.6613625650883549
0.9997022741215547 0.008068338568162877 0.023027484207819703 265.6602253248278 -0.008361623748401716 0.9998847886671093 0.012668568996551648 0.015101885928952133 -0.02292261687683269 -0.012857344394536556 0.999654561501441 0.6387892234459639
0.9997088391125826 0.00689591899357091 0.023123219961902163 267.27602955362295 -0.007227356507452769 0.9998719047908659 0.014280732747307125 -0.06614173517174234 -0.02302177921201102 -0.014443694510752364 0.9996306204647762 0.6611140110750947
0.9997253563434687 0.008135811816858417 0.021977726224634703 268.7410333445626 -0.008427430217294356 0.9998772435574357 0.013208945299196286 0.0014556917218200335 -0.021867562823894272 -0.013390533300253301 0.9996711976015303 0.6387799437290662
0.9997329203352198 0.00867205508297879 0.021421565270792985 270.3372318355931 -0.008944542574640422 0.9998798861279213 0.012657348653870939 -0.0291022446112492 -0.021309227018911484 -0.012845574236015503 0.9996904061090132 0.6025395863131235
0.9997182529268338 0.009564132650984217 0.02172422913600368 271.8314047595649 -0.00988314670651381 0.9998442024218261 0.014625125457232407 -0.024912581478769326 -0.021580967913806346 -0.014835708614577189 0.9996570229702819 0.5930428522241136
0.9997171769268928 0.010754533665755562 0.021210991559940807 273.3845411712295 -0.011102498394574981 0.9998045893759866 0.01635596503155006 -0.019826820392360632 -0.02103094593027641 -0.01658683418699779 0.999641223762271 0.5756239060696033
0.9997213341076964 0.01105031720386432 0.02086012031656966 274.96186224629776 -0.011404728546146393 0.9997913254687592 0.016948087921958666 -0.06187365184090335 -0.020668485593204344 -0.017181269077565484 0.9996387435949888 0.5611853805315792
0.9997142716210086 0.011936527439429856 0.020709766535719557 276.4830244184927 -0.012315483316130001 0.9997572676899661 0.018268403646286707 -0.05613500127559087 -0.020486678304849595 -0.018518234629177694 0.9996186127710169 0.5522373732239402
0.9997178727205696 0.012519661313819064 0.020184970736820608 278.0778329132429 -0.01289668892388048 0.9997427453749157 0.018657933567975495 -0.09979363101852794 -0.019946187050654585 -0.018912988944468575 0.9996221528514295 0.5403284598744321
0.9996967237291722 0.014378969052058155 0.019992644001213093 279.56759424050995 -0.014759186774143366 0.9997104993892393 0.019002205574186484 -0.09510600810276326 -0.019713623992691946 -0.019291517823065298 0.999619532806936 0.5328683356079882
0.9996753437738637 0.015754055354724267 0.020025403628587454 281.1024064652402 -0.01610876318761322 0.9997139792643204 0.017676747779600464 -0.09703882815961205 -0.019741195484897996 -0.01799359339816526 0.9996431942435503 0.506842519509358
0.9996496479426866 0.015793752912041895 0.021240026765897025 282.69853713672654 -0.016155998937441962 0.9997250761999483 0.016992813638141993 -0.15808536668193643 -0.02096580707714416 -0.0173300140207854 0.9996299843180192 0.511211560331967
0.9996357827667209 0.016065418654682598 0.021684190919077813 284.19525164029363 -0.016426740974143185 0.999727447215207 0.016588956131534025 -0.1594129664347102 -0.021411772307159575 -0.016939114735290365 0.9996272317212307 0.5037003768234305
0.9996600363298422 0.016387628254246105 0.020279482370593533 285.77472350473033 -0.016700439826814437 0.9997426569505338 0.01535301869595572 -0.16924673546596797 -0.020022664023788873 -0.015686475502420884 0.9996764613672278 0.4961567289151865
0.9996726757112665 0.016991075972271705 0.019127069132027854 287.29330319254626 -0.017328346176657215 0.999694801935716 0.01760770858151012 -0.18490435610899397 -0.018822057673347273 -0.017933385626087085 0.9996620047920833 0.51101894005171
0.9997154684091217 0.015396125718225849 0.01821926278418309 288.85552660579475 -0.01569641995480789 0.9997413835607075 0.016455649386298326 -0.2332306128345924 -0.017961197736588812 -0.016736944434127047 0.9996985896093263 0.4814952886978181
0.9997216993823126 0.014773071499796895 0.018392393607217224 290.39082065960366 -0.015058107189812011 0.9997671454137343 0.015456660672126643 -0.253681383189806 -0.01815976850075595 -0.015729313708328897 0.9997113640937888 0.48053074419194053
0.9997547542773543 0.01367312122996163 0.017420592861834165 291.9443567654735 -0.01395645341092488 0.9997705869761865 0.016247794480482875 -0.2669705852640408 -0.017194438287297966 -0.01648693947105099 0.9997162257955315 0.46701130292844195
0.9997401589628078 0.014490852648519749 0.017596299228496322 293.54692343312047 -0.014783616859836219 0.9997525242904473 0.016623322394158306 -0.2578722416374102 -0.017351058456516664 -0.01687913991877095 0.9997069747711282 0.4588675932114965
0.9997443078822521 0.013839863081610835 0.017882311006105826 295.0692812734947 -0.014138626670249241 0.9997607391936885 0.0166902247668818 -0.30065781224743454 -0.017647042044380834 -0.016938788527282086 0.999700784910321 0.44405908003425226
0.99975352517536 0.012564522699059928 0.01830359715427187 296.6639321338119 -0.012874929784796625 0.9997735963558222 0.016940844512073967 -0.2983001947583069 -0.018086599527761378 -0.017172326548564053 0.9996889446815104 0.4426134617819016
0.9997378771296208 0.011943929678606415 0.019532526108818254 298.24198556984715 -0.012273788040061842 0.9997825931746964 0.0168558747037012 -0.3408065676675437 -0.019326954222194374 -0.017091194478787725 0.9996671245528591 0.4348599134096597
0.9997338386327976 0.01031087871989182 0.020638257498035037 299.78573552308427 -0.010641371847270811 0.999815869212012 0.015968371145390053 -0.36876323071534023 -0.020469809421184888 -0.016183740354210316 0.9996594787478424 0.41288579484042126
0.9997110613773182 0.011508967942182466 0.021103019138070698 301.4001154271762 -0.01184552002738259 0.9998035285333011 0.01589301694586415 -0.3786843032913761 -0.02091596077441435 -0.016138401075275807 0.9996509763890679 0.3979395440695023
0.999703703563455 0.011974930342018637 0.021192124122315144 302.98875932657296 -0.012338306703826131 0.9997776551446276 0.017099896525783108 -0.3939727395342535 -0.02098264209279015 -0.017356304814503905 0.9996291749513876 0.3877078679519091
0.9996889001358996 0.012682141078690971 0.021477109738870608 304.575519890793 -0.013051197462706821 0.9997680600457545 0.017131618637421367 -0.4172766395399254 -0.02125486273455434 -0.01740659099332167 0.9996225494656102 0.3787179571598229
0.9996971159994511 0.014333157433980897 0.0200059206324705 306.17404701470036 -0.01459537601599865 0.9998086678705105 0.013023158217062765 -0.40263499858185003 -0.01981542988006069 -0.013311207644979332 0.9997150396436479 0.36179972084332
0.9997122740143464 0.014368790434715084 0.01920695307714658 307.77097991401666 -0.014592685104560684 0.9998266015410161 0.011568076433933072 -0.45047734120163746 -0.019037403355069277 -0.011845029015811873 0.9997486046807522 0.35249689729990363
0.9997515533676579 0.013566531718847356 0.017685608727904117 309.39126608624775 -0.01373955510634153 0.9998585692887313 0.009698765146711313 -0.46033333789074854 -0.017551528834686 -0.009939347916878968 0.9997965559045262 0.34035390892560463
0.9997742919959535 0.011720795949531222 0.01771970672159833 310.98584949286214 -0.011903483720719692 0.9998767193285322 0.010239786136544778 -0.4970163568390753 -0.0175975037803822 -0.010448401175350508 0.9997905574536992 0.34268522692532494
0.9997908423029895 0.009337062399942782 0.01819590373732942 312.60564613701894 -0.009537613192933548 0.9998943813066614 0.010966319617381329 -0.49843523044224847 -0.018091588699187363 -0.011137571418767981 0.9997742989901427 0.32617221541352026
0.9997431555100016 0.009131293876226458 0.020742287314826992 314.2175869082491 -0.009396094943797713 0.9998751421778427 0.012704859489431987 -0.5058129611575093 -0.020623685672352128 -0.012896492817237568 0.9997041282611085 0.2902312636069247
0.9996732292243993 0.009254267712517888 0.023828413735845454 315.8545637050158 -0.009544823188896932 0.9998811280239859 0.012108929423117008 -0.5187302167943241 -0.023713521930625883 -0.01233241057483825 0.9996427264413319 0.2751438306427783
0.9996580910834982 0.008912726339481683 0.024581786763654863 317.4835606554846 -0.009195615905623612 0.9998925158827385 0.011419165022173827 -0.5245533034777287 -0.024477368719135847 -0.011641305377186256 0.9996326017241047 0.2515548527530952
0.9996751703118569 0.00970048453098892 0.023568081420088968 319.1155268317372 -0.009947040905489351 0.9998967871916115 0.010366838530524964 -0.5200897951089419 -0.023465085535416652 -0.010597903743547594 0.9996684821464854 0.24166892721020747
0.9996584167393279 0.010283061341814122 0.02402724477880848 320.7274995012468 -0.010516507139658867 0.9998985222538821 0.009609800834796678 -0.533743935794074 -0.023925988376696065 -0.009859200978955788 0.999665115544328 0.22638623649647838
0.9996484184110837 0.010627358672070476 0.024291949610398145 322.35076468226003 -0.01085043242145408 0.9998999989598583 0.009069740698757916 -0.5387163167551942 -0.024193133002701664 -0.009330130102544982 0.9996637639665564 0.20588270121842517
0.9996346541754192 0.01117543394654875 0.024610319942988238 323.967563182601 -0.011400441586233868 0.9998943150599819 0.009021565405645412 -0.5506236822684243 -0.02450689909451598 -0.00929883792932184 0.9996564127288612 0.2037034688978945
0.9996428973653024 0.011488702058602428 0.024126489013368772 325.6142652353597 -0.011727964512169776 0.9998832101338055 0.009799027549577623 -0.576787543068032 -0.024011093175964022 -0.010078482897974236 0.999660888295111 0.18419130548431464
0.9996499848437502 0.012096946027319594 0.023528104443450982 327.21175570526856 -0.012345577165882624 0.999869172931562 0.0104510164862249 -0.5823803672602996 -0.023398600948156253 -0.010737826501030076 0.9996685473474209 0.16491954635466935
0.9996209142621367 0.012716939042946596 0.024419402759033725 328.8622093794382 -0.01296725044636037 0.9998647122573527 0.01011966394613578 -0.6013503336848128 -0.024287407963619542 -0.010432480237188766 0.9996505815386242 0.1471657806010233
0.9995799661145041 0.012698457001037123 0.026050729976711873 330.4771253119395 -0.01292807697365725 0.9998788845826219 0.008664928826885816 -0.6245527169729833 -0.025937543605552487 -0.008998075105522006 0.9996230681992615 0.13444716576233542
0.9996121550272954 0.012709611748429874 0.024779130147982248 332.08928897761643 -0.012941887984024292 0.9998735926886412 0.009236134435924824 -0.6236220052801342 -0.02465861020202552 -0.00955324097433337 0.9996502831139452 0.10934224369149798
0.9996044409863464 0.01229816612595706 0.025292620866815912 333.7480256671678 -0.01255401126873836 0.9998713738278621 0.009981613128545687 -0.6685953822131905 -0.025166612037350593 -0.010295188658879819 0.9996302570095803 0.1134129008923494
0.9996479719387404 0.01220139666867442 0.023559671434403098 335.32820999508095 -0.01248300755565164 0.9998519450577976 0.011843246451214835 -0.6680192042586351 -0.023411679160814432 -0.012133172852651917 0.9996522792428368 0.07988541816870441
0.9997211960694369 0.011981111409751954 0.020346574622813647 336.9455401381722 -0.01225703991780185 0.9998338611082523 0.013491299189372004 -0.6862724177347962 -0.020181553506804794 -0.013736926539471965 0.9997019564586743 0.07459568686543704
0.9997219901058028 0.011190927777136105 0.02075344873461211 338.537594726699 -0.011484943128241401 0.9998345955065167 0.014102400847422713 -0.677393979135942 -0.020592197071568397 -0.014336832418887089 0.9996851587654778 0.038791303892040635
0.9996444279209844 0.010529358861796135 0.02449796580304941 340.1245438056154 -0.010890133503003526 0.9998335207824075 0.01464020874653153 -0.6706698133699829 -0.024339735389166072 -0.014901789215217525 0.9995926740224593 0.037675835431156365
0.9995872465871297 0.009707312278716263 0.0270389450364511 341.7383740275763 -0.010132572537688133 0.9998264185419647 0.01563533687889085 -0.6910931582069687 -0.026882474479281618 -0.01590285741215711 0.9995120968212438 0.013121051116605813
0.9996170137967977 0.008246344094405476 0.026416349805555895 343.3503097349429 -0.008667179055595414 0.9998367176694327 0.015856166221165802 -0.692401010925485 -0.026281281079716744 -0.01607904876202741 0.9995252665419306 -0.006821395201137617
0.9996545436588983 0.006734251959194924 0.02540557404724475 344.95236604648346 -0.007139400668134939 0.9998482508462178 0.015890381929295087 -0.688011436107947 -0.025294708937242012 -0.016066273068422336 0.9995509254507602 -0.017609140751790892
0.9996458033185832 0.004616060500566757 0.026209919744240202 346.5449253594958 -0.005023835761710385 0.9998670361640201 0.015513576854407293 -0.711029516615218 -0.026134823163430146 -0.015639756329091228 0.9995360769077736 -0.04513688158386121
0.9996019500762563 0.00359455586606432 0.02798250474620438 348.1532802128971 -0.003931233844703125 0.9999204370760978 0.011986030118587964 -0.7074455928851587 -0.027937193921435077 -0.012091264849931114 0.9995365498620473 -0.024517960490429133
0.9996254270985394 0.00349521056825823 0.027143857521476644 349.76066581897504 -0.0038278564222687106 0.999918096046228 0.01221264567965464 -0.6936844972266931 -0.027098948563979087 -0.012311973942866632 0.99955693298799 -0.0628835547762723
0.9996497147799105 0.002776750892727873 0.026319904918584523 351.35662047553063 -0.0030961555587245477 0.9999219685423963 0.012102505817184682 -0.7090406307769765 -0.026284245494207627 -0.012179757008189651 0.9995803079082849 -0.08335692156448032
0.9996495040055351 0.0030752454793149153 0.026294714425707553 352.94961556133836 -0.0033892284634581145 0.9999233927022482 0.011904698956626963 -0.71720674881553 -0.026256090187041274 -0.011989645201897466 0.999583346267845 -0.10444029890251083
0.9996445659683243 0.002991233543874017 0.02649139958338332 354.5406241566853 -0.0033060983088967137 0.999924323899322 0.01184973368713107 -0.724529018362998 -0.026453949496670424 -0.0119331050598753 0.9995788060776687 -0.11891883664457606
0.9996583401912005 0.002787287000004419 0.025989111515282853 356.13623272996244 -0.0030838534506466672 0.9999305120195697 0.01137809211494417 -0.7377129901851456 -0.02595559157617364 -0.01145435128939332 0.9995974715366531 -0.13607986770824518
0.9996764128517767 0.003287726321556558 0.025224203524366225 357.7443881486031 -0.0035684061771896394 0.999932131662081 0.011090471003583761 -0.6941918814312983 -0.025186029166160754 -0.011176892473370297 0.9996202984180944 -0.15999665569644847
0.9996711838156297 0.0035377564410275356 0.02539701809310747 359.34281714429073 -0.0038124167565857826 0.9999346866898872 0.010774406381389953 -0.7061609860396367 -0.025357242104214802 -0.010867687599540245 0.9996193793835267 -0.18417750686993928
0.9996861247084539 0.003928470606172195 0.024743063352988256 360.9546288565369 -0.004201384987915874 0.9999308078417657 0.010987624542967776 -0.711414433420185 -0.024698186766984827 -0.011088130934037248 0.9996334592853586 -0.21497623379759784
0.9996916308077579 0.00363718266432582 0.02456449053393441 362.52348678138594 -0.0039046280559468438 0.9999335318720071 0.010848304831567384 -0.7080115637859105 -0.02452340051196282 -0.010940874747488116 0.9996393850219636 -0.21013002039947676
0.9996815732080786 0.003912232746844088 0.02492883116304378 364.09689635530964 -0.004158936691035382 0.9999428172594457 0.009852180309087808 -0.6859730850121808 -0.024888861641726035 -0.009952720541507162 0.9996406794043555 -0.24733342074744794
0.9996384419425758 0.003972646155314245 0.026593297522950213 365.6835590690767 -0.004195078038402268 0.999956641332129 0.008313649981772003 -0.7156568260695219 -0.02655911728335861 -0.008422205073041715 0.9996117645120212 -0.2512559543778038
0.9996468071366384 0.0036802907968080992 0.026319506856613963 367.2742787794921 -0.0039042022063500367 0.9999565824624789 0.008461110748104003 -0.7092562643329468 -0.02628722478042046 -0.008560879020911297 0.9996177735333306 -0.2738807763977866
0.9996630468931907 0.004805084453511995 0.025508897263837937 368.875062264545 -0.005038428841468547 0.9999459807873987 0.009091190347628248 -0.7039035703110148 -0.02546383535589011 -0.009216651806484198 0.9996332559586272 -0.29942516498790817
0.9996508549448292 0.004873435841024172 0.025969555852483443 370.46873595653915 -0.005117691348190187 0.9999432169285228 0.009347307307544562 -0.7103020398535576 -0.02592252771888759 -0.00947694791272157 0.9996190324393204 -0.3307789644751495
0.9996337747451278 0.00481750044480573 0.026629083316389888 372.0985008126168 -0.0051095592393723376 0.9999274238310473 0.010910521297564693 -0.7158524757104581 -0.02657458923833598 -0.01104258846781698 0.9995858404593095 -0.3528946598283528
0.999628022734769 0.0050362086310227865 0.02680396922100744 373.6948921754531 -0.005331261477073496 0.9999258594738936 0.01094774892196708 -0.7281981638106994 -0.02674684681301657 -0.011086575576803273 0.9995807591323179 -0.36539644947688105
0.9996408490668749 0.005548080514602724 0.026218155531255092 375.28789110267905 -0.00584056256210165 0.9999214209627881 0.011092327470683068 -0.7216833470587899 -0.026154554207934284 -0.01124147242856465 0.9995947021627426 -0.38683806895065204
0.9996417860738718 0.006326070360445898 0.02600539114941908 376.9210106460647 -0.006630605558712863 0.9999102575233599 0.011640960849207531 -0.7092520901859999 -0.025929415823816054 -0.011809222386029671 0.9995940214215334 -0.4129881929068705
0.9996254680080886 0.006566655203490718 0.026566948433125574 378.4992328180946 -0.00688770859209535 0.9999041396505496 0.012011285528396492 -0.7087693886138356 -0.026485527745549284 -0.012189772316690717 0.9995748727688721 -0.44628457391404003
0.999622629590532 0.007484395320743466 0.026430706331704766 380.13200488240363 -0.007806976391143819 0.999896039537503 0.012122756982004195 -0.7214577284252778 -0.026337227077619773 -0.012324526112570889 0.9995771388572081 -0.4753825426786309
0.9996191906971615 0.006831268459828308 0.026735881529913165 381.7452263962394 -0.0071748194283429035 0.9998926543591269 0.012775043046130783 -0.7163462323583311 -0.02664574180094204 -0.012962003313129349 0.9995608990521728 -0.5006021123243268
0.9996357652619122 0.00712570639098537 0.026030004180960634 383.36094554208637 -0.007499656520433466 0.999869669052249 0.01429685494861206 -0.7234255691274994 -0.02592473647516745 -0.014486863627977025 0.9995589221356176 -0.5121191933597175
0.9996353057663492 0.008043325239836113 0.025779068728405234 385.00333408173543 -0.008418818977789174 0.9998595637879424 0.014490555158617217 -0.7165390984617073 -0.0256588961655961 -0.0147022998497489 0.9995626360697419 -0.544566516898198
0.9996323184311673 0.008063195804025362 0.025888468887815624 386.57961547319263 -0.008476817505096735 0.9998375379474473 0.015907271173022708 -0.7332695958205298 -0.025755999551846855 -0.01612087418885035 0.9995382663522555 -0.5559167361815954
0.9996092329048936 0.008205559717150477 0.026721719275124813 388.2157634241888 -0.008649846805221401 0.9998255654537952 0.016553513682748763 -0.7426024961174456 -0.02658122723909678 -0.016778183892395108 0.9995058433564741 -0.5862168200762644
0.999599002687886 0.008138912487310928 0.02712179803972175 389.8005493629675 -0.00862379982708867 0.9998042086396274 0.017809392550866096 -0.7472841183040113 -0.026971538738564133 -0.018036143989568102 0.9994734781914234 -0.610787945432033
0.9996036586917687 0.008022037455622511 0.02698467055738407 391.4637285463667 -0.008544193931093763 0.9997774062394178 0.019290793743381628 -0.7666224409175287 -0.026823912468128545 -0.01951371026336152 0.9994496949980323 -0.6234375814092459
0.9995734281211434 0.008957523105860211 0.02779792391444814 393.1060511707017 -0.009541214607113222 0.9997352779214855 0.02093655423108454 -0.7523213732912403 -0.027603025521969086 -0.021192849243509355 0.9993942846159244 -0.627805205372848
