1.0 8.809142651444726e-20 8.673617379884037e-19 -5.551115123125783e-17 -8.809142651444726e-20 1.0 1.7347234759768075e-18 0.0 -8.673617379884037e-19 -1.7347234759768075e-18 1.0 -5.204170427930421e-18
0.9999993011580781 -0.0003480319849955573 0.0011298482609536818 1.3160940844717768 0.0003481171165631284 0.9999999365833229 -7.515200288644408e-05 -0.058402083065748844 -0.0011298220340017183 7.554526988583102e-05 0.9999993588973364 0.018140396604628333
0.9999976844684006 0.0012037922336848642 0.001783799903291163 2.5652097675998258 -0.0012028053760217308 0.9999991230587825 -0.0005542029350592417 -0.11574037075546209 -0.001784465484192614 0.0005520560876714074 0.9999982554569841 0.031373844761168695
0.9999989205062947 -0.0008143810617264833 0.0012230166522036784 3.936050711915015 0.0008160670801577065 0.9999987165987572 -0.0013787078586180548 -0.03743346294163689 -0.0012218922890128746 0.001379704433939948 0.9999983016960124 0.052805713118380226
0.9999993366279759 -0.0002381571831355338 0.0011269537542896392 5.251007226956332 0.00024060863758084645 0.9999976043081015 -0.0021756574963037686 -0.02952766410463019 -0.0011264329059948726 0.0021759272078408875 0.999996998240342 0.060309217186419226
0.9999988248872896 -0.0005530277966087346 0.0014298196725683928 6.574200857588134 0.0005564372729074613 0.999997000469041 -0.002385252708186297 -0.03953570113014488 -0.001428496272730456 0.002386045510204876 0.9999961330851346 0.06604930502435703
0.9999971299234813 -0.0004059484109470152 0.002361218051674439 7.911187047938847 0.0004140211524698675 0.9999940681096771 -0.003419405203254878 -0.03134544937923979 -0.002359815943079282 0.0034203729835192835 0.9999913661214123 0.09589219972492467
0.9999966978367072 -0.00022413969433779125 0.002560093177726145 9.228355298211282 0.00023333640013733045 0.9999935193727523 -0.003592598867289376 -0.014863709940997847 -0.002559271342704548 0.0035931843668673778 0.999990269530809 0.10399553323067501
0.9999977417625042 -0.0008560987351370493 0.0019451387733331075 10.564441214228783 0.000862631269853478 0.9999939829919235 -0.0033600367915931455 -0.020811777476996814 -0.0019422505461701017 0.0033617071413621575 0.9999924632655546 0.11631360482218048
0.9999996421411314 -0.0006123637622253822 -0.0005837193091235816 11.87863905127543 0.0006118611475033 0.9999994422852996 -0.0008608455295104117 0.002618772381913382 0.000584246134181888 0.0008604880662829043 0.9999994591082249 0.12756794260173682
0.9999986682300985 -0.0007485105744145539 -0.0014502654754216025 13.22374922666057 0.0007521080775202854 0.999996637924684 0.0024816270405326646 -0.004914196907306682 0.0014484030754382542 -0.002482714491955079 0.9999958691201092 0.1529598869858246
0.999998647444167 -0.0005715093890673581 -0.0015422343709045642 14.563926836233122 0.0005799107365975554 0.9999849664289993 0.005452579163174702 0.01761311984693548 0.0015390949854282622 -0.005453466146526987 0.9999839453179308 0.16038967283856467
0.999999585934301 -0.00012181752959020386 -0.000901826876902143 15.909800925191679 0.00012698604612715602 0.9999835562910583 0.0057333255648221795 0.03449468724255004 0.0009011136279668202 -0.005733437710278111 0.9999831577012944 0.1825521965945837
0.999998541268728 -6.377045211238358e-05 0.0017068666455148601 17.260174782759307 5.6476408034050144e-05 0.9999908688411953 0.004273060337359075 0.020439347219031206 -0.0017071235548340785 -0.004272957706415202 0.9999894137247692 0.20505228345460402
0.999992658383972 0.00021917841549845522 0.003825590017116115 18.617292814944697 -0.00021795266516190195 0.9999999247848923 -0.00032082213993497286 0.0321835832198898 -0.0038256600466622377 0.00031998598704196087 0.9999926309399363 0.22264688663736826
0.9999981562654812 -0.0002651987269689211 0.0019018767765789607 19.960117166535582 0.00026976212824957356 0.9999970846537144 -0.0023995650576465297 0.020776654150393804 -0.0019012348703509978 0.0024000736878125213 0.9999953124651438 0.25211660631354055
0.9999998421206462 7.260326525911948e-05 -0.0005572140061892968 21.307480309881946 -7.428620364077803e-05 0.9999954344727823 -0.0030208467606474905 0.030679892297372648 0.000556992138874915 0.003020887677031291 0.9999952819875702 0.24215297986654077
0.9999986886896953 0.0003293685766556167 -0.0015856024818371114 22.66058473062336 -0.00033110736181708115 0.9999993440594953 -0.001096470927028908 0.03859484989408626 0.0015852402987076397 0.0010969944938699345 0.9999981418064114 0.29005767143832134
0.9999993944156572 0.0009656370992200342 -0.0005279330556768492 24.028620624806777 -0.0009649595540315532 0.9999987124789 0.0012821441420643497 0.042263762545231294 0.0005291704619020258 -0.001281633931571968 0.9999990386960818 0.2793148072306742
0.9999917777077458 0.0017711143806929724 0.003647968030678156 25.42452839596284 -0.001775872372375121 0.9999975762372876 0.0013014595143284414 0.05241599132703483 -0.00364565415520755 -0.0013079271389889466 0.9999924992380591 0.29352386755476556
0.9999876362967518 0.0019427896219718346 0.004577425271907503 26.794218806988972 -0.0019414319640010857 0.9999980701115735 -0.000301023350545662 0.0440891369715326 -0.00457800126302886 0.0002921328690465775 0.9999894782260574 0.3104095692219046
0.9999908250159333 0.0019549140688052305 0.0038115869315134467 28.161313397132172 -0.0019385296381275081 0.9999888865156533 -0.0042975513988495456 0.046255801840055503 -0.0038199459151927726 0.004290123094648898 0.9999835012924152 0.3321283949135641
0.9999975400146667 0.0018567077598795592 0.001213507688323758 29.51956657080661 -0.0018510649962419075 0.9999875466669467 -0.004634659577679032 0.056758385575441134 -0.001222097784510629 0.00463240189487992 0.9999885235989908 0.336708888477615
0.9999964903901108 0.0025548273571180126 -0.0007014731899616933 30.910535833824106 -0.0025579905060007595 0.999986394979884 -0.004546046601912087 0.05611346627341833 0.0006898492821795346 0.0045478250088221124 0.999989420641867 0.37508731169663234
0.9999936111397528 0.0029746889424523567 -0.0019821466576559065 32.29597309188856 -0.0029787577419211684 0.9999934561919662 -0.0020529431460433647 0.06392746777729352 0.001976026819592666 0.0020588343647786247 0.9999959282512437 0.3669945133814197
0.999986191181074 0.00347576234501525 -0.003941639670162643 33.67686345224357 -0.0034765329164497334 0.9999939390447118 -0.0001886603351250483 0.06246611304411295 0.0039409600415720135 0.0002023609700067465 0.9999922139116826 0.40502578004029716
0.9999853696423561 0.0037450281887286166 -0.0039032377721896824 35.068612969628894 -0.003743973602985189 0.9999929528155964 0.00027745414837973824 0.0744770706732195 0.003904249338960093 -0.00026283646994106476 0.9999923438477363 0.41306673150100925
0.9999923477114239 0.0032319600117400593 -0.0022043033088103257 36.462330336481344 -0.003232049829840915 0.9999947762219166 -3.7185701447409865e-05 0.07138200283083285 0.0022041716113189256 4.430983502584966e-05 0.9999975698291202 0.4472226887223646
0.9999944586778227 0.003107426278779168 -0.0011943682724119059 37.86264013562686 -0.00310593360634531 0.9999943958367714 0.0012495885255985352 0.08248214778092433 0.0011982445831992582 -0.001245871972670289 0.9999985060053571 0.45803992835562873
0.9999964653336042 0.002562946706121949 -0.0007075482168548355 39.259870019882975 -0.002560621515512011 0.999991382181636 0.003267840252427148 0.07648981938759794 0.0007159174197439099 -0.0032660169385146805 0.9999944102821803 0.4745127637583569
0.9999949114117923 0.0030943979246997066 -0.000775791212296264 40.65711443506017 -0.0030905793835824653 0.9999833366666478 0.004875931512174998 0.08968730217751346 0.000790866357380934 -0.004873509056240716 0.9999878116456637 0.48956587222199555
0.9999950134247639 0.0031351113621151143 -0.00037973984964171975 42.082816097836655 -0.0031318782771386283 0.9999611900948305 0.008234661048707334 0.10087195682953796 0.0004055416913911353 -0.008233430686964414 0.9999660225002945 0.516554714788955
0.9999959768082537 0.0028176047311998962 -0.00032782752380947777 43.47199726625368 -0.0028144016911114344 0.9999519342550198 0.009391928596701312 0.10116889922433916 0.00035427450898447806 -0.009390968172834298 0.9999558411281716 0.5355997267271876
0.9999970844576236 0.0023764942635764964 -0.00042819536146366746 44.89890235033086 -0.0023727283123725737 0.9999602844810749 0.008590670572399931 0.10870801148223397 0.00044859403479826943 -0.008589629534678464 0.999963007829714 0.5547962680398213
0.9999983769999465 0.001490903110670946 -0.0010115361523167562 46.294826091377004 -0.0014826936330480458 0.9999663488289774 0.008068632426530371 0.09622309824192354 0.0010235316621242734 -0.008067119532926874 0.9999669364360894 0.5805032326619635
0.9999995756542004 0.0006829275338570021 -0.0006183052665338412 47.729721072354835 -0.0006782056006523687 0.9999708503225944 0.007605165499218068 0.11006076062158231 0.0006234810200537391 -0.007604742933903356 0.9999708891544427 0.601579207784075
0.9999999204735319 -0.0003807970688537111 0.00011851802497722346 49.127078194598575 0.000379860190020134 0.9999694523428794 0.007807053689953756 0.11137293129018068 -0.0001214873076907518 -0.007807008048806861 0.9999695174684877 0.6199282503943899
0.99999898959665 -0.0014178788225079157 0.0001021044738293613 50.55386772966296 0.0014169439630111087 0.9999616885745909 0.00863791947510872 0.11800420105814302 -0.00011434808515571361 -0.008637766071008158 0.9999626872647889 0.6400316936738746
0.9999967890679077 -0.0025092403323099884 0.00035435410152009266 52.00477785440793 0.0025060886786712486 0.9999596135455947 0.008630805135066795 0.12691841985942418 -0.00037599655475954605 -0.008629889379335544 0.9999626911219694 0.6521404123049841
0.9999925845108876 -0.003652261693095641 0.001221436760792119 53.41409138060499 0.003641177856034924 0.9999532579846568 0.008956766698485578 0.1372913543947431 -0.0012540921242831789 -0.008952252811193698 0.9999591413765606 0.6775677097274819
0.999988306276998 -0.004418508718097036 0.0019657288646246734 54.86767036204731 0.004403179222386317 0.9999603860253927 0.007735527951163391 0.14905118927071365 -0.001999830491982644 -0.007726782037548694 0.9999681482514069 0.6976871526762781
0.999984096966505 -0.005012318950665835 0.0025850479338943313 56.26831961105845 0.00499946617977485 0.9999752278843348 0.0049546902617808725 0.1485836608226735 -0.002609818384681716 -0.00494168760745708 0.9999843841638676 0.7027559898858435
0.9999835835022659 -0.005321338247698895 0.0021251082843811225 57.69718408133977 0.005314221954983049 0.999980300203959 0.003340396535346236 0.17065136617039187 -0.0021428418000273737 -0.003329048400632508 0.9999921628021724 0.7248863175237855
0.9999837835559614 -0.0052761708268369584 0.002143512656920191 59.14416649978663 0.005272096840865237 0.9999842938814214 0.0019018373683494085 0.18524940300951104 -0.0021535134094965 -0.0018905057210032504 0.9999958941756282 0.7390220406915379
0.9999837662794313 -0.005047091154563812 0.0026446263405450633 60.54726901872273 0.005043051409015665 0.9999861102410298 0.0015319782964355966 0.18699749642752306 -0.002652321641431551 -0.0015186164401350094 0.9999953294861021 0.7645266886416869
0.9999838517026701 -0.0044354053175272795 0.0035529584238224747 62.003893396771126 0.004436642529258734 0.9999901001116135 -0.0003404142075599355 0.20406913048929315 -0.003551413374944264 0.00035617191689791536 0.9999936302820163 0.7789874768024385
0.999986784199761 -0.004081524444561288 0.003126113246388091 63.40473437156952 0.004090296480010792 0.9999877011613165 -0.0028048174291705483 0.21078405096234556 -0.0031146268679258767 0.0028175670912715138 0.9999911801686852 0.7921607115135606
0.9999910156282527 -0.003725415017902643 0.0020223614217412043 64.81949208494355 0.003732466363263988 0.9999869295989464 -0.003494184614287917 0.2174920374543544 -0.0020093177008289544 0.0035017016172154006 0.999991850330872 0.8151360485586241
0.9999937618193961 -0.002913896852670051 0.001996378577498556 66.27537119986711 0.002920427159674573 0.9999903693932407 -0.003276007627461104 0.22667917615676644 -0.0019868134028465513 0.003281817469352584 0.9999926410962233 0.8381090124156981
0.999995735787241 -0.002281914352434732 0.0018224363425879012 67.6380844864174 0.0022844255069515273 0.9999964426019667 -0.0013770197945389136 0.239296566713635 -0.0018192876182236953 0.0013811771426993395 0.9999973912677286 0.8592109922875498
0.9999939837812022 -0.0017056587549609291 0.003020451888768209 69.11031007717979 0.0017017749047310736 0.9999977225653729 0.0012879542853115775 0.25444728151827295 -0.0030226418203892196 -0.0012828064074715422 0.9999946090075419 0.8765984621489329
0.999990975660537 -0.0008372763853234632 0.004165040905189078 70.4664055456588 0.0008185133472616479 0.9999895194620095 0.004504553478400769 0.26908362886099607 -0.00416876880957353 -0.004501103686208262 0.9999811805390231 0.8949588500927858
0.9999876771715858 3.1949948893073635e-05 0.004964321119489514 71.92222584894499 -7.517979341221969e-05 0.9999620803823582 0.008708165443121595 0.288391157882397 -0.0049638546488899515 -0.008708431350529231 0.9999497604232114 0.9164419948201993
0.9999902991838091 0.00042875181172529375 0.0043838008805190875 73.28345978361283 -0.00048265540676715785 0.9999242057397206 0.012302431448598708 0.2925669424419526 -0.004378193923801923 -0.012304427970169694 0.9999147125981758 0.9215047462948497
0.9999919683400456 0.00109362722152826 0.0038558053506002363 74.68538368824406 -0.0011554935290646147 0.9998700499740543 0.01607942783766583 0.3045226917159964 -0.0038377193886050126 -0.016083754051301125 0.9998632830369918 0.9379388439685207
0.999990679567909 0.0019026790403039247 0.0038756405639938825 76.12570646918728 -0.0019725572624986346 0.9998341125572238 0.018106804929506354 0.318507874767215 -0.0038405462056653574 -0.01811428108920196 0.9998285468146344 0.9572595435265998
0.9999885801808278 0.0022106536762712325 0.004237041214765296 77.5010534420958 -0.002286461368048648 0.9998358920445861 0.017971117767663067 0.3196486935262521 -0.00419661796503475 -0.017980600371800225 0.999829528673726 0.9718892100928641
0.9999887118556887 0.0022676430634569287 0.004175398919514859 78.90891674386006 -0.002338212975794364 0.999853184162402 0.016974771880216805 0.32294384025097767 -0.004136293181117247 -0.0169843432384749 0.9998471999078046 0.9970532797894024
0.9999931193759226 0.0020968035588502503 0.003060165950977742 80.28817730617442 -0.002145722250591221 0.999868552774772 0.01607087577284344 0.3253515051076092 -0.0030260662311404106 -0.016077331461360166 0.9998661722131849 1.009204134533166
0.9999936037628819 0.0018370867804671238 0.003068801962543567 81.6646067986679 -0.0018852773841224744 0.9998737893099116 0.015775017598189486 0.32837562801105835 -0.00303943457063886 -0.015780702240372722 0.999870857298227 1.0361587823103062
0.9999932959262652 0.00140906916681324 0.003379737653764881 83.07542355395013 -0.0014600056539294973 0.9998846759643091 0.015116320823503308 0.33343564750599036 -0.003358047947191017 -0.015121153918657204 0.9998800299126654 1.0455948633134722
0.9999959691509631 0.001196283450158762 0.002574992763654741 84.42951246707882 -0.001234741650009035 0.9998869433767476 0.014985855923587303 0.3473965905148403 -0.0025567743122401317 -0.014988974968678143 0.999884390084426 1.0638359833074569
0.9999959346643438 0.00036054899466407054 0.002828543654942061 85.84353798079246 -0.0004044215923558123 0.9998793910070595 0.015525459172831414 0.3481599048234499 -0.0028226048184438884 -0.015526539980757639 0.999875471975518 1.0772005172393133
0.9999934278987532 -0.0008218855369601763 0.00353109946972883 87.19226738552042 0.0007711286124589478 0.9998967124247562 0.014351649481059551 0.3599687246451535 -0.003542530164166663 -0.014348832228731559 0.9998907747817797 1.1013963228360832
0.9999866199804565 -0.001979589409137875 0.004779234858565652 88.5797570130004 0.001916378647315369 0.9999111101079713 0.013194672240138858 0.36237004978561244 -0.0048049300663187185 -0.013185336871532954 0.9999015249206504 1.1224820715840613
0.9999823381092956 -0.0030613751152367284 0.005094256753461509 89.95609366254335 0.003004140643008747 0.9999327084582887 0.011205074487388406 0.36372329590573244 -0.00512821688927076 -0.01118957272082848 0.9999242445574874 1.1387224173704424
0.9999776241360483 -0.003972599691816327 0.005382348828579028 91.32724479516219 0.003922315639173694 0.9999488662205662 0.00932096476931163 0.37391228220659073 -0.00541910207051119 -0.00929964493368623 0.9999420732906765 1.1546054656109377
0.9999795907572606 -0.004353945088876728 0.004675599544931983 92.70921482227608 0.004313378695398184 0.9999532720166198 0.008651505504028769 0.3864790608698764 -0.00471304924349481 -0.008631161301887551 0.9999516439415504 1.1702077529740442
0.9999788783224234 -0.004657174598250142 0.004533611561337286 94.05031397839265 0.004625135872442898 0.9999644384305585 0.007051949547389565 0.39461390935007556 -0.004566292499295172 -0.007030832028920877 0.9999648575694007 1.189324843999937
0.9999807632450554 -0.004731714944308006 0.004010487940664007 95.4302621085687 0.004703898319534915 0.9999650118655881 0.0069172527244365485 0.415519619068805 -0.004043078089262653 -0.006898254731456395 0.9999680332896768 1.2018104029941123
0.9999850646968728 -0.004515163356312777 0.0030795589062130144 96.78659686079196 0.004495986264860111 0.9999706355806516 0.006205971634966196 0.41929690808783426 -0.0031074894524704 -0.006192033292354468 0.9999760008285244 1.2113554244749243
0.9999867352449618 -0.004478038884145941 0.0025448972228341994 98.1142030148721 0.004459000088538245 0.9999623942829469 0.007438234879785813 0.43609425328027335 -0.002578110225170399 -0.007426788516480277 0.9999690976025201 1.2319841805954308
0.9999880266012591 -0.004156375730161749 0.002582865639041819 99.47387861746421 0.004134082890705425 0.9999546689065385 0.008577265920319488 0.4549070760320959 -0.0026183988948204964 -0.008566485440647163 0.9999598788523582 1.242059859284262
0.9999831368737903 -0.004152348833623236 0.004060045223691836 100.79581869465653 0.004117129178025062 0.9999541563408446 0.008644909716199089 0.45758092623707614 -0.004095755777139283 -0.008628048205340908 0.9999543897442424 1.266324586042675
0.9999773716080018 -0.003998949725973048 0.005409683266285319 102.13516868551706 0.00395050863834773 0.9999522717199265 0.008935757587163137 0.4791764426775331 -0.005445158716761824 -0.008914184384863468 0.9999454422933793 1.281036780285577
0.9999832511216437 -0.0037825186811026356 0.004380642488790924 103.49986455461814 0.0037428952354677286 0.9999523296260292 0.009018270939231412 0.4911203305530765 -0.004414545440224139 -0.009001723607408883 0.9999497391172478 1.296997360179645
0.9999918631869051 -0.0036050947926381384 0.0018102075898395902 104.81541924792607 0.003588651387234667 0.9999530034346025 0.00900624801674262 0.49881773724832384 -0.0018425908941265773 -0.00899967853060736 0.9999578044323384 1.3100526210480294
0.9999922959013561 -0.003906878853921166 0.0003800467804564446 106.13029387878552 0.003903807197632631 0.9999621728949004 0.007772584426861501 0.5189860916471083 -0.00041039895012455973 -0.007771040916747377 0.9999697207894707 1.324816487130903
0.9999925571261831 -0.0034389897188736186 0.001749011706904259 107.50084383747995 0.003427551093804647 0.9999729906398978 0.006501529373800365 0.5203960546501082 -0.0017713231598906983 -0.006495486156748542 0.9999773352800806 1.3497717560470306
0.9999894713700139 -0.0030076251945091617 0.0034657379891617573 108.83058407333165 0.0029963302587102756 0.9999901983794635 0.0032596242087404516 0.5257528167987787 -0.003475507747207948 -0.0032492053937575767 0.9999886816910522 1.3574330329264177
0.9999886021679486 -0.0021522266958863903 0.004261860443732223 110.15888108907909 0.002143140662347881 0.9999954235799663 0.002135361146294066 0.5401976112798291 -0.004266436720933121 -0.002126203041392137 0.9999886383246227 1.3804244617055328
0.9999934791619055 -0.0015540536198666484 0.003259839108643071 111.48338847929747 0.0015489062916273072 0.9999975507501402 0.0015809437119819042 0.549371411153965 -0.0032622879957810024 -0.001575884217598852 0.9999934370114463 1.397872394653832
0.9999993670299616 -0.0008240921693512935 0.0007660364041675061 112.80692026690582 0.0008218947377668666 0.999995559624609 0.0028644755375128073 0.5616351759713563 -0.0007683935945380711 -0.002863844123096093 0.9999956039743987 1.4105921361952596
0.9999992354854431 0.0005080995115646722 -0.0011273257806434518 114.15683431672076 -0.000501582510296721 0.9999832062045193 0.005773709718663173 0.55748716441879 0.0011302404676528204 -0.005773139857683069 0.99998269655663 1.4373548227342612
0.9999971685629959 0.0017360912149263082 -0.0016275298106595375 115.4645627036716 -0.0017222464019349215 0.9999626475313513 0.008469793942094534 0.5771420806452922 0.0016421733532584163 -0.008466966953046098 0.9999628061769567 1.4482874146203606
0.999994865270933 0.0032014761200710312 0.00014135919191268016 116.83266568711318 -0.003202689572838546 0.9999484502171136 0.009635335380375054 0.5866376577321358 -0.00011050460874788185 -0.009635738635148371 0.9999535690869283 1.4669323943485264
0.9999881536894547 0.004057563545650225 0.002688616526830599 118.1259938146398 -0.0040818605022450985 0.9999503178550343 0.0090939670362237 0.5928004140312192 -0.0026515836014630303 -0.009104833863872655 0.9999550345414115 1.4849799775759185
0.9999816487486594 0.004968275887107084 0.0034667564988485585 119.4976257435115 -0.00499897732159586 0.9999478612531971 0.008904212536496169 0.5898087009990312 -0.003422337162070487 -0.00892137937017116 0.9999543472571548 1.5063231712122909
0.9999787841523782 0.005997614937088474 0.0025416255030951407 120.82633936495239 -0.0060216565276043224 0.9999361759228684 0.009559483951230815 0.5872895271480711 -0.0024841291824562323 -0.009574585934477402 0.9999510770064645 1.520077140626711
0.9999700295292664 0.0073582464092058104 0.0024075408656159185 122.12783269876171 -0.0073848127924901474 0.9999098019529916 0.011218399990595098 0.5828348282301944 -0.002324775958683916 -0.011235843008449342 0.9999341734577488 1.5364533452948796
0.9999625816853874 0.008476322965829423 0.0017283454729644665 123.49847978293879 -0.008497932718302018 0.9998806206046063 0.012904637881888155 0.5881146709174194 -0.0016187552656829116 -0.012918842375631161 0.9999152379792317 1.5466049506914112
0.9999526267826405 0.009686116498226033 0.0009609046154308034 124.82290483346074 -0.009698417773360227 0.9998584180445419 0.013750802091490879 0.5859655903786513 -0.0008275766976741113 -0.01375946992615533 0.9999049915387765 1.5640686608458423
0.9999416341234553 0.010803991470473135 4.598717007228532e-05 126.14552692445189 -0.01080350417452154 0.9998341178573442 0.014663596624879075 0.5775278773213834 0.00011244583123967312 -0.014663237593792617 0.9998924826296091 1.582065412572576
0.9999323859619476 0.011627508924740787 -0.00015665456203688938 127.48790901210474 -0.011624070305659265 0.9998297451600634 0.014330446004636042 0.5709405938757077 0.000323255279653926 -0.014327656101671757 0.999897301614849 1.602466488890766
0.9999197489970385 0.012653343050341742 0.0006232779074661677 128.82037970321804 -0.012660734948198296 0.9998248081056508 0.01378618464514859 0.5688947520163168 -0.0004487273905584338 -0.013792969446389301 0.9999047717845834 1.6243161632137533
0.9999080246579882 0.013462834758626559 0.0016414337701513518 130.1836637141877 -0.013482437800914585 0.9998299449256237 0.01258193550168198 0.5588923596083766 -0.0014717661174066434 -0.01260290880257143 0.9999194970567429 1.6413104156543161
0.9999023724073338 0.013829639215172362 0.001996680586300205 131.51116683741358 -0.013851165134424494 0.9998413093011148 0.011202742496871063 0.5409315036639929 -0.0018414338447103086 -0.011229305152611379 0.9999352538175584 1.6542253402226514
0.9999027829093827 0.013777468494168858 0.00214618078548822 132.85206692719458 -0.013798625447659274 0.9998530072543709 0.010176532815564826 0.5255306402407637 -0.002005658452235625 -0.010205157827453841 0.9999459145813286 1.6785436641985232
0.999902798668551 0.013633976494488763 0.002916830428174069 134.18579881617782 -0.013657818731129865 0.9998721415117858 0.008316526687452955 0.513128244328751 -0.002803070157272623 -0.00835555585124335 0.9999611629878983 1.6868758413257283
0.9999115997316278 0.013017313789575794 0.0027096612040848167 135.5252655782676 -0.013036276375342918 0.9998898007457363 0.007102243512983914 0.49525010049875023 -0.002616910469022328 -0.007136939565091314 0.999971107519233 1.712003885413928
0.9999266748963722 0.011886702046907002 0.002313254230030251 136.87220896891495 -0.011899977116060235 0.9999123009482129 0.0058121387705162685 0.48568736186315176 -0.0022439641980073317 -0.005839240267239611 0.9999804337574708 1.7282380161579234
0.9999360188466295 0.01082867796617837 0.003270771569192946 138.1969013655367 -0.010837265858365286 0.9999378441802232 0.002619435993237855 0.47340645895985056 -0.003242203242880971 -0.0026547146197591536 0.9999912202656679 1.7341495532581859
0.9999463515084519 0.009718900283840206 0.003582887412195081 139.5484147972812 -0.009726076000176026 0.9999507188252912 0.0019908205399690824 0.45521674665243855 -0.0035633622569835777 -0.002025561170721253 0.9999915997404024 1.754044586364372
0.9999579162223062 0.008448114330870272 0.0035770306953926217 140.9155340933741 -0.00845145570013679 0.9999638625631561 0.0009200349569167502 0.4545243463263895 -0.0035691288701673487 -0.0009502273548302932 0.9999931791702793 1.7679433822049015
0.9999684576899901 0.007282565863170526 0.0031698358870833614 142.2270555607311 -0.007283852389469333 0.9999733945741176 0.0003945101827107261 0.45178602286324304 -0.003166878505860327 -0.00041758635564859874 0.9999948982380683 1.7802462218325454
0.9999776466023828 0.006244131401578379 0.002391049685822959 143.57890247769734 -0.006244115348011426 0.9999805052212145 -1.417904442356153e-05 0.44341870179826764 -0.002391091608654798 -7.512625673613385e-07 0.9999971413360913 1.790790150255747
0.9999852818189423 0.005421294884828619 0.00021379256847205684 144.92462990637353 -0.005420957375531451 0.99998410699689 -0.0015488624100854936 0.4335156913045995 -0.000222186010527201 0.0015476806532472161 0.9999987776582391 1.8101850309399685
0.9999902098368582 0.004353526127032981 -0.0007918590136436393 146.23117940402878 -0.004357048242996973 0.9999803741427378 -0.0045019395773867954 0.4424142235050656 0.0007722441611591885 0.004505345670587976 0.9999895526950989 1.8485401377642863
0.9999926977185658 0.003242169918622635 0.0020230777948026385 147.6095469258451 -0.0032134698030265585 0.9998963842181763 -0.014031907897443865 0.43074928295459164 -0.0020683620017012154 0.014025304333100569 0.9998995013085035 1.8506900140219626
0.9999919077860561 0.0017335642453693287 0.003630305415684667 148.9242669811111 -0.0016514520126969863 0.9997454636522994 -0.022500680276351145 0.4209144093859436 -0.0036683877458266903 0.022494502920847027 0.9997402363962803 1.8619970041152272
0.9999993182796343 0.0008827065223721888 0.0007643752102895355 150.24881428912 -0.0008651429577696456 0.9997423799645878 -0.022680944213245548 0.3906252692367041 -0.0007841989093113842 0.022680267457353687 0.9997424620871785 1.8956625703887413
0.9999953335008355 0.0008665952694213956 -0.002929503232960056 151.63245663100224 -0.0009342673087188956 0.9997309108402004 -0.02317828844455999 0.41073399944360717 0.002908628740277128 0.023180917222197672 0.9997270552283702 1.9070614335386828
0.9999846592866862 0.0019361137820223865 -0.0051896680734962635 152.95326570159855 -0.002035044850077992 0.9998150086933462 -0.019126081250024334 0.4143699388767471 0.005151677760513995 0.019136349049581648 0.9998036108963122 1.9348280775938465
0.9999826004555571 0.0027149276790813704 -0.005237170403857936 154.3228118647006 -0.0028145720994544703 0.9998133531694426 -0.019113791041345557 0.416381066724796 0.005184300342250641 0.01912819886378765 0.9998035982322672 1.9575237851076883
0.99999306182071 0.003189429911984597 -0.0019245381986573251 155.64886849099096 -0.0032343828614488025 0.9997109069845876 -0.023825222424118116 0.4184831487702336 0.0018479929510470305 0.023831281813819258 0.999714286648522 1.9710092387241338
0.9999934066667682 0.003594467525476933 0.0005161648961067992 156.9810032615034 -0.0035769068258529025 0.9995212265224576 -0.030733100536739347 0.4168259222122155 -0.000626386901881032 0.030731051629426107 0.9995274934213659 1.9903853592403393
0.9999920529492374 0.0036335993054841006 0.001640425084169512 158.33522708569274 -0.003578526671767097 0.9994682012025021 -0.032411555530310075 0.39614762442231966 -0.001757323313746959 0.03240542764911624 0.9994732613100007 2.0156602796606897
0.9999916386479364 0.0035684710931927805 0.0019971600517087787 159.66833202613046 -0.0034968576807153035 0.9993888645135852 -0.03478030294013474 0.3939336169457909 -0.0021200520219834883 0.03477302834531054 0.9993929867069912 2.0359533924540743
0.9999873346786242 0.0046170150156882835 0.0020034107631935827 161.03596355060142 -0.004546941834146364 0.9994225000431519 -0.03367479365123122 0.3952892010809353 -0.0021577308215022283 0.033665257756937225 0.9994308353347224 2.043927689239294
0.9999814524117173 0.005847590888389399 0.0017030893560077793 162.38257600005647 -0.005791916009994691 0.9995013192492516 -0.031041368010109077 0.3990516596540244 -0.0018837572788681894 0.031030928117087977 0.9995166496655804 2.050673432193604
0.9999773154689516 0.00673263413429741 -0.00020046227246936225 163.72520487741895 -0.0067355998807562475 0.9996003914816574 -0.0274533976761294 0.40206865690752647 1.5548483740927192e-05 0.027454125142335972 0.9996230643452129 2.073308364416853
0.9999714647698752 0.0074579101256523235 -0.0012038365951728774 165.08336054677798 -0.007484923182678116 0.9996777010378037 -0.02425840004453898 0.40014669376452483 0.0010225316325633074 0.024266718449950615 0.9997049968889479 2.0864850290165013
0.9999706627634385 0.007659612580039509 6.282971691737334e-05 166.42281833280148 -0.007655817629716292 0.9996747666474209 -0.024325899466313007 0.39360913669838427 -0.00024913624817084613 0.02432470479879134 0.9997040795493342 2.1031132852751298
0.9999711913348994 0.007590365283693396 -5.343334309168031e-05 167.7528836421037 -0.0075895484559007215 0.9996994916202467 -0.023309337366294584 0.3901078531755032 -0.00012350909920669662 0.023309071390347234 0.9997282990575099 2.115383022838283
0.9999723200177344 0.007070279797856098 -0.002317399820848729 169.1422411798253 -0.0071145302256072325 0.999781058631103 -0.019677862235006192 0.38614617851033073 0.0021777644543345114 0.01969380476319875 0.999803686428456 2.1447192162059117
0.9999645843257646 0.006400123016232748 -0.0054652099298906735 170.52826352877898 -0.006480728734048187 0.9998685698173998 -0.014860795617433383 0.3898852159323782 0.005369380716280974 0.014895687855367167 0.9998746362589858 2.1677283309176474
0.999958081959656 0.006238362117477241 -0.006702026682812596 171.89709521160333 -0.006308273747573862 0.9999253794123758 -0.010461419088347221 0.3938675233146506 0.006636264453107453 0.010503258785138546 0.9999228177959542 2.186375678346768
0.9999630526782909 0.006607730786580377 -0.005498288112277164 173.28104146279045 -0.00663153815259347 0.9999686664654994 -0.004323053196692238 0.3924385150942092 0.005469550259777096 0.004359355578845532 0.9999755397202937 2.2228557550335166
0.999968151935804 0.00734810479328704 -0.0031145577598613826 174.6411990171854 -0.007352737965178757 0.9999718748685335 -0.0014787549916983162 0.3967357680497895 0.0031036041158723307 0.0015016084233000857 0.9999940563891542 2.2487388908346357
0.9999726139687425 0.007299742473209796 -0.0012186354439240757 176.0414726209962 -0.007301930311738664 0.9999717193766592 -0.001800627837817056 0.3973200368036438 0.0012054568606479393 0.0018094769168537548 0.9999976363307288 2.2650744316014175
0.9999791445919283 0.006448501759735382 -0.000356659852287171 177.4671549720435 -0.006449684592140102 0.9999733483127905 -0.003421144949905276 0.3933735024489873 0.0003345890874705738 0.003423373944085205 0.9999940842629927 2.2881315216130216
0.9999875590426562 0.004973600728510542 -0.0003808617903381905 178.8695254001519 -0.004975672740536555 0.9999716725929557 -0.005647715682097342 0.38906712440791646 0.00035276151868032817 0.005649540462735551 0.9999839789975993 2.3033227644055323
0.9999881034977608 0.0028055432624695775 -0.003990211768052159 180.20418152720308 -0.00283264693159161 0.999972846018219 -0.006803185840774162 0.3846296534744181 0.003971016785715595 0.0068144077677797475 0.9999688969525311 2.3263646598952956
0.9999638850064673 0.001305504403237634 -0.008397877173762072 181.61780660116213 -0.0013405041921427658 0.9999904344580106 -0.004163416984869487 0.3942590268913374 0.008392361484309083 0.004174524012648533 0.9999560698440629 2.3583007290389633
0.9999541475706442 0.0008104802289872436 -0.009541796375146058 183.0182762525951 -0.0008102543575034636 0.999999671364727 2.753750465276429e-05 0.4195368028331128 0.009541815557978279 -1.980495989990472e-05 0.999954475645577 2.3808117733410405
0.9999655702819723 0.00046495220042083756 -0.008285051001723134 184.3496312147515 -0.000442678727794614 0.9999962838962799 0.0026900240100829046 0.43471262249290743 0.008286270946196958 -0.0026862637774775935 0.9999620601306451 2.39939112336756
0.999986238212118 0.0007336575086451243 -0.005194721651579486 185.7866389535273 -0.0007051668989209 0.9999847128106323 0.0054842396630781325 0.42871384293394094 0.0051986657924939115 -0.005480501044377394 0.9999714685841196 2.4296599543986277
0.9999958236810202 0.0011226083879674043 -0.0026631505637232404 187.16070121520107 -0.0011086786657068342 0.9999857283901673 0.005226265167658258 0.43837308353750765 0.0026689796053924243 -0.005223290762894279 0.9999827967427601 2.453340523003044
0.9999965574760065 0.0013136244014517473 -0.0022714372251921486 188.61307240741084 -0.001302195772923829 0.9999865235620398 0.005025632345791973 0.4441907801430374 0.00227800840759146 -0.005022657188978932 0.999984791680582 2.477276870986955
0.9999979984067743 0.001139345913632822 -0.0016447107144459097 190.0250699070002 -0.0011334857340140562 0.999993022234815 0.0035595915174998286 0.4390844067921667 0.0016487548440904127 -0.0035577201365141566 0.9999923120878952 2.5015192747875408
0.9999985959545228 0.0012431394529471447 -0.0011236962595430704 191.37594868068558 -0.0012427493708365516 0.9999991673134315 0.00034777355391431004 0.4446815500287113 0.0011241276548818505 -0.00034637659280486603 0.9999993081798964 2.5175715323899333
0.9999982716946744 0.0016473829738312775 -0.00086182190850929 192.83725239377014 -0.0016486197240349546 0.9999976095379932 -0.0014363047395473544 0.4487828534801302 0.0008594537043835975 0.0014377230737711974 0.9999985971448626 2.543768898320155
0.9999979753677462 0.002006634614947925 -0.0001505919343437489 194.20898464189165 -0.0020073060904264315 0.999987406533916 -0.004599727799748374 0.4466419856755684 0.0001413600648470179 0.004600020771098089 0.9999894098570432 2.563406533344402
0.9999966084915087 0.002255578359385734 0.0013020644165327496 195.67536432088554 -0.0022428941575636983 0.9999508041754759 -0.009662228242861058 0.44057379170436034 -0.0013237942733282377 0.009659275080659314 0.9999524718573568 2.5771001118874115
0.9999953532706816 0.002499509059712985 0.0017452482646189275 197.0660914479812 -0.002475391909445077 0.999903267256987 -0.013686802537375458 0.43372865937939403 -0.0017792897289077246 0.013682418765074622 0.9999048082416635 2.598672467262954
0.9999923922628086 0.0028140709142092557 -0.002701188885440159 198.48420707350223 -0.002845057152768509 0.9999294006451339 -0.011536870254133693 0.44287467691468957 0.002668532612224312 0.011544467521416288 0.9999297996376267 2.6192877811606294
0.9999670257341543 0.0030344698648252792 -0.007532558464995562 199.91601317028324 -0.003060827609879397 0.9999892251498049 -0.003490117281025634 0.4581028489414642 0.007521886647092538 0.0035130580598932656 0.9999655392283956 2.643387405330711
0.9999543938467435 0.004410600353831796 -0.00847094039115025 201.34051444896488 -0.0043660449844919146 0.9999765763027897 0.005271100164512235 0.4744694217009234 0.008493990686658123 -0.005233875263101591 0.9999502280973515 2.661640262750719
0.9999741669326462 0.00587614679116044 -0.004139609431937831 202.80417558328153 -0.005824681168037414 0.9999069348084844 0.01233672611320591 0.48971337295968703 0.004211716591956787 -0.012312295512628064 0.999915330826845 2.6886067995720073
0.9999744028677126 0.006781928646742656 -0.002280143239400256 204.23937227936887 -0.006750836124803413 0.9998877207849106 0.013378043024769103 0.4802440942589931 0.0023706161599340823 -0.01336230771188178 0.9999079102155535 2.707012156986693
0.9999785387460787 0.00631510215946177 -0.0017439988453923877 205.70055906509097 -0.006292565489957689 0.9999003256892308 0.012638920291105488 0.47379397210246915 0.0018236410863331162 -0.012627674817078788 0.9999186047683594 2.7358859676995664
0.9999862451483938 0.0049618864129081985 -0.0016997638782408927 207.1378548367694 -0.004946248530202772 0.9999465072226279 0.009083904377774855 0.46833415746458407 0.001744746254858407 -0.009075371975433694 0.9999572958301838 2.755634650784515
0.999990633514591 0.0037407830290623503 -0.0021770221442109884 208.5668906141466 -0.003724447619104467 0.9999652389503491 0.007459851265520306 0.46272317319290157 0.0022048521536495304 -0.007451673187990531 0.9999698051409752 2.781428268018958
0.9999903023192893 0.003329418103620975 -0.0028827491163238906 210.04172989753235 -0.0033075870966648778 0.9999660664687732 0.007544917399622066 0.4676908042633469 0.002907771479047359 -0.007535309287642061 0.9999673814574979 2.7982612536075155
0.9999905783304438 0.0032354886568548 -0.002893935641271803 211.5289306219878 -0.0032088512371227116 0.9999528764086499 0.009162326986361059 0.4720821486365021 0.0029234438736660167 -0.009152954452981178 0.999953837384856 2.826135471674964
0.9999930398220598 0.003030777799132772 -0.002175935056174859 212.96779161555867 -0.0030084604774882574 0.9999435807480119 0.010187467123841429 0.4755577367086999 0.002206688240734949 -0.010180850002639406 0.9999457389379847 2.8454057358229323
0.999993615531995 0.0026613923668238927 -0.0023845095760967336 214.40943378903665 -0.0026372702054017717 0.9999458903383484 0.01006286248099498 0.4870569765744424 0.0024111617764856846 -0.010056509638911897 0.9999465250265986 2.872639489854013
0.9999923345799171 0.0023955399466565213 -0.0030971228214213024 215.8775332413275 -0.002365089255530977 0.9999491967074031 0.009798487486994993 0.4860081193876782 0.003120438145576307 -0.009791087405564225 0.9999471973425378 2.8961199116644467
0.9999905643681487 0.0021594023546820124 -0.0037693707886163525 217.3558707567101 -0.0021252743003169518 0.9999569278628118 0.009034690272266123 0.48922204837722655 0.0037887179652083863 -0.00902659407738941 0.9999520819597018 2.918114589167083
0.9999915634625786 0.0015201618560613727 -0.003816033490301668 218.82574248445817 -0.0014817304740294105 0.9999483621227901 0.01005373377167599 0.4871039643739186 0.003831119741023565 -0.010047994619862301 0.9999421784911612 2.9450375196111116
0.9999898505886546 0.0013855836248942502 -0.00428705932993246 220.30249286397932 -0.0013389024079104202 0.9999399946918482 0.0108726425494726 0.4931356296650533 0.004301867039092181 -0.010866792244491254 0.9999317010507732 2.9724605043857752
0.9999895054483191 0.0012951697317760411 -0.00439448843347854 221.7962815868664 -0.0012502356434994824 0.9999470696113261 0.010212486795944734 0.5010829040583379 0.004407482735282004 -0.010206885474399782 0.999938194882489 2.9968121430234853
0.9999885848812793 0.0008417101496414539 -0.004703363813312213 223.26507067644232 -0.0007884123451510224 0.9999355906262404 0.01132223497927222 0.5044786650143681 0.004712590912693113 -0.011318397544521595 0.9999248398574333 3.0220120165275937
0.9999881974757819 0.0005105777642904365 -0.004831585607566741 224.75702547469152 -0.000457973700850026 0.9999406802041715 0.010882386360914232 0.5097846965899129 0.004836855303393272 -0.010880045182143984 0.999929112211265 3.04620550998431
0.9999885053089083 -2.6327613029611016e-05 -0.004794638350533042 226.22400810118756 7.864941244607558e-05 0.999940451593428 0.01091270275418203 0.5220673296279597 0.004794065532043959 -0.010912954411524055 0.9999289596574782 3.0715238103020823
0.9999887555272787 3.334612419506972e-05 -0.004742120521498308 227.72875436883504 1.9900791623900948e-05 0.999936963679203 0.0112280128239459 0.5266698523697674 0.004742196006377948 -0.011227980942814339 0.9999257192516776 3.1080495434475317
0.9999857451511956 0.00017791483602084534 -0.005336463315628791 229.23595962504373 -0.0001226145143505685 0.9999463131214166 0.0103612663592208 0.5280915656424869 0.005338020240575969 -0.010360464333077631 0.9999320808528519 3.135437582524392
0.9999883404403203 0.00020625236018706326 -0.004824566651858336 230.73165486242772 -0.0001669388441008296 0.9999667938647009 0.008147594698630653 0.5409293549425003 0.004826086907281775 -0.008146694293683868 0.9999551691237206 3.154688918616246
0.9999906900955132 0.0005095320451338793 -0.004284868655421992 232.23931277947102 -0.000480231576143845 0.9999765163930574 0.006836376235897079 0.537808531403382 0.004288251384015469 -0.006834254860659324 0.999967451400578 3.1827110184610605
0.9999924820942657 0.0003273108938712188 -0.003863757565947334 233.75227869599843 -0.00030314240632764986 0.999980396937866 0.00625410622467182 0.5423070784681466 0.0038657288615664607 -0.006252887938124762 0.9999729784013176 3.2084567633612453
0.9999913478966508 0.0005242288236294429 -0.004126659179057692 235.20357649390854 -0.0004952445077346091 0.9999752258587226 0.007021566895954818 0.5417404928961481 0.004130237852374088 -0.007019462439338639 0.9999668335911674 3.233103892659492
0.9999883865099619 0.0008097533068822339 -0.00475090989022561 236.75280354251655 -0.0007702344725412117 0.9999651406113864 0.008314102531697266 0.5505538235644433 0.004757476648430277 -0.008310346661376948 0.9999541512260987 3.262298600993793
0.999990221409185 0.0011274173978684165 -0.004276215151290975 238.2372462968989 -0.0010861638395205935 0.9999529702671176 0.009637297447032745 0.5625897460895463 0.004286879298844881 -0.009632558537577107 0.9999444166961968 3.293741156669499
0.9999961145782887 0.0015592864986243686 -0.0023107258472381048 239.7496825165367 -0.0015361246450689688 0.9999489015375262 0.009991728327446138 0.5693864614980318 0.002326187739779022 -0.00998813994244602 0.9999474115727733 3.3142587846300815
0.9999962166340982 0.002395705343520013 -0.0013517815639883747 241.29625190016188 -0.002384543506725759 0.9999635429283056 0.008199193041721724 0.5606489871691349 0.001371375132573586 -0.008195938639223427 0.999965472363955 3.3350701795823987
0.9999911125664807 0.0027441477208019235 -0.003200693883924253 242.76658480025904 -0.002712142664242968 0.9999467074516744 0.009961251865318887 0.5728703778456307 0.0032278584573933173 -0.00995248259691739 0.9999452630118996 3.364649837454095
0.9999837530065103 0.003546993677191185 -0.004462349030332735 244.31549302112958 -0.0035010232628654918 0.9999411556727679 0.010267815148427494 0.5679282584331 0.00449850632181621 -0.010252025539539404 0.9999373277426987 3.3933320888178606
0.9999836721968324 0.0037796955206650194 -0.004285935313222008 245.80809185078127 -0.0037366205422000214 0.9999428754226625 0.010014167882616777 0.5695973516192754 0.004323540986467858 -0.009997989459320778 0.9999406718401396 3.4060434457993374
0.9999877306922692 0.0038108545595833578 -0.003164783160238984 247.32279371183552 -0.0037767767630772888 0.9999355687666178 0.01070487144538954 0.5737216249976692 0.003205373957513999 -0.01069278742452779 0.9999376929963618 3.435161428545262
0.9999906433054604 0.0035966111437872265 -0.002403682552277286 248.88584249778026 -0.003571073909676361 0.9999380193568114 0.010545372250845383 0.5723561911138463 0.0024414611738394496 -0.010536689852968842 0.9999415070064244 3.471063477510538
0.9999921386328084 0.003105891544518482 -0.0024649767333210265 250.37486895512174 -0.0030796215466306854 0.9999391769340523 0.010590484577181434 0.5847680447590922 0.0024977197023792375 -0.010582810126033557 0.9999408810155352 3.4903170160710753
0.9999915775260363 0.0033844488064329373 -0.002321719893939563 251.94876036951803 -0.003355852791308367 0.9999197994293458 0.012212000705044121 0.5761883663962182 0.0023628645818895145 -0.012204106499599424 0.9999227353428434 3.517535349704463
0.9999918721070058 0.0033616183254563015 -0.0022260373221661164 253.45387503031722 -0.0033308961826316046 0.9999010942523087 0.013664071269440302 0.5871373085204359 0.00227175054666007 -0.01365654551011236 0.9999041643648575 3.539471835098211
0.9999908263469272 0.0035576378356408484 -0.002385463271594485 255.00462552818706 -0.0035247619677362544 0.9999006606586585 0.013647156020543552 0.5812199777344819 0.00243377793985187 -0.013638622636053642 0.9999040277434285 3.5572884398776803
0.9999916766540856 0.0035555640045980548 -0.002001146461390921 256.5215131531026 -0.003529263548305207 0.9999093167686836 0.012996250920593392 0.585248104787306 0.002047173992931451 -0.012989080175040383 0.9999135426999922 3.58337971181205
0.9999929694509312 0.003501218601432835 -0.0013425784945355033 258.0674475443506 -0.003486379191000603 0.9999345111708821 0.01090039125837177 0.5771641586179154 0.0013806552232786045 -0.010895633884910527 0.9999396876579109 3.5971745707323346
0.9999934850084812 0.003599027308681496 -0.0002773860556585763 259.5893328352424 -0.0035966727409445427 0.9999609945642705 0.00806680204477633 0.5757425668575155 0.00030640787694748774 -0.008065751822764318 0.9999674243502867 3.6395785533025125
0.9999941893823217 0.0032504556242151927 -0.0010274920089460605 261.16847115744196 -0.003243503623212118 0.9999723161917465 0.0066967555099414515 0.5699847702521129 0.0010492310706655863 -0.006693383923601659 0.9999770485995224 3.6529338798327013
0.9999922793279625 0.003235363653211562 -0.0022301808217152644 262.67347447098615 -0.003220292204259353 0.9999721765436241 0.0067287336643746185 0.55915061323421 0.00225188867070632 -0.0067214998801145105 0.9999748749027529 3.6880907960172515
0.9999927842426197 0.0037456567438186004 -0.0006336546778884521 264.2125979181454 -0.0037424779262400106 0.9999807674120318 0.004945570241705072 0.5647463065360909 0.0006521668995969893 -0.004943163117025245 0.9999875698311123 3.7130755915183427
0.9999904716505563 0.004128731167368202 0.0014178106522392709 265.7533072332356 -0.004130066829233796 0.9999910290319892 0.0009404273121668159 0.5606653951275891 -0.0014139151615508766 -0.0009462740041917068 0.9999985527036651 3.7199040853850067
0.9999903153514672 0.004363082904838827 0.0005768109210952238 267.33051421982293 -0.004364162463773133 0.9999887026660195 0.001883779796336435 0.5518204696667947 -0.0005685853172437283 -0.0018862788491617324 0.999998059329537 3.754294616720883
0.9999906449352808 0.004283499693388461 -0.0006013919669486263 268.8318507876007 -0.004283212266749762 0.9999907125637899 0.0004784128360778903 0.565219716510018 0.0006034356627957487 -0.0004758324710448872 0.9999997047243867 3.770129376116815
0.9999857014496535 0.005248063287731647 -0.0010269994998071345 270.41145830676226 -0.005246546899355583 0.9999851508837614 0.0014736884385511055 0.555959209726497 0.0010347182599640995 -0.0014682791659014188 0.9999983867559055 3.788889268458642
0.9999796555033558 0.00635495951210529 -0.0005505170200992639 271.9093516273751 -0.006353177686598652 0.9999747617839218 0.003180083091913768 0.5631585245259306 0.0005707124253259985 -0.0031765208622757885 0.9999947919877078 3.8119472563637373
0.9999735389701381 0.007191065788824404 -0.001099969253386726 273.43574038008074 -0.007185247268643056 0.999960638115299 0.005205232149718738 0.5665668362049197 0.0011373571233585307 -0.005197190862841899 0.999985847712811 3.8368841712917994
0.9999652827981304 0.008215160634237433 -0.0013943938499236675 275.0317735705052 -0.008207175427328739 0.9999504213387246 0.005638894928290076 0.5502279353939505 0.0014406491453787874 -0.005627255126695417 0.9999831291225763 3.8557863820195557
0.9999593772462856 0.008886244575048148 -0.0015094749329121926 276.54082733219633 -0.008875821224256005 0.9999376437032789 0.006777057084713673 0.5591687309873741 0.0015696033943992114 -0.006763383952345788 0.9999758962008521 3.887461570038454
0.9999461777067519 0.010086332387711361 -0.002430553151345684 278.12595843647705 -0.010067136595515221 0.9999190231509113 0.007784593868297074 0.5447598589027622 0.00250887433406893 -0.00775970617302582 0.9999667457019179 3.9154952836922883
0.9999352372661475 0.01104035606684515 -0.0027625733312494323 279.62250961673146 -0.011021688717548798 0.9999169224752201 0.006683601237219844 0.5284999318439365 0.002836133160962763 -0.006652720165615309 0.9999738484895949 3.9342869854119984
0.9999260998787453 0.011895058761154651 -0.0025104498302630056 281.16572171385826 -0.011878343542374985 0.999907857069502 0.006571325997511821 0.5156801031624464 0.0025883848189378836 -0.006541020390194039 0.9999752573520427 3.960567495189835
0.9999187175711511 0.012668203754177782 -0.0014404389980130308 282.7717747495655 -0.012660792371220274 0.9999071323424499 0.005042918523167077 0.4938373261481843 0.0015041899471846393 -0.005024271523423776 0.9999862469595577 3.9907609695854998
0.9999180163681572 0.012744354547401575 -0.0012417606611653733 284.26254819188625 -0.01273899130842774 0.9999098862526612 0.0042352655919177746 0.49492517856335677 0.0012956244877647082 -0.004219099591192998 0.9999902602304817 4.011809731547564
0.9999099396723746 0.01297894087255535 -0.0034146212403326818 285.8603613612276 -0.012973543487077063 0.9999145629737369 0.0015980996306550323 0.47466073546401605 0.0034350711458628175 -0.0015536559681253643 0.9999928931944244 4.032231171940631
0.9999021065102531 0.012670755372622121 -0.0059354321363802014 287.36768483152235 -0.012650019317622186 0.9999137958647552 0.0035182169632624093 0.4652750312984302 0.0059794989440748875 -0.0034427892215425438 0.9999761961140644 4.067867570357031
0.9999114692384 0.012035847494311679 -0.005673804772646014 288.8890924820086 -0.012023255600340368 0.9999251906308844 0.0022482140820557286 0.4343742429483881 0.005700439480716673 -0.00217979744094285 0.9999813765630055 4.082951242199803
0.9999181350637558 0.011508782299237522 -0.0055920569211495574 290.4561656010953 -0.011504831307656317 0.9999335447559988 0.000738192580129826 0.4170872631137019 0.00560018099734202 -0.0006737964765006801 0.9999840918590182 4.117745711971171
0.9999267681426642 0.010228522743010187 -0.0064680502674467665 292.0095020699418 -0.01022014535369182 0.9999468925390759 0.0013269251657126667 0.4108083698540333 0.006481279249955697 -0.001260723578629945 0.9999782015600852 4.150074819006972
0.9999274562888634 0.010110159175640072 -0.0065472773827265395 293.60950557645447 -0.010101354804241106 0.999948032707654 0.0013764138953704882 0.3910335466157012 0.006560852902022479 -0.0013101776733537543 0.9999776190713782 4.177560985338837
0.999935388309247 0.009344705153940577 -0.006472688191257255 295.1318990649736 -0.009334255752407587 0.9999550855674327 0.0016427164626807043 0.3878950936777424 0.006487748175135236 -0.001582192597009839 0.999977702646515 4.202453226157313
0.9999472886888249 0.00827793142769107 -0.0060741826731234546 296.7263603045006 -0.008266593935614127 0.9999640464443146 0.0018892441388821057 0.39200315633958865 0.0060896033180903066 -0.0018389317526969606 0.9999797673260381 4.242408460278604
0.9999591418939534 0.007407778975471569 -0.005180671130171561 298.3213918011697 -0.007397561683155298 0.9999706603764229 0.001988584291584462 0.3684144993988521 0.005195250124136876 -0.0019501787075510081 0.999984602971044 4.272325054029892
0.9999693481907455 0.006779018192826578 -0.003917600198715778 299.8652452043118 -0.006774284183640335 0.9999763095631957 0.0012204041015595913 0.3617902893188522 0.0039257805306629175 -0.0011938277569018701 0.9999915814758201 4.292659208190146
0.9999651253138198 0.007529353480408601 -0.003613446039983587 301.46700585604276 -0.007525833192620933 0.9999711935862322 0.000986829510469747 0.3558130811317072 0.0036207721377710575 -0.0009596009029528028 0.9999929845630084 4.312746010937534
0.9999568923616307 0.008464538157401596 -0.0038164135326304925 303.046055881832 -0.008455188319341235 0.9999612297796656 0.0024594161956328865 0.3621915813131347 0.003837083391669811 -0.002427041680886053 0.999989693076746 4.33799616606514
0.9999522487569268 0.00893772046051701 -0.003951880430230668 304.64113038347756 -0.008928541596936566 0.9999574153479687 0.002334231257149947 0.34677199944322923 0.003972574847244285 -0.002298835265898364 0.999989466947279 4.367834289214548
0.9999461443094552 0.00907073143336825 -0.00504284760011056 306.2315960800748 -0.009073183583457973 0.9999587303567493 -0.0004635978633626737 0.33827253322740214 0.005038434311877489 0.0005093275780388107 0.9999871773003408 4.388015860618082
0.9999319730297158 0.009563574235238296 -0.006677376786345679 307.8334802907352 -0.00958624743009935 0.9999483660300923 -0.003371814638692049 0.3256399109867321 0.006644785407269035 0.0034355962504157293 0.9999720213612456 4.415287684967146
0.9999210330560979 0.00968098811142912 -0.008012872219892336 309.44872923771067 -0.009713825736149727 0.9999445393067131 -0.004069385734124 0.3166757180665279 0.007973032145530926 0.004146900031559087 0.9999596161738407 4.440670673424025
0.9999308976197913 0.007773786546187631 -0.008818629599482023 311.03677849015685 -0.007798505603214145 0.9999657487048192 -0.002772134117795562 0.30393354038305004 0.008796777571087372 0.002840714689073995 0.9999572726093952 4.47764739706986
0.9999512418660197 0.005290256533040397 -0.00833828977785358 312.6531303409135 -0.005307595871324867 0.9999837953998504 -0.00205872867974247 0.3008194228050882 0.008327263456354034 0.00210288457237252 0.9999631165997093 4.505706703393731
0.9999724593959639 0.005183060753131761 -0.0053119046317188275 314.28863386987877 -0.005185239977059935 0.9999864779206448 -0.00039656303943471575 0.3005032570325228 0.005309777393397033 0.00042409561809978965 0.9999858131028356 4.533632668324707
0.9999823581155468 0.005483503785746741 -0.0022835594807311594 315.91074882824137 -0.00548715471121379 0.9999836724591818 -0.0015956027772828286 0.300596139350221 0.002274772701950749 0.0016081048720060296 0.9999961196964092 4.565692104941273
0.9999827209580372 0.005671064368866205 -0.0015481648117632828 317.5279540416857 -0.005675084890328305 0.9999805034046751 -0.0026050378154546037 0.29775614805888856 0.001533361290685678 0.0026137787696278512 0.9999954084713067 4.59133992472589
0.999979196416746 0.005939174961583959 -0.0025165322359216404 319.1609640489097 -0.00594803814727527 0.9999760822969288 -0.0035292600193866496 0.2935750053201194 0.002495511153510792 0.003544155027870122 0.9999906056504837 4.620786513865593
0.9999756719405541 0.006481384516481639 -0.002578212905628051 320.77867759395724 -0.006492351571222121 0.9999698147653598 -0.004268363762323042 0.287872298088217 0.0025504701748667105 0.004284998585924496 0.9999875668672115 4.640194764069809
0.9999754007994995 0.006555181467610868 -0.0024954742649467322 322.4120507286539 -0.006566704498622412 0.9999676844152574 -0.004637727591801572 0.2779994289094658 0.0024649924762750455 0.004654000549492497 0.9999861319493272 4.664775158104776
0.999970657923739 0.007297747273567298 -0.002329415440774129 324.0275212733362 -0.007308569903685091 0.9999623784953616 -0.004671873271177954 0.2758568342348153 0.002295233654233129 0.004688760884299771 0.9999863736190819 4.700266145830142
0.9999651036098766 0.00770196293064097 -0.0032359433715729792 325.67146529599216 -0.007713015037466313 0.9999644163373362 -0.0034169369561511454 0.2679470825594958 0.003209511103083033 0.0034417765972714286 0.9999889265448562 4.72385008841974
0.9999577083123262 0.008325857559051702 -0.003906620363827204 327.28683767347724 -0.008336932131504242 0.9999612506351584 -0.002827152419804942 0.27000914848639884 0.0038829305164244034 0.002859602083594577 0.999988372695667 4.751194233692248
0.9999538802029164 0.009215401345191294 -0.0027044121687828087 328.9038833073599 -0.009223836146956469 0.9999525821624141 -0.003123183224626824 0.2588340263822462 0.0026755025445163185 0.003147984238768937 0.999991465904268 4.780715942605948
0.9999568480367231 0.009154726236916974 -0.0015789401473993876 330.5328868705023 -0.009161954235313973 0.9999472958441505 -0.004632939516226374 0.251804767167253 0.001536443637748535 0.004647205773161279 0.9999880213379808 4.808858702350586
0.9999555827848605 0.009106503891524452 -0.002429823916191398 332.1462406862925 -0.009118776558891817 0.9999454760539845 -0.005088500097195565 0.2471105156737055 0.002383352986666231 0.005110431101561212 0.9999841014348664 4.841718679993655
0.999957038684136 0.009019376674257666 -0.0021381371474007375 333.794227444698 -0.00902813444677866 0.9999507483319368 -0.004122341423316079 0.22643181912028423 0.002100850890502897 0.004141467711736479 0.9999892172772307 4.883395645124521
0.9999505293421617 0.009052846727406944 -0.004121266123485353 335.37614164270576 -0.009064029297597883 0.999955268016852 -0.0027028389219267445 0.230878929235744 0.004096613384589496 0.0027400604875937144 0.9999878548398983 4.888222888586662
0.9999352802486211 0.008603927193450031 -0.00744363828791191 337.00057793419614 -0.008610490630528926 0.9999625676446582 -0.0008501532827512624 0.22803131721368466 0.007436044998050415 0.0009141916387772807 0.9999719343503769 4.926721062213318
0.999949253978435 0.00750667011508544 -0.006718584058749561 338.58569280753363 -0.007504140807429278 0.9999717628976372 0.0004015944894586894 0.22076613712873355 0.006721408982756164 -0.0003511569093326606 0.9999773494185313 4.959702001990166
0.9999704611332302 0.006808602644267828 -0.003566481603399172 340.20095719994316 -0.006805064902493941 0.999976342121557 0.0010031395037241703 0.2298833418833735 0.003573227206288555 -0.0009788397333353363 0.9999931369365035 4.996475344786914
0.999982845882169 0.005773357777806735 -0.0009880695157306147 341.8209739039337 -0.005771630522707073 0.9999818264765896 0.0017421244655256847 0.2171586933067496 0.0009981094668590894 -0.0017363918087417794 0.9999979943584781 5.018036981688066
0.9999881840620551 0.004557600159599465 -0.0016911584960314823 343.41328127079566 -0.004553614771245405 0.9999868638659697 0.0023530167908015517 0.22774820560798567 0.001701860390448109 -0.002345288103393122 0.9999958016386485 5.044217083102513
0.9999913300009052 0.002719319112527527 -0.003153605331171148 345.02491457138524 -0.0027119261745757206 0.999993570397151 0.0023461928270600697 0.2170455855436434 0.003159965101737626 -0.0023376201407284986 0.9999922750464793 5.0758057038462
0.9999969729856624 0.0008286423333485765 -0.0023167588125779792 346.6043552878894 -0.0008252843211635298 0.9999986081664248 0.0014500244833685163 0.22018043785563313 0.0023179571397065894 -0.0014481081093996773 0.9999962650218259 5.095399495837574
0.99999909133165 -0.0003070463643433291 -0.001312653192743478 348.2135299922172 0.000306056356349205 0.999999668651689 -0.0007543381328961353 0.22039717899153824 0.0013128843745792514 0.0007539357015996275 0.9999988539571316 5.139161137532678
0.9999974139074407 -0.0006042208334027198 -0.0021925089772050254 349.81534557426886 0.0006020818657262162 0.9999993423542821 -0.0009761088209641097 0.2354912782018036 0.0021930973205961796 0.0009747862267607336 0.9999971200538301 5.15976157111087
0.9999948601766651 -0.0009130891596587313 -0.0030734164115189776 351.4194968628025 0.00090973501858343 0.9999989893460925 -0.0010925607486399192 0.23819354195212655 0.003074410910734524 0.0010897591385344405 0.9999946801971358 5.190524887163594
0.9999942113047243 -0.0006085003000917714 -0.0033476983775809085 353.01753618900807 0.0006038130769604193 0.9999988363518696 -0.0014009656223601052 0.2480736664161194 0.003348546970039574 0.0013989361285389227 0.9999934150837683 5.212254719368782
0.9999944016902585 -0.0007218261227684207 -0.00326734681207733 354.6119555547936 0.0007155466330185279 0.9999978956955382 -0.001922653768013696 0.2555882681597174 0.003268727758299646 0.0019203050653920912 0.999992813897829 5.239807263667926
0.9999926385873618 -0.0009072734843941806 -0.0037282202068335897 356.19532536723904 0.0008975904598203573 0.9999962221555233 -0.0025980773752853807 0.2537831236665951 0.0037305632889104733 0.0025947118348759917 0.9999896751307192 5.274161587018152
0.999989210696626 -0.0004905342270198375 -0.004619292858317467 357.81341041267456 0.0004779300880647278 0.9999961612587136 -0.0027292949030349777 0.27665627619582533 0.004620613938612827 0.0027270577568016996 0.9999856064378234 5.304803395210484
0.9999899409609594 -0.0005942818697943892 -0.004445762696805607 359.38932392553846 0.0005805480748312295 0.9999950579125326 -0.003089840520682493 0.2812772786476043 0.0044475769616594985 0.0030872284608812793 0.9999853439324 5.335134501472744
0.9999864351468155 -0.0002694365376107698 -0.005201627275765759 361.0128031325658 0.0002543220892252183 0.9999957447733686 -0.002906158190966824 0.28509590876655744 0.005202388166863571 0.002904795880641489 0.9999822485015687 5.357201474594668
0.9999831484510351 -0.00039680513551367154 -0.005791835601915258 362.5746632844532 0.0003762002009645744 0.9999935986846179 -0.003558238777283612 0.29455081650382814 0.005793210453969139 0.0035559999257312336 0.9999768965216969 5.403341439863745
0.9999858106641129 -0.0007433680999383292 -0.005275023630749103 364.1554885816185 0.0007161372615060775 0.9999864191534754 -0.005162233628222278 0.3047821754397281 0.0052787894312664105 0.005158382738578094 0.999972762363887 5.424325518033515
0.9999922795993029 -0.00043511252610298553 -0.0039053065026240074 365.75967154451206 0.0003992320387664357 0.9999577491888444 -0.00918370573131464 0.3002701430579083 0.003909137445656199 0.009182075705949456 0.9999502028252013 5.457032020467308
0.9999902848170277 -0.00021937086604761384 -0.0044025160968489295 367.3309214158171 0.00018074964772533755 0.9999615175768661 -0.008771014475863865 0.31350971237645714 0.004404270782403323 0.00877013351061977 0.9999518424189643 5.484512306776835
0.9999863123162025 0.0002992633947028091 -0.005223564076663335 368.9617074239363 -0.00033876591184557874 0.999971341794926 -0.007563122801598513 0.3165452504310149 0.00522115101288865 0.007564788845412598 0.9999577558836298 5.509484214618391
0.9999887997357438 0.0002023508133325639 -0.004728578773250363 370.54824966215955 -0.00023026795328430497 0.9999825440237199 -0.005904119283947514 0.33632057159175255 0.004727301527952339 0.005905141996407394 0.9999713905498828 5.543479775435053
0.9999920354084809 0.0007447447437982538 -0.003921029822665747 372.16134908447435 -0.0007624767481499982 0.9999894817093078 -0.0045227314709769 0.3405300805275675 0.003917620299643637 0.0045256851433367684 0.999982085052113 5.570195573617824
0.9999910536917944 0.0010541721905027715 -0.004096493301283177 373.741677091189 -0.0010719739788156357 0.9999899821655881 -0.004345853225277094 0.33877350307718684 0.004091870985677521 0.004350205680158092 0.9999821659921625 5.59717483495822
0.9999890172101634 0.0011336662530008436 -0.004547555373863455 375.35242342331344 -0.001152911134114446 0.9999903824239277 -0.004231531113385175 0.3570539059234157 0.004542714493381937 0.004236727566591798 0.9999807067561644 5.6322812343318995
0.9999859278230888 0.0016177631241176462 -0.005052424989107547 376.9833943828504 -0.0016372521310646616 0.9999912268153727 -0.0038556060153187347 0.3625159181671649 0.005046143206017593 0.0038638238521292475 0.9999798034480417 5.654854686876198
0.9999860148905345 0.0018780108676564298 -0.0049439962104345534 378.5648535936814 -0.0018950975296284612 0.999992240494139 -0.003453629520574776 0.3599304907100094 0.004937471893694483 0.0034629505761927643 0.9999818145069469 5.683067806789278
0.9999842993265715 0.0027542174477918997 -0.004880101084614444 380.1956058638229 -0.002768067443321613 0.9999921542902969 -0.0028335773291476157 0.36677359350225947 0.004872258508638407 0.0028470412890077763 0.9999840775997003 5.710918067709092
0.9999871807499214 0.0023499785746196543 -0.004485079321785362 381.8026796736952 -0.002356930636312196 0.9999960283214063 -0.0015453864851911474 0.37509844575376455 0.0044814298833621225 0.0015559376953551318 0.9999887478587389 5.744094381300188
0.9999832673673037 0.002756157746102735 -0.005086116385850762 383.422795444454 -0.0027577023071699946 0.9999961535180032 -0.00029669375298135793 0.3707508816497412 0.00508527908741015 0.0003107147834055617 0.999987021612244 5.776075856617632
0.9999788018760498 0.0034429035596449608 -0.005526501028576597 385.0433666832188 -0.0034424893266242797 0.9999940710488948 8.44647502723773e-05 0.38248884331641425 0.0055267590662115935 -6.543803897367858e-05 0.9999847252093841 5.803751319024918
0.999978764146727 0.0032820008984003734 -0.005630250943552799 386.6343172144587 -0.0032762027456342364 0.9999940937446488 0.0010387354755942836 0.3890816194583836 0.005633626820617135 -0.0010202675735602568 0.9999836105171546 5.837035617387009
0.9999808080270013 0.0038021825732708343 -0.004891521782145406 388.25222432134115 -0.0037912151576066444 0.9999902832847998 0.0022494496248766094 0.3942131072466201 0.004900027070784508 -0.0022308616419759136 0.9999855063904877 5.868058524825536
0.9999818908733993 0.004103236655803145 -0.004402428217171029 389.849836418688 -0.004087447468391 0.9999852040382387 0.0035894954792291714 0.4003402575705381 0.0044170916284376836 -0.003571435782530057 0.9999838669438609 5.8979901970453605
0.9999807015765545 0.004115515411902673 -0.004653923866619707 391.4936771002485 -0.004094951238411312 0.9999818490739807 0.004419603708196389 0.3906682576083305 0.00467202834076749 -0.0044004608255114805 0.9999794038357521 5.928067730640798
0.9999778155335749 0.005085892512505049 -0.00430141116970749 393.15146873961936 -0.0050635570287221815 0.9999737240373917 0.0051876415650334955 0.40615267611817923 0.004327681933381596 -0.005165746039211574 0.9999772928606638 5.963225017632935
