1.0 -2.1684043449710093e-19 -2.5135375298442207e-37 0.0 2.1684043449710093e-19 1.0 2.3183291766350204e-18 -8.673617379884035e-19 -2.51353752984422e-37 -2.3183291766350204e-18 1.0 0.0
0.9999996051917989 -0.0005752605321510217 0.000677267721610383 1.3273296131564947 0.0005753941083097035 0.9999998150465057 -0.00019704967556571635 -0.005147294397329037 -0.0006771542414461252 0.00019743929362565135 0.9999997512398984 0.014190926913472833
0.9999992268875282 -0.0007329519457619564 0.0010044928029293604 2.6340730892937687 0.0007337032341065905 0.9999994512643178 -0.0007477637512272806 -0.005277191083412111 -0.0010039441768318847 0.0007485001727399448 0.9999992159214833 0.021874435428819207
0.9999986787510069 -0.0012062688727901307 0.0010896841959785297 3.9576222210094207 0.0012072219763395783 0.9999988889961287 -0.0008744264453234616 -0.013644323911218819 -0.0010886281919326312 0.0008757407806970563 0.9999990239828961 0.04411202025720733
0.999999004669467 -0.0007930443253936468 0.0011669364906895087 5.274282721048507 0.0007948183530135096 0.9999985280705035 -0.0015205658854440343 -0.006778191207150253 -0.0011657288968944292 0.0015214918745179822 0.9999981630676202 0.048569337332823585
0.999997939401053 -0.0011910193964988721 0.0016439788456987557 6.602662133264907 0.0011941221512122276 0.9999975054119641 -0.001887655195420712 -0.00957452673556792 -0.0016417265106971482 0.001889614417276177 0.9999968670408013 0.05578213029089258
0.9999964005761617 -0.0011491713809853232 0.0024245081682584767 7.9365096033985045 0.001156417373786882 0.9999948631926033 -0.0029893623507783957 -0.008794223404882447 -0.0024210604243660745 0.0029921553341649507 0.999992592709005 0.0721447969316247
0.9999959113319393 -0.0010395096464590494 0.0026639705514224753 9.260175745628885 0.0010483808479747785 0.9999939031913448 -0.0033308373927453112 0.009068345650824965 -0.002660491872103215 0.0033336166297625283 0.9999909043502166 0.07279897769495361
0.9999955222909206 -0.0014986093176082447 0.0025902834250561718 10.588021749968423 0.0015061507201356444 0.9999946260861101 -0.0029119252924643445 0.01676866169587099 -0.002585905666720629 0.0029158136109560277 0.9999924055325965 0.0899553042113889
0.99999775738147 -0.0012282957069274234 0.0017252598896701473 11.915281042177224 0.001230675017158274 0.9999982922855741 -0.0013787185854101487 0.04307627689013738 -0.0017235634692994246 0.0013808387277146235 0.9999975613037141 0.08685899584388052
0.9999982352007591 -0.001517212449568471 0.0011079989847193068 13.258646597978956 0.0015171500590087897 0.9999988474942638 5.71475513748694e-05 0.03955730168863149 -0.0011080844127205295 -5.5466449795865546e-05 0.9999993845360143 0.09459773127553728
0.9999983903473108 -0.001442770904753655 0.0010666371940547268 14.594832109246504 0.0014420122349635463 0.9999987070412132 0.0007116998074818736 0.05888578506952724 -0.001067662634711948 -0.0007101605580082705 0.9999991778839022 0.09339761393065632
0.9999981616848405 -0.0009677101394730461 0.001655344080758746 15.93970621976409 0.0009665305705377922 0.9999992785577433 0.0007132339371557746 0.0708877089382111 -0.0016560330902363788 -0.0007116326853482034 0.9999983755653431 0.10158561362726062
0.9999936693335181 -0.0006587947202654431 0.0034967531229540883 17.278527802145128 0.0006611762453235985 0.9999995502533104 -0.0006799552553473923 0.06616835277699279 -0.003496303599368708 0.0006822629208781065 0.9999936551690954 0.11459892355878981
0.9999836922147789 -0.0005158423619503848 0.005687636693372421 18.645395920066232 0.0005457464502081358 0.9999860306584106 -0.005257437479236391 0.0652685353102965 -0.005684845231865521 0.005260455749610648 0.9999700046201366 0.13417029592220342
0.9999950699566487 -0.0007296060214206435 0.0030541344847485412 19.977961645664276 0.0007544761827619684 0.9999665044143888 -0.008149896622525013 0.05923829818897538 -0.003048085971075689 0.00815216071490905 0.9999621250065381 0.15579662952979753
0.99999778494373 -0.0004452612678073696 0.002057146090305269 21.33324919320024 0.0004624707835450199 0.999964840251875 -0.008372835888535001 0.07527968439197323 -0.0020533456620440054 0.00837376871219662 0.9999628311938134 0.1538497109486818
0.9999989506902608 -4.5746127630111495e-05 0.0014479384203768268 22.687786109580184 5.510639292822429e-05 0.9999790990714176 -0.006465166943044627 0.07782465847158243 -0.0014476124007671842 0.006465239949745517 0.9999780523045141 0.1889430821592576
0.9999972729400676 0.0005063975154640463 0.002279840780490624 24.05629469567313 -0.0004928803430140954 0.9999823216472818 -0.005925661303147925 0.08799399777097948 -0.002282801216822561 0.005924521454808505 0.9999798442289404 0.17586591338847518
0.9999752054375524 0.0016145467065167157 0.00685432338436276 25.43154890586389 -0.0015724758591958532 0.9999799209384809 -0.006138814180419206 0.10318883550960159 -0.006864097158198768 0.006127883713154624 0.9999576657096043 0.18146362758000387
0.9999698832931458 0.0016069316271700859 0.0075927779789740964 26.807559515055665 -0.001552594704653463 0.9999731839099248 -0.007156878560577893 0.09037711002579754 -0.007604074984866699 0.007144874512080528 0.9999455629242179 0.19175256925574677
0.9999722463609251 0.001657334469267272 0.007263590733396682 28.191084892242195 -0.0015878591331694972 0.9999530392800697 -0.009560226876211064 0.10010670006054304 -0.007279094123482522 0.009548427986239236 0.9999279185579993 0.22815922559180163
0.9999834855800448 0.00166305357531813 0.005501165330169971 29.554853239759403 -0.0016134931076300571 0.999958185851402 -0.009001288172517484 0.09900749001274287 -0.005515904928103166 0.008992263429120302 0.9999443554474646 0.22798371532124032
0.9999869721668809 0.002367598449492089 0.004522164757689336 30.94469101083633 -0.0023274434081116823 0.9999580025092796 -0.008864323145822693 0.10300017012042795 -0.004542961995852736 0.008853682580344356 0.9999504856747012 0.2573522432635724
0.9999887509403516 0.0025377362245098786 0.00400722941824293 32.33660561411269 -0.0025048642585760975 0.9999633487838676 -0.008186986258643138 0.10142783797701757 -0.004027858960009553 0.008176856597000702 0.9999584568212774 0.22932075268018512
0.9999906905229089 0.002956406059106332 0.003143013001788653 33.72174611263816 -0.002931902669195467 0.9999654964659761 -0.007772375717391674 0.10397991000662332 -0.003165882855397156 0.007763088352428729 0.9999648552049109 0.24235255985964943
0.9999881616505213 0.0033299366396706024 0.0035479685436408284 35.11354906434808 -0.0033027029404689673 0.9999652515945117 -0.0076542639627789144 0.11423165176398033 -0.003573333471410582 0.007642455462785348 0.9999644114479282 0.25016381296018214
0.9999835722375486 0.0028863219261566686 0.004952211704885667 36.50192880505382 -0.0028507113478217602 0.9999701392793261 -0.00718289596865236 0.10137252720765913 -0.004972795978402853 0.007168660643639741 0.9999619400780879 0.28215863528401547
0.9999784002683282 0.002740541519021038 0.005973979325195847 37.90793972451285 -0.0027048831506059755 0.9999785278267328 -0.005968876998382953 0.11489200282853804 -0.005990209006112679 0.005952589156222615 0.9999643414034324 0.2822036383820608
0.9999792341319488 0.002489731025271115 0.0059441184630714145 39.300903363994074 -0.0024610181540714433 0.9999852931010509 -0.004832905052919849 0.11568826711933793 -0.005956063677174281 0.004818176110003646 0.9999706548116531 0.2811001172256753
0.9999772557308472 0.002786683336800656 0.006141857779546489 40.69566806966257 -0.002761047870087144 0.9999874585948141 -0.004178428860730776 0.1190697017185318 -0.006153424710099686 0.004161375862079537 0.999972408776998 0.27498162896053974
0.9999736422944986 0.002720325977914954 0.006731607746148563 42.113026072429086 -0.0026948425242623005 0.9999891799013908 -0.003791820659418904 0.12617244753258236 -0.006741849897732363 0.003773580092915674 0.9999701533312076 0.2703587071253267
0.9999723364920159 0.002470002628025935 0.007016077088811023 43.504204841282416 -0.0024465325432814593 0.99999138991565 -0.003351801468024236 0.13771221323714908 -0.007024295638230123 0.0033345436845136165 0.9999697695876625 0.27575291726295487
0.9999722005306335 0.0022437112912530996 0.007110831566285593 44.930963985390136 -0.00221681177367022 0.9999903663838875 -0.0037885201568201104 0.14580073510590816 -0.007119263408717039 0.003772651462833338 0.9999675410679376 0.2836410718858841
0.9999743392015376 0.0013883064440936815 0.007028054045450098 46.33969455935682 -0.0013656759062743104 0.999993870987715 -0.0032238046349378907 0.13797480081787739 -0.0070324865991696975 0.0032141238654590063 0.9999701063231892 0.30604271681568623
0.9999689871558799 0.0005942936617188416 0.00785312304037363 47.77793827548981 -0.0005714088559473779 0.9999955851353342 -0.002916024993040757 0.1503356269888025 -0.00785482134506898 0.0029114472147600836 0.9999649120127929 0.31766583594839554
0.9999643978056446 -0.0003721301177715725 0.00842998460081319 49.17303418039016 0.0003929676929254863 0.9999968715459944 -0.0024703187277096143 0.15807274881718822 -0.008429038947995023 0.00247354349054213 0.9999614156981326 0.3262586213995429
0.9999613609923612 -0.0013769165535560011 0.00868220151282177 50.59979808432495 0.0013913059555161018 0.9999976683673734 -0.0016515227988019663 0.16729212563509563 -0.008679907260037206 0.0016635385842717074 0.9999609451620277 0.3379116357291518
0.9999593321111077 -0.002520580612177841 0.008659145297605942 52.05545952188224 0.0025348315584245483 0.9999954503847688 -0.0016351876754380967 0.17761750761351983 -0.008654984279474625 0.0016570706505767486 0.9999611719281809 0.34014613795337
0.9999487226173366 -0.003436582767277519 0.009525861370006758 53.453656514123914 0.0034492479777273495 0.9999931887445993 -0.0013134507209714085 0.19263614791272665 -0.009521282704818695 0.0013462404287227865 0.9999537653373596 0.3442171460556166
0.9999398198451284 -0.004085180869625036 0.01018174765719781 54.91557838625155 0.0041030374621438175 0.9999900799581912 -0.0017335134250170685 0.20327412004557227 -0.010174564937954246 0.0017751851939782565 0.9999466620504568 0.35769144646323664
0.9999371210358976 -0.004371884154408544 0.010326693729410539 56.31533054769367 0.004394646584902185 0.9999879616627665 -0.002182569801638698 0.22006233388597213 -0.010317027470857243 0.0022278147332417744 0.9999442963413911 0.3732810964480594
0.9999345406291897 -0.004964830024912147 0.010308487741422472 57.751598895412826 0.004989047331734949 0.9999848520693673 -0.0023248738734045807 0.227305816543691 -0.010296788985554424 0.0023761512218841807 0.9999441634621195 0.39742737939501843
0.9999319620838061 -0.004762075611865567 0.0106486543326767 59.210882521730696 0.004788159181172903 0.9999855955749977 -0.0024253193960854414 0.24898488978642308 -0.010636951390586903 0.0024761418344177695 0.9999403602149132 0.4088374012131986
0.999926348016863 -0.004418747600416914 0.011303681316422237 60.60613797312509 0.004440763523305545 0.9999882901614796 -0.0019233198513634413 0.2553248169441268 -0.011295050287161287 0.0019733751707112198 0.9999342616539579 0.4264698939913525
0.9999219768395129 -0.003944826151426761 0.011852366008346759 62.06011307535344 0.003971910647748256 0.9999895524874964 -0.002262485726583286 0.26597218191487826 -0.011843317067743234 0.0023093857390459028 0.9999271986391516 0.4383995096134992
0.9999260035692936 -0.003531220352723347 0.011641214230547377 63.46734368847905 0.003559468536439339 0.9999907688470238 -0.002406741464376882 0.2750072302810986 -0.011632608034275236 0.0024479999098784683 0.9999293423671305 0.46063890170878213
0.9999331583669181 -0.003019448309919926 0.011160722658665526 64.88664085636736 0.0030484332332532085 0.9999920228486454 -0.0025809482553031935 0.2850503096364328 -0.011152840588044187 0.0026147984583667076 0.9999343863353434 0.471062792181861
0.9999351645328362 -0.002368894494269811 0.011138001147641088 66.34345073142953 0.0023958114868577953 0.9999942405166574 -0.002403959407478431 0.296595643542078 -0.011132242272304188 0.0024304880967373583 0.999935080847553 0.4781076171287489
0.9999356273991424 -0.0017385137436980549 0.011212431843558347 67.71321316727784 0.0017474120851920304 0.9999981660508481 -0.0007838660249370443 0.3030852203625794 -0.011211048518670906 0.000803408304350121 0.9999368314679725 0.481050960224142
0.9999262402427485 -0.0011235223084810236 0.012093459869849244 69.17686507100859 0.0011106208003856541 0.9999988070803839 0.0010734799704896453 0.3165326328536794 -0.01209465152201829 -0.001059969542787524 0.9999262952183672 0.48118300339620057
0.9999147524326283 -0.0004036718605313466 0.013050858846246013 70.54357224540638 0.0003542655803139073 0.9999927636477476 0.0037877629332269346 0.32979086380467865 -0.013052293418944717 -0.0037828165655683366 0.9999076597043034 0.48095308629551875
0.9999062481937804 0.0005355667853226643 0.013682397131228426 71.98327994370148 -0.0006275411331313497 0.9999772324768187 0.006718684404603578 0.3438344185675969 -0.013678487312726395 -0.006726640782804911 0.9998838188952828 0.4779585090409903
0.999904904971126 0.0012001868367547974 0.013738288330070089 73.33494419301617 -0.0013437301645462367 0.9999445575429868 0.010443956597249225 0.36141934481859145 -0.013724991946378258 -0.010461423981333403 0.9998510805136707 0.4741999756242564
0.9999011647349959 0.002074090072312732 0.013905355513989866 74.74180256105807 -0.002254709604372601 0.9999131344901665 0.012986137172006265 0.382483367816808 -0.013877213200007576 -0.013016206222327098 0.9998189842813445 0.47179998466527273
0.9998968055793471 0.0026978728225097127 0.014110268404628767 76.18779084973286 -0.0029007017112426237 0.9998924826499521 0.0143739023823559 0.389460104161501 -0.014069972345370671 -0.014413348755534433 0.9997971250488029 0.4663157844611996
0.9998907910061647 0.0029014900975215265 0.014490942560103477 77.5525721947881 -0.0031067332644275554 0.9998948990843236 0.014161179102535625 0.3902250925272085 -0.014448331027836159 -0.014204652067698699 0.999794715724256 0.4658664806327427
0.999892356324575 0.0027789003085181437 0.01440671637690101 78.98827874634333 -0.0029687264481686637 0.9999088433016186 0.013171626721673694 0.3783958332943434 -0.01436880047064103 -0.013212978479301416 0.9998094592334783 0.47465041591257684
0.999903572236705 0.002898412088508249 0.01358106901689603 80.30513146596488 -0.0030740554711141026 0.9999116790014989 0.012929979867106837 0.38688001345830647 -0.013542393113368755 -0.01297048201758377 0.9998241696343385 0.47483098666676005
0.9999017321674588 0.002500677393729649 0.013793934213561324 81.6931318047728 -0.0026707912130395175 0.9999204416464782 0.012327905410419069 0.3823978011115614 -0.013762008676494833 -0.012363534692165438 0.9998288604191737 0.48118461339208307
0.9998987040196218 0.002145093580353725 0.01407054630823716 83.10018446720943 -0.0023136681094515 0.9999256161934299 0.011975350519664713 0.38796987555410767 -0.014043811439920012 -0.012006692039069379 0.999829290782441 0.4798247777282839
0.9999017030341295 0.001996912770483707 0.013877918029540135 84.43835460236166 -0.0021676886197889303 0.9999219846419263 0.012301453401900078 0.40644453470161673 -0.013852270409401977 -0.01233032721133387 0.999828024029816 0.4896167536574324
0.9999023103020889 0.0011680392219931667 0.013928587039653469 85.84686861104004 -0.0013444377854341224 0.9999189315192439 0.012661867020893057 0.40714317567812863 -0.013912668312959018 -0.012679356205642613 0.9998228200969531 0.4894100536507325
0.9998941010976745 0.00038767489360429545 0.014547724847912185 87.18227869666177 -0.0005620412535677898 0.9999280356171213 0.011983642873282366 0.42111227629820347 -0.014542032172395324 -0.011990550240166303 0.9998223622250281 0.4954629699135326
0.9998799937050018 -0.0008136543222530916 0.015470493047390522 88.56378881175023 0.0006413480119678958 0.9999377488398214 0.01113943974703767 0.4297678682156221 -0.01547859364454744 -0.011128180974185164 0.9998182718509363 0.4976803102200549
0.9998679388136735 -0.0018767910592285054 0.016142570669383075 89.94465543386862 0.0017201405572907316 0.9999513520563882 0.009712601971888358 0.43637709640436667 -0.01616001389105809 -0.009683551823642295 0.9998225256389854 0.5013709972244432
0.9998591730706807 -0.0026670642341932813 0.016568669071029874 91.29589547115211 0.002522300737554072 0.9999585198717708 0.008751944632294811 0.4403268847653588 -0.016591323799020653 -0.008708920956588526 0.9998244259220556 0.5064905777213476
0.9998616907010629 -0.0030883770282109607 0.01634201320963077 92.6759828326358 0.002958613910818607 0.999963952290974 0.007958688481236887 0.4507153544948723 -0.01636600354817383 -0.007909238012999793 0.9998347852930077 0.5062404981414492
0.999857975265832 -0.003190080200352326 0.01654849496559123 94.01215130517892 0.0030675197495164306 0.9999677201003769 0.0074262426462192764 0.46228240405996157 -0.01657165109146354 -0.007374425100949855 0.9998354855847702 0.5098579812411734
0.9998612950126452 -0.0033646103239049294 0.01631165635379507 95.3964832729116 0.0032417490420711863 0.9999662232132542 0.007552714463578974 0.4790366443062442 -0.016336517339514602 -0.0074987885680553 0.9998384301332026 0.5016352866705428
0.9998665620957 -0.0034597565420205647 0.015965214924819476 96.73976716466358 0.0033326538593633536 0.9999625980276476 0.007980975131587338 0.4891820994962663 -0.01599223002521547 -0.007926703631856742 0.9998406952851805 0.5003175085028719
0.9998657076244314 -0.003307825753612861 0.01605070108994231 98.09671713487194 0.0031508915218827873 0.9999470844461014 0.0097928642571412 0.49809044477480074 -0.01608224484679508 -0.009740975132151915 0.9998232217768112 0.5055196906144687
0.9998568401492286 -0.003104602142263332 0.01663311914037606 99.46134061235279 0.0029233936931033835 0.999936235940559 0.01090769555596157 0.5173182567295129 -0.016665922600168703 -0.010857508856301908 0.9998021611925633 0.5005486526163265
0.9998369323385247 -0.0030383245440746363 0.017801048167263696 100.81128557110733 0.0028413614050317084 0.9999345829094047 0.011079556270927843 0.5260781646064551 -0.017833546962238465 -0.011027170342364985 0.9997801588934369 0.4975047747175774
0.9998191409344274 -0.0029147652042725235 0.0187933383130185 102.14854635511358 0.0027046203176728815 0.999933646979819 0.011197618790421467 0.5396467618892387 -0.01882472974788318 -0.011144764754912105 0.9997606832479845 0.4868248566604027
0.9998230056885896 -0.002764810394142553 0.018609490033824904 103.45966836792121 0.0025602166820202156 0.9999361225282664 0.011008912465675163 0.5478637555678076 -0.018638738862264595 -0.010959319623965435 0.9997662180364989 0.4790092834021289
0.9998521624424245 -0.002542572655203836 0.017005545669006788 104.80002895782326 0.0023525664345191363 0.9999346910079392 0.011183879024222342 0.5613337808851031 -0.017032870878945797 -0.011142218950921592 0.9997928446765715 0.47380278428566264
0.9998575209541962 -0.0026602582785801186 0.016669157663791363 106.13579644510487 0.0024816950571755828 0.9999394194996807 0.01072373630246805 0.5722416296036952 -0.01669667574615614 -0.010680840628570712 0.9998035510351496 0.467049762059117
0.9998343708871611 -0.0025982540292023874 0.01801332475348849 107.47499121274136 0.0024262947629543866 0.999951344059519 0.00956151699703964 0.5850156957700453 -0.018037291548294265 -0.00951622769594924 0.9997920271356643 0.4631635759217164
0.9998074753098758 -0.001911562718367348 0.01952839579857417 108.82080791470227 0.0017845690919901633 0.9999771627433655 0.006518382075682183 0.5944753249269933 -0.019540410119747605 -0.006482277354634667 0.9997880537657218 0.44232378761752517
0.9997894977671595 -0.0010172003920452862 0.020492082809060057 110.15273287208157 0.0008996881714854083 0.9999831045647686 0.005742921399549646 0.6074257430262038 -0.020497578288301302 -0.005723276017259602 0.9997735210516155 0.44308370526297963
0.999799704984558 -0.00031402787877841227 0.020011279301489143 111.49728990227618 0.00018650320071545416 0.9999796672676938 0.006374187614788697 0.6095171419937516 -0.02001287409011961 -0.006369178729141823 0.9997794348920012 0.4342283645264319
0.9998292299733654 0.00023752940856764702 0.018478486697976075 112.82165420261647 -0.00039617445609052115 0.9999630937213707 0.00858220490232897 0.6178050515448218 -0.018475766199742692 -0.00858806002338616 0.9997924241003066 0.4274402215164847
0.9998459858724171 0.0010720053007443003 0.01751728687466806 114.18847053922939 -0.0012749393575430693 0.9999321630466378 0.01157773011029309 0.6257598858611378 -0.01750368716724649 -0.011598280454764652 0.9997795261086535 0.4266744542646359
0.9998434322663896 0.002609824375080675 0.017501421956421945 115.51603403216674 -0.002843698961505068 0.9999068193122886 0.013351631697974816 0.6353135313817759 -0.017464945748035646 -0.013399310038702202 0.9997576877226325 0.41719827066942866
0.9998113012721074 0.004048503344504543 0.018999249175815587 116.84786587387262 -0.004315119051238281 0.9998925018807778 0.01401300931892399 0.6486161661862798 -0.01894047507716832 -0.014092349103969348 0.9997212932115546 0.4182806301404043
0.9997731929686048 0.0050503465657160684 0.020689529258226223 118.17735087314057 -0.005344977302991215 0.9998847453207106 0.014210112334818743 0.6477240279358417 -0.020615378701138328 -0.014317474445719082 0.999684958417653 0.41051326477499805
0.999756190393539 0.005892604823650638 0.021279966592787084 119.53420269743165 -0.006194947718892112 0.9998804096575272 0.014170003735213016 0.6436746459798152 -0.021193923481933174 -0.014298377232680869 0.999673133587151 0.40639136943097043
0.9997528727760675 0.006897895971937186 0.021133206267877073 120.85561217863788 -0.007199407181377174 0.9998729083875667 0.014224472180905903 0.6449424189629193 -0.021032401485257 -0.01437310348355441 0.9996754733332283 0.3903760713729951
0.9997446115702111 0.008257975733690113 0.02103609928454792 122.17631645372776 -0.008592013485500635 0.9998376434731585 0.01583868676077886 0.6458517452424597 -0.02090188844560576 -0.01601538419217228 0.999653249146215 0.38061930577123465
0.9997385253606704 0.009340746246911717 0.02087178404504607 123.53113083665525 -0.009709164549845847 0.9997976055432688 0.01762044476426377 0.6471384536868621 -0.020702971608352546 -0.017818485050566404 0.9996268746672863 0.36563880669304305
0.9997336339040461 0.01053196828818937 0.020536282160784385 124.87689904111271 -0.010916058543399278 0.9997658935419146 0.018681482173911582 0.6489707445385947 -0.02033472170667347 -0.018900681318769173 0.999614557386395 0.35811957700905017
0.9997268276981789 0.011532561540766931 0.02032904338241542 126.22286568926457 -0.011929662436023955 0.9997382559258066 0.01952185423030167 0.644236986138015 -0.020098585390475213 -0.019759040025645262 0.9996027346914207 0.3501819283136889
0.9997086332515933 0.012500361757680972 0.020649202361311958 127.55861175365504 -0.012889518687693734 0.9997397669420183 0.01882176141381905 0.6331955732142923 -0.02040854992964709 -0.01908243565811872 0.9996095996633501 0.3445765041934779
0.9996766470605738 0.01341727867271413 0.021600415615165607 128.89736732285806 -0.013799105929228837 0.9997494243168512 0.017625925611965562 0.6272045136142257 -0.02135851112046627 -0.017918292640297866 0.9996112988514954 0.3279430370955127
0.9996457965225916 0.014281476060426306 0.022457091001484523 130.25274120761406 -0.01463341516886113 0.9997714410975259 0.015586170994568965 0.6134175049153762 -0.022229364705479815 -0.015909274254712825 0.9996263053448919 0.3123263254267019
0.999634367270177 0.014693571606375353 0.022698694363359185 131.57963791052447 -0.015040711532773934 0.9997713557541567 0.015199118727197208 0.5964433670522231 -0.022470175098132972 -0.015534965946015966 0.9996268083960711 0.30589461586649125
0.9996356281690549 0.014698990825478354 0.022639579584687933 132.9427395972993 -0.015020647753874959 0.9997877088306258 0.014103808431118775 0.5826722371014056 -0.02242746165113044 -0.014438730550854846 0.9996442027161299 0.2987008466654082
0.9996308539396971 0.01447333025695139 0.02299301117872936 134.2820643904608 -0.01475399022832163 0.9998181327284663 0.012083924846893327 0.5701854040858502 -0.022813934867412674 -0.012418702775893763 0.9996625931769326 0.2802439157571623
0.9996374742138014 0.013927917868434992 0.023041988874696957 135.61694737819658 -0.014199397768972544 0.9998311894987181 0.01166060069536965 0.5501146884271835 -0.022875691256222765 -0.011983555792355074 0.9996664929565867 0.2788548315959481
0.9996589053360825 0.01280218997880865 0.02276349959939705 136.9625842414252 -0.013080975990859152 0.9998407339615933 0.01214062511852786 0.5377168967264718 -0.022604447557766697 -0.012434252807810952 0.9996671587622149 0.2765128090272952
0.999656058866056 0.011767657217733 0.023436855932273987 138.29686522482814 -0.012003603672944755 0.9998784260960639 0.009952212142073702 0.5259076704341435 -0.02331689240115623 -0.010230115896895228 0.999675781069787 0.2564048457422727
0.9996624925431765 0.010714868175665953 0.023666275633095573 139.61583901096193 -0.010947629070546243 0.9998927562568346 0.009727558935516871 0.5136045828894247 -0.023559508061444814 -0.009983365418951883 0.9996725873979012 0.2508365683082349
0.9996705848797299 0.00946874085682949 0.023855076457741427 140.97277971673245 -0.009692624799325221 0.9999098974478527 0.009287088366327786 0.5038726972806087 -0.023764990021415685 -0.00951524736466074 0.9996722889611731 0.24189536081920907
0.9996816884342875 0.008248425919967276 0.023842929329567348 142.3200796863024 -0.008481086422174615 0.9999172443067936 0.009673453933707934 0.50189512874369 -0.023761165423260205 -0.00987258870564231 0.9996689146962495 0.23201894781435398
0.9996884481278652 0.007214897029003614 0.023894600657084538 143.66785646052847 -0.007445118790348536 0.9999265858026242 0.00955997967073487 0.4962377366817046 -0.023823872185231965 -0.009734899381510818 0.999668772568261 0.20850437319117215
0.9997372355859184 0.006277395570516195 0.022046634388880406 145.02551886588415 -0.006468533741005407 0.9999420187560982 0.00860913452214557 0.48100515601730237 -0.021991313154679396 -0.008749481746377194 0.9997198751224778 0.20685264107968793
0.9997421440381726 0.005295162631145409 0.022081818010920816 146.34548036714608 -0.00543556246431612 0.999965362839838 0.006302997801662307 0.47923616800471003 -0.022047677761030147 -0.006421399637225784 0.9997362979966491 0.20488553845524388
0.9996890202400643 0.004502577317408181 0.02452732372194383 147.72559617344484 -0.004470771889467025 0.9999890928761896 -0.0013514168002009567 0.4673034554963063 -0.024533141058018206 0.0012413404675089329 0.9996982465042494 0.18051250468521055
0.9996472503945142 0.0031324345728481373 0.026373521424608217 149.05621797623235 -0.002900233411771741 0.9999567384258583 -0.008837981832801866 0.45328424468935385 -0.026400064864402998 0.008758374870175327 0.9996130888722841 0.1587468595899749
0.9997321285835068 0.0018538936673666376 0.023070200609461317 150.36999814752983 -0.0015856980974056634 0.9999310181463182 -0.011638063000832406 0.43944238555825194 -0.023090184915556124 0.011598363123197945 0.9996661049237531 0.1562404892252029
0.9997937052453557 0.0022875557004343 0.02018202271032576 151.72739807879233 -0.0020554190117743664 0.9999315829881364 -0.011515406876252238 0.4446190102206782 -0.02020698405128115 0.011471548795041208 0.99973000423304 0.1537790368775341
0.9998305401135634 0.0029310949175291394 0.01817415029112996 153.06093966193941 -0.002786976726077938 0.9999645136418095 -0.00795010803872844 0.45374034152545406 -0.01819680787798905 0.007898109880445417 0.9998032286622043 0.14104271083548509
0.9998199488139062 0.0038321017106190784 0.01858453524405062 154.42057872741435 -0.0036931012651512433 0.9999649954381729 -0.007507922574195142 0.456164156507845 -0.01861265582347741 0.007437936193208507 0.9997991028943677 0.1452745852940569
0.9997820038373623 0.004519698939705364 0.020384237156264945 155.75420673824684 -0.004326313315857588 0.9999453137698062 -0.009521159745373499 0.45117019930340546 -0.020426155194785422 0.0094308955724424 0.9997468831622633 0.12806370225948494
0.9997180122499943 0.004967108262254456 0.023221193303344496 157.08300445402008 -0.004549332214671181 0.9998274659927525 -0.01800949257785849 0.4409681463342223 -0.02330664195719329 0.0178987731988097 0.9995681239208545 0.1072652482146015
0.99969179315007 0.004952616267326047 0.024326740441463553 158.41550389782594 -0.00443165056691201 0.9997606839228803 -0.021422776554577593 0.42356025135649533 -0.024427017453027486 0.02130836629503042 0.9994744990964933 0.09142826474971538
0.9996877977777598 0.00492666142817757 0.024495611472764914 159.74833228842277 -0.004385430790256498 0.9997461502665219 -0.02209984217257373 0.41912584012049653 -0.024598271708321604 0.021985518743957475 0.999455632829453 0.08112474252408532
0.9996807387387197 0.0059040174137648905 0.024567522731966045 161.10870064838298 -0.005381534562990671 0.9997590871492481 -0.021279256289856663 0.4214846465562584 -0.024687237199716057 0.02114025167494532 0.999471675475881 0.05789846198697243
0.9996874769648703 0.006973279615171266 0.024006702626987713 162.4520840095985 -0.006487043137145468 0.9997734395196175 -0.020272836566462244 0.42563994427100144 -0.024142631814878752 0.020110768322525913 0.9995062232555278 0.02779840665507436
0.9997156424130675 0.007837331628765019 0.022521335385993945 163.79572417188214 -0.007430428687336999 0.9998086673818805 -0.01809467760394245 0.43225930810769925 -0.02265884030902868 0.01792218906855345 0.9995825989355962 0.011029231015289001
0.9997189566360285 0.008544380289544724 0.022113373963240073 165.1502456562776 -0.008153487381994215 0.9998099739640092 -0.01770696488952476 0.43317640849561473 -0.02226046688823317 0.017521687348963887 0.999598650502472 -0.017361543986322222
0.9996986813644931 0.00887535150406757 0.02288612273350551 166.49585206246172 -0.008447316387412526 0.9997888522814884 -0.01873215683030021 0.43233462987500226 -0.023047544857202992 0.018533186162752926 0.9995625701709283 -0.04408952917493408
0.9997040359252176 0.00856570832089326 0.02276991866021135 167.82575087070134 -0.008147041713304853 0.999797209698267 -0.018416438061727127 0.4218729634435912 -0.02292305097828236 0.0182254799805421 0.9995710908251229 -0.06207181737763941
0.9997371076935688 0.00812566654867222 0.021440360156423942 169.13384172402215 -0.007758646059591067 0.9998228896668091 -0.01714621560676361 0.4224803317989987 -0.021575887277685106 0.01697535983275233 0.9996230880920715 -0.07205434472448288
0.9997907024618069 0.007495751075976563 0.019035886812381213 170.53311913164876 -0.007233169171583023 0.9998782591106059 -0.013825636393290689 0.42733836705658856 -0.019137202895461333 0.01368505293198456 0.9997232050880819 -0.08827828275974212
0.9998212699636606 0.007241552758887657 0.017463906833613704 171.88840466731847 -0.007104054917885117 0.9999433817126041 -0.007922485271999461 0.4351293836615952 -0.017520289152196236 0.007797004732692079 0.9998161061841432 -0.08729074541977004
0.9998068387801962 0.007438834550396657 0.018192000134199932 173.2564265436089 -0.0073286045317118385 0.999954427102054 -0.0061184372694991305 0.44201764357404283 -0.018236685114589167 0.00598393345006846 0.9998157909617634 -0.10535169871996462
0.9997700534456241 0.008173602198499132 0.019825046290861136 174.6504717445037 -0.008095601834721765 0.9999591836900417 -0.004011506559796207 0.4433312263167971 -0.019857025564463233 0.003850088446559186 0.99979541675019 -0.11506113054884266
0.9997411613595318 0.008171909746552625 0.021232761821971157 176.00375197615307 -0.008087402347343587 0.9999590426511319 -0.004062873798634717 0.44594010241390225 -0.021265093622331862 0.0038901042821046883 0.999766304134075 -0.12423581318516079
0.999718668525606 0.007504118078888068 0.022500489177959035 177.4292672444508 -0.0073664693871563726 0.9999536821577275 -0.006194244745772727 0.44958218873030464 -0.022545929347832047 0.006026752945040163 0.9997276425701062 -0.13202865431116703
0.9997224488719573 0.0060847443012852186 0.022759637700208273 178.8288739963867 -0.0059079781778481446 0.9999519248275361 -0.00782584356830403 0.45057595039833986 -0.022806161783755607 0.007689208053725201 0.9997103355793616 -0.14525821314405185
0.9998028127346934 0.003954538303987637 0.019460145801047476 180.16917554373137 -0.003809067924918141 0.9999645696424995 -0.007506694427914065 0.44209337186599484 -0.01948914183177625 0.007431089186183332 0.9997824524686197 -0.14770177464637654
0.9998831633319731 0.0024884547925776725 0.01508201836598648 181.5909521173342 -0.0024240039352009216 0.9999878594099171 -0.004290132596322091 0.44458993816288267 -0.015092511062403988 0.004253072479654219 0.9998770561845661 -0.15323880652687677
0.9998939253434115 0.0018353214057775665 0.01444886350830816 182.98861540956892 -0.0018041087847853027 0.9999960117299126 -0.0021729509339292485 0.4614785961317966 -0.014452793945700778 0.002146653117319646 0.9998932486158496 -0.16968198778885307
0.9998725420760555 0.0015321488969933222 0.015891888563794386 184.34545580718753 -0.0015416333216207799 0.9999986408179852 0.0005845758153118384 0.47406108628762084 -0.01589097130663463 -0.0006090007714454602 0.9998735450790726 -0.17690254801685065
0.9998306447187567 0.0014470612859982018 0.018346331919760477 185.77341461790678 -0.0015173784863929097 0.9999915547406161 0.0038194253461000054 0.48757097290686513 -0.018340650037675568 -0.0038466168356055966 0.9998243966292859 -0.1862406319096352
0.9997998173151036 0.0018216906278652764 0.019925027978444393 187.12871939874253 -0.0019146428747988933 0.9999873696002501 0.004647018682399921 0.4969680242527902 -0.01991631088699476 -0.0046842377425724115 0.9997906773307219 -0.19009811290107678
0.999792086871946 0.002044006327256257 0.020288052306062253 188.58144902406514 -0.002134880690638482 0.9999877816956493 0.004458558494754295 0.5026622600709245 -0.020278691098690772 -0.004500944073029914 0.9997842348175807 -0.19840446421783833
0.9997861793269993 0.001828926050631741 0.020597345853829746 189.9986495255883 -0.0019088389071358377 0.9999907253411984 0.0038607726701171312 0.5010797404370562 -0.02059009375276279 -0.003899264172256028 0.9997803977765154 -0.20659523220513756
0.9997732093090653 0.0019583561771058557 0.021206008321597688 191.38763367036032 -0.0019792574304244256 0.9999975759582648 0.0009646852432221605 0.502272183842559 -0.021204067720043452 -0.00100643861112948 0.9997746619080952 -0.22370911488376555
0.999767004946373 0.002414416154830444 0.021450091262981977 192.83052109154286 -0.0024077896615795702 0.999997045242196 -0.00033474740173306504 0.5093223257916771 -0.021450836102691953 0.00028302209926130053 0.9997698642832693 -0.23024203679668873
0.9997527089848218 0.002666074705920799 0.022077430175916 194.2043403274216 -0.0026182086587110387 0.9999941596849222 -0.002196720161005102 0.5106175575906339 -0.022083157856824905 0.0021383736129977535 0.9997538504538813 -0.23671900254289582
0.9997331037033105 0.0031223259208290883 0.022890444307398596 195.64479867385424 -0.0030076885115333137 0.9999827718786561 -0.005040809032001399 0.504510135335213 -0.02290578899674902 0.004970616332371182 0.9997252711638897 -0.2478782557876582
0.9997196994896607 0.0034098462419376576 0.023428516831182154 197.049080253405 -0.0032250185866854898 0.9999634178268277 -0.007922263767680028 0.4953502607210471 -0.023454673466458128 0.00784448575086387 0.9996941243879982 -0.2570696412032668
0.9997863098928157 0.003691106244591882 0.02033986936038779 198.47307257866 -0.003587146255590123 0.9999803291463475 -0.005145260158979338 0.49787924386383947 -0.020358460959697147 0.0050711985815691685 0.9997798837805744 -0.27036920695528716
0.9998686112376256 0.004235092528732599 0.015646860803849773 199.9137005527121 -0.004262086362208986 0.9999894854024962 0.001692248295002388 0.5050930066687644 -0.015639529455295297 -0.0017587142246367476 0.9998761483517311 -0.2810121575239593
0.9998658981643799 0.005295170218015374 0.01549667255574633 201.34640435471 -0.005492473569823671 0.9999040476827826 0.012717238759742018 0.51675985500801 -0.015427845670169471 -0.012800648419112968 0.9997990422970147 -0.290345655000349
0.9997966456555252 0.006305131606762323 0.019154964144616295 202.79936669746715 -0.006669860910636018 0.9997965292945473 0.019037147002907123 0.5443574691031601 -0.019031034953278254 -0.019161036662950486 0.9996352706775647 -0.3030902682923987
0.9997667940050708 0.007200379385396859 0.02035957125110122 204.25198128647511 -0.0076129158776932875 0.9997657977998963 0.020258160365051466 0.5487446169458078 -0.02020893655444246 -0.020408431743848633 0.9995874623048726 -0.31118322869523696
0.999765800382753 0.006864393108259826 0.020523754341943867 205.70739398948427 -0.007277582865564045 0.9997709677209812 0.02012582643986003 0.5437607680037523 -0.020380902155401108 -0.02027047630194701 0.9995867779326735 -0.3198954349309723
0.9997679707770455 0.005685274675194862 0.020776964653584987 207.1520087906836 -0.006044272004496516 0.9998328196573927 0.01725686854221383 0.5349485212007977 -0.02067538111581965 -0.017378446070209427 0.9996351925717203 -0.32778853798330504
0.9997773569952714 0.004556061087472505 0.020602882005116684 208.57926419603496 -0.0048893535439327425 0.9998575344436306 0.01615565034984194 0.5281993660427754 -0.02052634067416729 -0.01625278818145165 0.9996571993512859 -0.329453298382619
0.9997875982055573 0.0041186839121007904 0.020193932682745337 210.06263923599272 -0.004465981478402928 0.9998423823899895 0.01718328798992597 0.5346820678648389 -0.020119977231538064 -0.01726982395805974 0.9996484080398768 -0.3437290355634626
0.9997841941605532 0.003907913469061707 0.020403267362156835 211.5437748985446 -0.004274938302485911 0.9998292793223733 0.017976014914702687 0.5352347195867158 -0.020329535391721748 -0.018059358294856456 0.9996302164144173 -0.3500988106497671
0.9997671748435424 0.003778517498160424 0.021244267718089672 213.0089600257077 -0.004204960937876477 0.9997898422550878 0.02006463623038207 0.5438522122974856 -0.021163988491603006 -0.02014929599422083 0.9995729545471229 -0.36068370189726623
0.9997722977695112 0.0034592884195035964 0.021056731377463674 214.47099670056622 -0.0038792329475622737 0.999793744083327 0.019935416814843548 0.5536661129962924 -0.02098342594550571 -0.020012561442096507 0.9995795082033824 -0.36940939511691445
0.9997838619647198 0.003099624250950926 0.020557764577238763 215.92969460152287 -0.0035254751747672715 0.9997792871867149 0.020711058331634228 0.5534701598874577 -0.020489030716516473 -0.02077905777284362 0.9995741245042162 -0.3773118916594029
0.9997888049502172 0.0028462993230555737 0.02035298691544534 217.39302936120671 -0.003270438596126644 0.999777550868148 0.020836338725326312 0.5572633303650664 -0.020289152954366552 -0.020898501387686657 0.9995757114456829 -0.3860767264006758
0.9997879355936463 0.002284993151160911 0.020466134165842295 218.8597145288048 -0.0027201598254046025 0.9997702752626968 0.021260231223477477 0.5554285024967589 -0.02041285310580969 -0.021311393841103393 0.9995644751193542 -0.39814259180029765
0.9997968748185914 0.002039838920938726 0.02005113862488985 220.33858729118546 -0.0024870363765925577 0.9997481576472304 0.022303271756181537 0.5643474876747678 -0.020000593817170318 -0.02234860931121226 0.999550156774944 -0.40292809834264964
0.999795430083615 0.0018142989117679907 0.020144634605223817 221.81489273540433 -0.0022812067389035864 0.9997287272604618 0.02317904195585727 0.5691702818814278 -0.02009711620441113 -0.023220254297396666 0.9995283516292225 -0.40595394037534943
0.9998004781811015 0.0014099725143772073 0.019925255490193295 223.29979033764766 -0.0019047037395873345 0.9996898181020197 0.024832230806258612 0.5777253516745895 -0.019884062273720107 -0.024865227943045246 0.9994930437510985 -0.41514843329512774
0.9997997724583348 0.001016568253433595 0.01998453355091783 224.7826183765427 -0.0015149117311084438 0.9996878729119629 0.024937156918978288 0.5783661587705586 -0.01995294551460008 -0.0249624386176693 0.99948924787791 -0.42112264750259093
0.9997973608045259 0.000537862423338466 0.020123320608647396 226.25445778646468 -0.0010606600617676669 0.9996619509470526 0.025978045133654325 0.5829448455361371 -0.020102545324864298 -0.025994124965968188 0.9994599507427576 -0.43301151399131976
0.999793278003023 0.0005588230835362392 0.02032459044437263 227.74023043996044 -0.0010838118279230548 0.999665803961732 0.025828390222119173 0.589211976566808 -0.02030336454609999 -0.025845078957235052 0.9994597567094948 -0.4354819195320498
0.9997950616547328 0.0007560735122869991 0.020230250706631942 229.24374226103416 -0.0012648652778635572 0.9996829115549601 0.025149084691624034 0.5881621108962826 -0.02020482137109901 -0.025169519221503636 0.9994789945244072 -0.4463061221542889
0.9997786731713977 0.000951868621264673 0.021016627173917047 230.74502246406746 -0.0014433847602170788 0.9997255091911054 0.02338424497431807 0.5958598325738499 -0.020988599573900823 -0.02340940449291264 0.999505617027345 -0.4634187315970035
0.999765973841672 0.0012364637871873036 0.021597886603002343 232.25283654030227 -0.0017235020015134734 0.9997443157401799 0.022546234409547037 0.5963621394723573 -0.021564486760967734 -0.022578182001712147 0.9995124804664691 -0.4659753270946566
0.9997578823137483 0.001160230702944006 0.021973407024067734 233.76224484249224 -0.0016640553049596224 0.9997358154123074 0.022924447688678008 0.5983961296094845 -0.02194100434053644 -0.02295546223897146 0.9994956923778731 -0.4726108076334023
0.9997583352898146 0.0012444469699002807 0.021948174645688545 235.22379828886577 -0.0017755669749819985 0.9997056580667264 0.024195962293137252 0.6068448921380718 -0.02191160378557199 -0.024229085436984044 0.9994662740875409 -0.47811412194300984
0.9997691745648858 0.0016306676405787612 0.02142285025138162 236.74658392706363 -0.002165468492981551 0.9996859902527832 0.02496460771809727 0.606069751788121 -0.021375414289623872 -0.025005235758907507 0.9994587684585036 -0.4931443977858844
0.9997486150356404 0.0020104096522499688 0.022330808031713674 238.2320926315789 -0.0025948210843787403 0.9996540719625867 0.026172567932084067 0.6157204373231712 -0.022270465595922582 -0.026223932993539163 0.9994079906126883 -0.5041409013729797
0.9997028962181033 0.0023627982846126877 0.024259770761537926 239.7419749381804 -0.0030124149318398246 0.9996369197749881 0.026775996322312354 0.6304089299076492 -0.024187696240331933 -0.02684112156822601 0.9993470415944328 -0.5218920033451766
0.9996852740181578 0.0031693617840526374 0.024885900769764983 241.26915612258554 -0.0038384152675473055 0.999631210315636 0.026883264889718754 0.6190908379540081 -0.024791520313902946 -0.026970326449242545 0.9993287657281494 -0.5388926088790116
0.9997091809610553 0.00373684483417769 0.023824136770539926 242.7516800901487 -0.004419641444520379 0.9995791048639877 0.028671935560944533 0.6249363456813939 -0.023706966732966725 -0.028768891358451017 0.9993049237436628 -0.548834516507425
0.9997265134257549 0.004571629160630001 0.02293465849760267 244.3055293934647 -0.00523904145472023 0.9995620350948129 0.029125426035541743 0.6125912490502882 -0.022791463275088412 -0.029237616249170643 0.9993126192527775 -0.562903141154542
0.9997177827194631 0.004790969460935644 0.023268036576057895 245.79200148937534 -0.005486289418384475 0.9995374871880585 0.029911742413297943 0.6085031669728225 -0.023113968566607263 -0.030030955985551753 0.9992816850816869 -0.583335246613088
0.9996970082666965 0.004760665761523322 0.02415010815966442 247.3156730257293 -0.005477836773870274 0.9995433219026114 0.029717687396077132 0.6130399241773997 -0.02399760335732019 -0.02984097353303318 0.999266546688973 -0.5984862731432362
0.9996821098107168 0.004547847251251252 0.024799121149212316 248.86601413243648 -0.005298736190249834 0.9995268745928837 0.03029769564451753 0.6118767441431894 -0.024649598763066303 -0.030419468305033972 0.9992332326483436 -0.6039083940180857
0.9996757007110882 0.0041105089010148406 0.02513159613652358 250.3645567378452 -0.004883667313046538 0.9995142271275929 0.030780831098366653 0.6229313789849564 -0.024992863008669694 -0.03089358325130597 0.9992101597324382 -0.6203625976676134
0.9996677467201595 0.004268176163392841 0.025420047987313687 251.92546462608126 -0.0050814460759324885 0.9994744689717528 0.03201507112923733 0.6209820522422914 -0.02527004299989368 -0.032133604619945466 0.9991640788083369 -0.6362145783524703
0.9996582004694439 0.0041204685660589935 0.025816738232960778 253.43940389035134 -0.0049855467478105864 0.9994251367250898 0.03353416773472809 0.6307169040754635 -0.025663720654232787 -0.03365141632727518 0.9991040764711902 -0.6548494302629109
0.9996450910082597 0.0041955350362392054 0.026307594128841743 254.99115126407315 -0.0050762438951754375 0.9994258108974137 0.03350045163820906 0.622501180356358 -0.02615193627639975 -0.03362210579078859 0.9990924032496635 -0.6795694477075127
0.9996309406370399 0.004410191821943446 0.02680546080932746 256.538633301022 -0.005291000509637529 0.9994453771661805 0.03287770330722618 0.6176109714438544 -0.026645596910441747 -0.03300739718979125 0.9990998568191478 -0.6896733116785586
0.9996121510939501 0.0044457287050807485 0.02749150562640697 258.0867016872232 -0.0052899799163901645 0.9995142319449538 0.030713453924513263 0.6065227549474361 -0.027341607447444155 -0.030846971257642644 0.9991500892590762 -0.7263563322363061
0.9995849390979511 0.004664990679644805 0.028428636803477483 259.5986377874928 -0.005476216711629822 0.9995780842885897 0.028524804302224014 0.5924424734236927 -0.028283574368747552 -0.028668646147171625 0.9991887450071761 -0.738536463153689
0.9996026751246576 0.004334602466794865 0.027851447091366235 261.13421220655874 -0.005137544733315272 0.999571331544428 0.02882288654198821 0.5874456089615203 -0.027714572299451082 -0.028954522547505364 0.9991964462038005 -0.7566677125279346
0.999614190239159 0.004199346101832699 0.027456077010881822 262.6558716084182 -0.0050318594515131945 0.999527480141736 0.030323206162475073 0.5847360115237188 -0.027315765831670693 -0.030449662294166277 0.9991629832030411 -0.7611860851200645
0.9995634922568765 0.004799764297881411 0.02915110992607557 264.18431843561365 -0.005666611968484804 0.9995419952359231 0.029726911521183678 0.5826372115161891 -0.028995076410245645 -0.02987912352252725 0.9991328858172418 -0.7738356614375393
0.9995112271631404 0.005216086884528477 0.030823679411226098 265.7361738727512 -0.006041523940375776 0.9996239743418205 0.02674714768982503 0.5781480155203849 -0.03067257347062453 -0.026920296407664166 0.9991668984098766 -0.8104825352621541
0.9995203841609971 0.005402566268626711 0.03049285038112864 267.30608236652944 -0.006249201537794577 0.9995956830220625 0.027738384303997915 0.5636941805925657 -0.03033066314462686 -0.02791563650303086 0.9991500228253202 -0.8161285507911228
0.9995376212551457 0.005608168760687799 0.029884647208163688 268.7991309716987 -0.006460463642696411 0.9995729241928833 0.02849967771764696 0.565191020328023 -0.02971205319607109 -0.02867956874919828 0.9991469742891853 -0.8353366889044288
0.9995311576264951 0.006476207492756638 0.029925301508077155 270.37412910195576 -0.007373185994355641 0.9995238606752478 0.029961443041690662 0.5565622634726133 -0.029717016373303692 -0.03016804066157759 0.9991029918184162 -0.8550498031624606
0.999506587229396 0.0074968632588522845 0.03050211675152898 271.88335971040533 -0.008462940869910519 0.9994626247362006 0.03166765522196521 0.5606007730410496 -0.030248317587565632 -0.03191016760693891 0.9990329226238838 -0.8842663895056746
0.9995069602704961 0.008413644386916792 0.030249743122269294 273.4269444238297 -0.009442782827121455 0.9993758240674407 0.03404109460642567 0.55426437565373 -0.029944452296086412 -0.0343099527492287 0.9989625402982002 -0.9018256772588893
0.99949864567876 0.009457854620024153 0.030215993650894772 275.0003785644777 -0.010525710094273463 0.9993185215793224 0.035379398744585816 0.5393143488668138 -0.029860788893392203 -0.03567970591952207 0.9989170595560779 -0.9284655502838745
0.9994945525678015 0.010206086460595079 0.03010772635801494 276.5265091722659 -0.011313755619518988 0.9992566795480087 0.0368522361936204 0.5420501266171729 -0.0297092295603917 -0.03717424078373949 0.9988670769932707 -0.9501384665330391
0.9994938355420901 0.011462076657814041 0.02967648078953586 278.09698459430984 -0.0125694623170876 0.9992212592748101 0.03740165277527366 0.5165250189895357 -0.029224669894125598 -0.03775573879495957 0.9988595611284031 -0.9781726146874513
0.9994965219718492 0.01255669677300471 0.02913815252083597 279.6043859561546 -0.013631546609923318 0.9992227522284763 0.036987462280755244 0.4951553414955483 -0.028651064608460446 -0.03736603799039466 0.9988908327248289 -0.9980957712945276
0.999479735194577 0.013547260403026428 0.02926996192260721 281.161025316561 -0.014630556486644661 0.9992037467578679 0.037118988158752565 0.47623680435022986 -0.028743795022045774 -0.037527912286871294 0.9988821001735487 -1.0241165952067024
0.9994347967877915 0.014709207776694067 0.030227903935405254 282.7498630545423 -0.015823380202573928 0.999191588986242 0.03695658450281248 0.4339430126446742 -0.029659865284772234 -0.037414004139236026 0.9988595920776645 -1.0389860721023256
0.9994207559245566 0.015170143935454338 0.030463410186081015 284.2427049991775 -0.016270314276170438 0.9992122014909096 0.036197420696022366 0.40989728953518945 -0.02989029107490375 -0.03667210281218929 0.9988802367525297 -1.063254662140972
0.9994738779693614 0.015703756430450435 0.028378852881310458 285.81330719633775 -0.016703535652234675 0.9992356391750141 0.035343023345709185 0.3734040658858806 -0.02780214296777321 -0.035798455783370126 0.9989722275468551 -1.0866989709224446
0.9995193505404092 0.01545407870646524 0.026874511095326428 287.38886293543965 -0.01642156143155088 0.9992110830066013 0.03615997672738233 0.3538623809005416 -0.02629449021046512 -0.0365839178890043 0.9989845928423833 -1.1120905337497902
0.9995245411199791 0.01479918908865793 0.027049504638963915 288.92843069295174 -0.015748509164250003 0.9992552691310612 0.03522629093324952 0.3236533695193385 -0.02650803949745654 -0.03563553165211026 0.9990132295049314 -1.1430299708874245
0.999525568102542 0.014337984148579017 0.027259143784165184 290.473230720678 -0.015245300861213472 0.9993266621801173 0.0333736881030039 0.29732814342954345 -0.0267622777607172 -0.033773428409040705 0.9990711366176873 -1.1634294904403344
0.9995521734177778 0.013284813990125833 0.02681354756544894 292.0117934630769 -0.014208968685213447 0.9993010957047149 0.034574923459914544 0.2775246094002215 -0.02633548603499581 -0.03494043274780784 0.999042345616389 -1.1820303518991953
0.9995524967160061 0.012962100336599605 0.02695904789977678 293.6000098125584 -0.01388985383988615 0.9993076270246808 0.03451577220066239 0.2545537992229922 -0.026492985281110437 -0.034874783514243404 0.9990404752590005 -1.2142117384773412
0.999547583176216 0.012638386330027885 0.027292859094612845 295.13936386165284 -0.01357031214345728 0.9993216906003697 0.03423456329424784 0.2299158194897213 -0.02684167645499369 -0.03458944761905991 0.999041087502658 -1.246630229322633
0.9995462540651165 0.011815533995400416 0.027707023311736523 296.7258894397552 -0.012761446969457435 0.9993330078164774 0.03421527377821593 0.2194322484045254 -0.02728427121327047 -0.03455333044550238 0.9990303478370838 -1.2666387145132996
0.9995316674855013 0.010870343218626623 0.028605617140038897 298.32682597550877 -0.011848158437085114 0.9993434700327241 0.034238137282912084 0.19054646553821003 -0.028214656391722333 -0.0345610263340524 0.9990042385412756 -1.2934929341936894
0.9995073919853431 0.01029534914837056 0.02964758257549727 299.9037118105135 -0.011306252832053876 0.999353308555569 0.03413404936328834 0.17502444180789087 -0.029276987781454863 -0.03445243772145705 0.9989774209267663 -1.3195927464964625
0.9994929742088751 0.011045751519318211 0.029862784204936575 301.50155653219406 -0.012070175538277354 0.9993371596093593 0.034344610732587655 0.164563095694033 -0.029463627909208687 -0.03468764617657537 0.9989637940551981 -1.351571466690859
0.9994809974190599 0.011960899042618888 0.029911079758067307 303.0808448298027 -0.013010477418608805 0.9992975277249391 0.03514510720092307 0.16558594086821285 -0.02946970097474787 -0.03551602422733692 0.9989345067358231 -1.384259734378349
0.999468030408545 0.012444789275056056 0.030146034750247654 304.69052481313315 -0.013500222699053597 0.9992938822257077 0.03506395490171492 0.14652710598875923 -0.02968838456938416 -0.03545228012657281 0.9989302956940926 -1.4118571584069535
0.9994731472018911 0.01275473652307639 0.029845346682087177 306.2963135795676 -0.013769145333579305 0.9993258250275812 0.034033895894050654 0.12003872319328304 -0.02939113232132852 -0.03442690995676504 0.9989749492413206 -1.4414863670936533
0.9994844300861399 0.013197429127859891 0.02926947009768367 307.89162923449874 -0.014166668208749622 0.9993497146362081 0.03315800609796475 0.0969060324446843 -0.028812836154174164 -0.03355556169913685 0.9990214435895799 -1.466967442595378
0.999483030761503 0.013430965246914346 0.02921096356398876 309.50310051947406 -0.014392560779425113 0.9993529785459783 0.03296177279049337 0.07351637088237553 -0.028749355019044406 -0.03336515313643464 0.9990296497813121 -1.5006565701118115
0.9995074326391384 0.01148327583452695 0.029206616976744152 311.11045081845333 -0.012454680860707699 0.999367853780243 0.03329825453877184 0.056962431133837484 -0.028805781082553404 -0.03364561199887865 0.999018618329731 -1.5316230755527258
0.9995121804015146 0.009180754256486168 0.02985154904343091 312.72309772597157 -0.010194428175070621 0.9993703753451587 0.03398420981367702 0.04831890759549717 -0.029520753093267727 -0.03427195112272872 0.9989764554297803 -1.5641552781983405
0.9994556531617375 0.00864652604020158 0.03183763418473133 314.3409174683663 -0.009741714208650777 0.9993604482436813 0.03440630015658844 0.033399976504039634 -0.031519777399620516 -0.034697724329189106 0.9989006815289766 -1.5919705577797287
0.9993667917460497 0.009430278045648824 0.034308678365531545 315.9763113492713 -0.010565670080861933 0.9993973853283232 0.03306407135628275 0.027865107474273832 -0.03397620006637172 -0.033405629089911355 0.9988641958615582 -1.6192051196982458
0.9993406964741838 0.009582554299842885 0.03501923790695547 317.616099413499 -0.010708864669562008 0.9994267168450113 0.03211787467891934 0.013031018908019455 -0.03469139068965658 -0.03247171553047858 0.9988704095639861 -1.6562975870604448
0.9993483046789209 0.010002306319759433 0.03468313428242176 319.2306976806707 -0.011110373093995568 0.9994291796799191 0.03190414415144556 0.01038389293293013 -0.03434422142193674 -0.03226869493192589 0.9988889857147847 -1.7018257693151815
0.9993433540309411 0.01025835926595426 0.03475092544608881 320.85756976647997 -0.011359293386616605 0.9994350048374873 0.03163285569227824 -0.009450495867935706 -0.03440679014301946 -0.03200683006269666 0.9988952575827917 -1.7452762594316191
0.9993260476942386 0.010423039463208454 0.0351967420105986 322.4775020395293 -0.011529104945245328 0.9994413485247892 0.03136989955534775 -0.02278765214251668 -0.03485010959772949 -0.031754544671581834 0.9988879410392973 -1.7849116642417069
0.999307479330698 0.010830406676956825 0.03559865229103775 324.1043383947451 -0.011951130304573862 0.9994347649622821 0.031421665602429504 -0.03966742092275138 -0.03523822126852567 -0.03182534958173334 0.9988720713313747 -1.8114584222573231
0.9993122094326848 0.011225838522414974 0.03534244796607406 325.7402830032185 -0.01236158293363496 0.9994087727665435 0.03208264616028913 -0.05763152951533798 -0.03496139794317231 -0.03249746862049587 0.998860157973637 -1.8515668664396776
0.9993123796480307 0.011836426773417476 0.035137826959387365 327.3546869881298 -0.012981147570297122 0.9993864343651381 0.03253067190658302 -0.06434826511467567 -0.034731220680369025 -0.0329644324715762 0.9988528863160373 -1.8917886375762278
0.999263279098974 0.012338051021308171 0.036341044857865254 328.98882597238514 -0.01350821609004158 0.9993923466375483 0.0321320024330774 -0.0918344258464899 -0.035922515814326254 -0.03259923280217107 0.9988227384667808 -1.923122362131423
0.999228094219545 0.012178143937811015 0.03734847430091349 330.6200272724784 -0.01334993001275818 0.9994212779824604 0.031287193619115077 -0.11600499870403992 -0.036945839969210297 -0.03176164237150676 0.9988123962901311 -1.9511957443747023
0.9992469128169768 0.011994542126263873 0.03690173688219318 332.2328577316831 -0.013163790011592891 0.9994136722626673 0.03160737773021567 -0.1357089805437261 -0.03650098434661759 -0.03206934133453832 0.9988189202693833 -1.9940440400870425
0.9992408922630448 0.012003200122775887 0.037061602989704893 333.86411363361515 -0.013198624968953077 0.9993949161138076 0.03218070764921926 -0.15485451930396388 -0.036652906136933235 -0.0326454412236714 0.9987946934375598 -2.0277695792005455
0.9992900034648423 0.011574811726921977 0.035854047312983535 335.46139367674044 -0.01279258217305321 0.999342554233463 0.03392357792869108 -0.16926035017618732 -0.035437816193736225 -0.034358158152389434 0.9987810962126759 -2.0764006524564493
0.9993758465508419 0.010776921565756426 0.033641868146013776 337.0808307607411 -0.011982732626137896 0.9992853697255092 0.03584918369172474 -0.1913117548957257 -0.033231482807704084 -0.03622992981111151 0.998790799284957 -2.101034727733334
0.9993656943222301 0.009924425108201579 0.03420109352226505 338.6756174427129 -0.011184089451160612 0.9992586340223375 0.03683881750220461 -0.19759477969747297 -0.03381013390975345 -0.037197958520381144 0.9987357942553778 -2.1334571971152236
0.9992629577444713 0.00897463166952615 0.03732287858897564 340.291553229477 -0.010360147815849399 0.9992579918077524 0.03709626862059886 -0.20391060980599318 -0.03696225936012068 -0.03745559764219783 0.9986144749543044 -2.164174284658417
0.9991809024406728 0.007872247057819057 0.03969322264698811 341.9128046529088 -0.00936092756178182 0.9992543061329694 0.03745937412586124 -0.20837531661767894 -0.039368734206547504 -0.03780025662583296 0.9985095109041252 -2.217457638858184
0.9992056345386218 0.006542597344391363 0.03931023182657748 343.5165490442263 -0.00802803369795687 0.9992549932774416 0.037749292510515085 -0.2165028787200082 -0.03903396701866941 -0.03803488964213153 0.9985137438156253 -2.2609385974731215
0.9992433101217766 0.004994982358102492 0.0385727537015098 345.13302524778356 -0.006455194194941892 0.99926353710005 0.03782477878590395 -0.21812170886029542 -0.03835541219672501 -0.03804515177442753 0.9985396480769705 -2.3003658062276204
0.9992174346923919 0.003230165657863407 0.039421875102263026 346.7093490919387 -0.004704291998351506 0.9992908608340169 0.03735833361385165 -0.21925301914776515 -0.03927324590035705 -0.03751455028961899 0.998524046116576 -2.344790700799263
0.9991869406132401 0.0023348824132028274 0.040249298528915775 348.3086306285603 -0.0038144161792417128 0.9993182496739331 0.03672173876382058 -0.2225607429988605 -0.04013611761449785 -0.03684540938493234 0.9985146508039289 -2.375601024131519
0.9992104751923035 0.001926730993881962 0.03968266590903695 349.9178792963581 -0.0033964448011303125 0.9993093964569693 0.0370026257922439 -0.22498230976318204 -0.03958396681339433 -0.037108191285552754 0.9985269609333696 -2.4194616895659924
0.9992288405451378 0.0018197383382647884 0.03922260541065364 351.4955049972099 -0.003269250658470856 0.999312741795838 0.03692365210291468 -0.21833003221613903 -0.03912845796797613 -0.03702340660805319 0.9985480615073984 -2.4596827895058984
0.9992378965480059 0.0018630576993659456 0.03898916667903575 353.1014053039942 -0.0032946293226648877 0.9993214409218023 0.03668518954018288 -0.22799437281318846 -0.038894363601208785 -0.03678568648240427 0.9985659926865501 -2.5086593443321057
0.9992313610337312 0.0018998642069385794 0.03915453540360686 354.6726170905267 -0.0033314354205969915 0.9993270282057755 0.03652933390375265 -0.2282675178483335 -0.03905878473167722 -0.036631696840422986 0.998565235786764 -2.545817207145444
0.9992357502602153 0.001879610729507628 0.03904334085872087 356.27101310207894 -0.0032989298289208286 0.9993347715329182 0.036319849493551735 -0.22920907616906055 -0.03894910093812948 -0.03642089329980682 0.9985772308977185 -2.579261686053975
0.9992502109653602 0.0020730671587607555 0.038661586597531716 357.8891239516887 -0.0034790062442520793 0.999333663546535 0.03633353021952765 -0.22254347588963969 -0.03856050312477304 -0.0364407916381648 0.9985915863372514 -2.622609373142924
0.9992450538578616 0.00223709707182422 0.03878553515539764 359.487437931798 -0.003632541846639822 0.9993471521099447 0.035945433777816345 -0.21891737117114926 -0.03867980067595697 -0.03605918699075459 0.9986008251815307 -2.668039964716627
0.9992688016246098 0.0024455200417382627 0.038156015665180065 361.1044375750387 -0.0038237650625390007 0.9993412193352791 0.036090250182344935 -0.22386844645093001 -0.03804261978968478 -0.03620976068967039 0.9986198537533361 -2.718712927091524
0.9992851028063202 0.002596616213346784 0.03771658645215255 362.69649551028954 -0.003944193756677018 0.9993548149038034 0.03569870115557096 -0.22411352650003638 -0.03759955644647823 -0.035821941779104575 0.9986506205085954 -2.7513581539047856
0.9992745487767414 0.00267838913370668 0.037989503796288814 364.283402278632 -0.00399670252020036 0.9993908694233171 0.0346686671545222 -0.2190665741224618 -0.037873507046546726 -0.03479534947309 0.9986765648191813 -2.802457481909084
0.9992513385446666 0.0030552506396329853 0.03856718631454978 365.8732243405212 -0.004365618373354191 0.9994144094258978 0.03393787866237678 -0.233170247199161 -0.038440913008283326 -0.034080840297929856 0.9986795244379834 -2.8278847539461673
0.9992600228850372 0.002949085528861259 0.03834983126870698 367.453131216729 -0.0042626492093003855 0.9994053840353014 0.034215613146192925 -0.2372642297887983 -0.03822612307720057 -0.03435376625342468 0.9986784178396426 -2.8710167197123284
0.9992788947694695 0.003435284645611982 0.03781387691987276 369.0723491340831 -0.004746436545841491 0.9993886235752795 0.0346388569156759 -0.2537230089235186 -0.03767176407369269 -0.034793359822126835 0.9986842645720739 -2.9231480430089185
0.9992717689473994 0.0038052526781438374 0.037966456732104185 370.6549761095856 -0.005128398826315459 0.9993806469435659 0.03481410691283213 -0.2447812107239424 -0.03781046561751794 -0.03498346133125392 0.9986723817764619 -2.9670600711387487
0.9992630312584642 0.004474774967403383 0.038123099941331486 372.28211053003923 -0.005815848434390034 0.999365494454564 0.035139499150855326 -0.256641353546288 -0.03794166927184216 -0.03533532060949581 0.9986550179367699 -3.007939481767295
0.9992544014302692 0.004564222089648868 0.03833808940141304 373.8794668757956 -0.005922777480179253 0.9993557545510521 0.03539769134586958 -0.2629500537786858 -0.03815182733703144 -0.035598366850370114 0.9986376692016138 -3.0452588306611923
0.9992645923247265 0.004987011086845352 0.03801847243798377 375.48282686113436 -0.006342291619509503 0.99934559809325 0.035611106535146105 -0.2729834364444763 -0.037816000094023035 -0.035826042093205154 0.998642300748784 -3.08146693478319
0.9992679546390013 0.005747854424689968 0.03782217604923633 377.0943803406012 -0.007091365266099901 0.9993450828877668 0.03548405059608385 -0.278675882993216 -0.03759344850169516 -0.035726285526979415 0.9986542770910236 -3.126045987460983
0.9992646833028657 0.005934792299585189 0.03787969038923732 378.6938825581949 -0.007281775540584892 0.9993423942705221 0.035521187460964505 -0.2765320969225576 -0.03764396961799105 -0.035770899541683686 0.9986507769472662 -3.1775393419640268
0.999261309035779 0.00673528726232794 0.03783480103813681 380.31489550852865 -0.008072626849898207 0.9993439446551433 0.035305990665045556 -0.28312649980639826 -0.037572183325483996 -0.03558533667947943 0.9986601097738731 -3.2348674483816273
0.9992513447937188 0.006695651982780455 0.03810404404351599 381.91293542268903 -0.008053637287065905 0.9993337488685202 0.03559771479797366 -0.2792423591613975 -0.03784030727138853 -0.0358779405333553 0.998639516807087 -3.2823799682543635
0.9992610828382007 0.007019816018600254 0.037789026291921345 383.5412994956361 -0.008393908647763524 0.999304695134889 0.03632724293116429 -0.28315735084169424 -0.03750774083625299 -0.03661759774250392 0.9986252154401714 -3.3222678937220076
0.9992653116634246 0.007890587461376337 0.037504340225011 385.1719283036891 -0.009252308420464588 0.9992990288660746 0.036274587471297824 -0.2812962173844522 -0.03719182296004873 -0.03659493867783641 0.9986378616736269 -3.3693650375076594
0.9992618186301313 0.007909610888863466 0.03759329572662512 386.76900398150565 -0.009294246971932709 0.9992793880047159 0.036801109795018945 -0.2854769741983109 -0.03727512308802531 -0.037123345276349924 0.99861525245425 -3.410067180364278
0.9992319532675767 0.00851469506025027 0.03824922923529426 388.41396648852185 -0.009941838173026908 0.9992554860695051 0.0372777871357509 -0.2922503514042809 -0.03790334316131605 -0.03762942370044963 0.9985726628789553 -3.4603921359754395
0.9992274165337268 0.008546675941234405 0.038360453304012006 390.0372275121894 -0.009998097552965466 0.9992351000682853 0.037805460410438335 -0.29669132848509994 -0.03800800037696204 -0.03815978409109988 0.9985485580508668 -3.504500750567302
0.9992414102285921 0.008999439850293065 0.03788949942603172 391.66726539079616 -0.01047802783381807 0.9991839711197554 0.039007727312284565 -0.29904887323577034 -0.03750753280459852 -0.03937514367893499 0.9985202967607495 -3.5357589278060475
0.9992283602042715 0.009438129364931975 0.0381261836219336 393.3215993690001 -0.010908238509477875 0.9991976371523279 0.038536894553468454 -0.31237576066272055 -0.037731876392553466 -0.038923047456431416 0.9985295698578993 -3.584851489721946
