1.0 -2.1684043449710093e-19 -2.5135375298442207e-37 0.0 2.1684043449710093e-19 1.0 2.3183291766350204e-18 -8.673617379884035e-19 -2.51353752984422e-37 -2.3183291766350204e-18 1.0 0.0
0.9999996051917989 -0.0005752605321510217 0.000677267721610383 1.3273296131564947 0.0005753941083097035 0.9999998150465057 -0.00019704967556571635 -0.005147294397329037 -0.0006771542414461252 0.00019743929362565135 0.9999997512398984 0.014190926913472833
0.9999991949433092 -0.0005967494779263065 0.0011198226618697432 2.628292109638085 0.0005974884623972986 0.9999996039058764 -0.0006596935863360372 0.0026109771196390695 -0.0011194285465113297 0.0006603621363656997 0.9999991554004325 0.02238872817330788
0.9999988872748349 -0.001117982926636402 0.0009877060635002097 3.952068913162743 0.0011192782555432775 0.999998513100449 -0.0013118738802854152 0.0010290909243763538 -0.0009862379422804482 0.0013129779384500793 0.9999986517109183 0.04942137746404745
0.9999992821443365 -0.0005474306212199864 0.0010658473279201277 5.267740877157508 0.0005495005897131223 0.9999979618565761 -0.0019427639577488751 0.012071868060146682 -0.0010647816270901312 0.0019433482468600017 0.999997544815825 0.054373423007450884
0.9999984227272785 -0.0009066756234279397 0.0015272466301206708 6.589238739993435 0.0009101348451881187 0.9999970188182309 -0.002265835213452324 0.00541542470836749 -0.001525187699566118 0.002267221639987519 0.9999962667472896 0.06502565319406606
0.9999967102503768 -0.0006760305557410519 0.002474362768808948 7.92429047642065 0.0006848693568307137 0.9999933821118684 -0.003573050017964958 0.011495240015391416 -0.002471930902763611 0.0035747328787630477 0.9999905553766284 0.09339318125345765
0.9999957501914396 -0.0004940095026026021 0.0028732479306749947 9.23996116783227 0.0005043316540459898 0.9999934183791634 -0.00359288852292595 0.028083378439690235 -0.002871454098974428 0.0035943223237189107 0.9999894177432033 0.10374599477524664
0.9999967710920995 -0.001050772799946953 0.0023138024760362193 10.571777577076865 0.0010581512604536342 0.9999943521629684 -0.003189977754666479 0.023908076781415367 -0.002310437466199872 0.003192415807528563 0.9999922351498669 0.11967969255779266
0.9999995872641368 -0.0009084353337945112 -1.4724136773324488e-05 11.892859175313017 0.0009084254017602859 0.9999993688767297 -0.0006610668889360453 0.042682065634874936 1.5324664000490253e-05 0.0006610532403101685 0.9999997813868602 0.1271993531067222
0.999998988773637 -0.0010929046887698977 -0.0009099511220949067 13.237924413993369 0.0010954138879261416 0.9999955868266002 0.00276159297101337 0.03884132867527559 0.0009069289484163251 -0.0027625869515142307 0.9999957727876743 0.14973057374244228
0.9999993244094472 -0.0008069237212953927 -0.0008366927495257559 14.576615025421113 0.000811846151685796 0.9999822673859994 0.005899645699677308 0.06202008167559624 0.0008319173487138834 -0.0059003209797212535 0.9999822469053444 0.16091029188119452
0.9999999172618161 -0.0003984072473214007 8.214637138452678e-05 15.921478162155893 0.0003978852029747798 0.9999803266240966 0.006260036112535068 0.08323727535010862 -8.46387990438111e-05 -0.006260002909765397 0.9999804024078889 0.1790687947737368
0.9999956798609855 -0.00020842818423624497 0.0029320329222909092 17.26725067229029 0.00019592504485297898 0.9999908900645709 0.0042639654365230735 0.07319776782775517 -0.0029328949422338926 -0.004263372556917825 0.999986610801214 0.1975806317578175
0.9999867084483801 -4.858890939410179e-05 0.005155634363711688 18.630566597752946 4.83024343735574e-05 0.9999999972827534 5.5689927283648394e-05 0.08077170584512729 -0.005155637055615389 -5.544015738759795e-05 0.9999867080781322 0.21554289940141383
0.9999950098416482 -0.0005448575567658866 0.003111819732040025 19.96842506886277 0.000551568107443616 0.9999975236707855 -0.0021560206213547903 0.06633896100170322 -0.0031106373020218236 0.002157726242990787 0.9999928340508424 0.24498719900292273
0.9999995696930145 -0.00034793667411591486 0.0008599731719852879 21.32662933341093 0.00035045063543183273 0.999995661114996 -0.00292488214018617 0.08252272517437306 -0.0008589517668965508 0.00292518225973353 0.9999953527445062 0.23367773230604913
0.999999976876652 5.5815348022956035e-05 -0.00020768086665619396 22.677212328158152 -5.593284984644316e-05 0.9999998383607963 -0.0005658179011516547 0.09095266781873036 0.00020764925176375371 0.0005658295042507812 0.9999998183593637 0.2829225255377167
0.9999989742137356 0.000741262913714957 0.0012256022067277268 24.039933445717942 -0.0007437471119906789 0.9999976676161065 0.0020277087020480295 0.09915576525637303 -0.0012240962828922346 -0.002028618160153998 0.9999971931443861 0.2673044635596564
0.9999841085248202 0.0014503316992193027 0.005447865250041102 25.43858338333558 -0.0014617928009975248 0.9999967257646525 0.0021003861028750597 0.10887242167473878 -0.005444801155902534 -0.002108316374844753 0.9999829544259423 0.28037307463206695
0.9999765967509713 0.0018592347981315174 0.006584010655442465 26.79922193561432 -0.001860186261988671 0.9999982602760678 0.0001383904215502913 0.1018876620645713 -0.006583741900794081 -0.00015063466893483363 0.9999783155907834 0.2970653794886186
0.9999819152971776 0.0017216272293580713 0.00576238477293502 28.17501066485303 -0.0017003686108653104 0.9999917386370536 -0.0036920731614977684 0.10308735500908942 -0.0057686935414705915 0.003682208213260218 0.999976581484536 0.31149144496970194
0.9999929702583421 0.0015669267646627105 0.0034064900429406093 29.539662965769036 -0.0015526375284256252 0.9999900026630488 -0.004193314996635999 0.11133485766952722 -0.0034130266046127193 0.0041879964744340045 0.9999854058609686 0.31498207464935035
0.9999955081084658 0.0025458745045359413 0.001581861529429524 30.921054578984236 -0.0025393245797116987 0.9999882517467523 -0.004128946494301395 0.1170070447990253 -0.0015923547249301084 0.004124911087658212 0.9999902247096963 0.3498543538899003
0.9999961264926527 0.0027353388866428554 0.0005147046392876065 32.310755971045324 -0.002734733952649736 0.9999955733922288 -0.0011723592265263684 0.1178002453490048 -0.0005179091606734824 0.0011709471051316446 0.9999991803261532 0.33705487210107354
0.9999936738252336 0.0032082949407091616 -0.0015359534776426627 33.68677655990492 -0.0032077255052901294 0.9999947856490191 0.0003730574419412175 0.12201677590269784 0.001537142346945714 -0.0003681281647694684 0.9999987508367495 0.37469951223320874
0.9999938351726803 0.00331785251373618 -0.0011495526658025074 35.08702917116102 -0.003317224792036055 0.999994348096904 0.0005475344070601279 0.1393320650908576 0.001151362807051058 -0.0005437177070023056 0.9999991893670422 0.3629836394932788
0.9999951452403947 0.003025057846693371 0.0007473424022086803 36.479943942334685 -0.0030248547128625372 0.9999953879093748 -0.00027278919511090015 0.12920703720740906 -0.0007481641584929568 0.000270527268597492 0.9999996835326443 0.3933383739511244
0.9999938406697307 0.002892227838025505 0.001988376406557533 37.88228299698274 -0.002897237646508452 0.9999926245008998 0.0025213008194510445 0.13315215279566828 -0.0019810695648710824 -0.002527046088907097 0.9999948446874333 0.42344007701566094
0.9999934851322598 0.00241584822597082 0.0026820459328273523 39.267070620989415 -0.002426582307825128 0.9999890310296058 0.004006185064792157 0.13402411634582437 -0.0026723381784632305 -0.00401266717023569 0.9999883784878906 0.4248313075334326
0.9999921788907666 0.0028617113163325425 0.0027299753916393624 40.67537101044262 -0.0028796787038653307 0.9999740704137673 0.006600450794033421 0.1483625822713327 -0.00271101601977685 -0.006608260623184152 0.9999744903164663 0.440776378318678
0.9999903088358295 0.0028697667275458852 0.003338663407965196 42.10027368499542 -0.0029024605210353966 0.9999474799097815 0.009829198594039001 0.15651171768140618 -0.003310280553978186 -0.009838793676396406 0.9999461186392231 0.47860666105196426
0.9999922203745386 0.002403728995481408 0.003127503367931273 43.49246799513087 -0.002436963997144103 0.9999401402856372 0.010666632646562169 0.1555896303911371 -0.00310167646229631 -0.01067417127726384 0.999938218926883 0.47736462069743457
0.9999936330707849 0.0019825475706298852 0.0029670394373148014 44.90649073274351 -0.0020076901289680276 0.9999619004653512 0.008495104358935197 0.15728819017582968 -0.002950084445983901 -0.008501007166997627 0.9999595141199008 0.4767871807885963
0.9999945698963123 0.0011705413435613124 0.0030805861215415305 46.306969265147536 -0.0011953896630510974 0.9999666687550027 0.008076659122199407 0.15184465164428537 -0.0030710293783503917 -0.008080297765908753 0.9999626380853295 0.5050576271317424
0.9999936404926633 0.00045155473241145284 0.0035376648447595347 47.74076521282751 -0.00048144406458760423 0.9999641602684662 0.008452596653910934 0.16888863935707626 -0.0035337212457810037 -0.00845424608730251 0.9999580183873984 0.5194032554163789
0.99998912297471 -0.0007458642261212241 0.004604087187108084 49.14376691609306 0.0007073924261256461 0.9999648713071523 0.008351990638503686 0.1774517460119274 -0.004610154902577604 -0.008348642897284908 0.9999545222826626 0.5305151523740088
0.9999885749864303 -0.0014483253391103 0.004555463787634709 50.564831603720286 0.0014077333728188357 0.9999593923600694 0.008901231242479499 0.1852082221250365 -0.004568170679759266 -0.008894716667389245 0.9999500066663569 0.5451735067852483
0.9999850590913485 -0.002796410016505509 0.004696986809834422 52.01138915038513 0.0027507484136785774 0.9999491708329237 0.009699955345918231 0.19233515449086222 -0.004723873118196093 -0.009686890190755264 0.9999419229041231 0.5639481232436158
0.9999723830437095 -0.0038391284907767936 0.006363508648218003 53.4155384139921 0.0037744273137267 0.9999413786379338 0.010148546010233921 0.19647831208908376 -0.006402097182801373 -0.010124247137429375 0.9999282538120233 0.585053623507867
0.9999626154378939 -0.0046826424101802195 0.007269153091331205 54.87927674101423 0.004625265569267479 0.9999581762190206 0.00789003999633773 0.2062096619282957 -0.0073057953037692774 -0.007856123267136398 0.9999424516851912 0.5809949417762896
0.9999562567638927 -0.005418763622160337 0.007623749704117894 56.28119569696753 0.005375651099725858 0.9999695091382731 0.005664200651039974 0.2161396032366094 -0.007654210213856297 -0.005622970262092561 0.9999548966185594 0.583041559757749
0.9999603572599389 -0.00554355003020807 0.006967995525102692 57.70197228495258 0.005525653734449829 0.9999813923169517 0.0025849894888836287 0.23684734920047185 -0.0069821958854096675 -0.0025463842823223466 0.9999723820524767 0.5863780875842107
0.9999578080399397 -0.005619323564357773 0.007266728468735071 59.1547998468091 0.005602854401965452 0.9999816937925535 0.002284754325144566 0.2414025696396966 -0.007279434216314317 -0.002243943505292392 0.9999709868566365 0.60797565913202
0.999952049239441 -0.005360127558713548 0.008195624100502502 60.563333826692016 0.005337862233893671 0.9999820100615735 0.0027361980898606857 0.2487034658410079 -0.00821014303251713 -0.002692319774711976 0.9999626717861104 0.6446306355100263
0.9999466879991412 -0.004738282062637013 0.009174412386798836 62.011972001493874 0.00471703568415799 0.9999861460441438 0.00233608521563473 0.2629787114346384 -0.009185354315568656 -0.0022926846436479966 0.9999551854274382 0.660456399688765
0.9999546122331154 -0.004054276551995453 0.008621851040210146 63.4007272042209 0.004066514842657401 0.999990748331696 -0.0014023936854996788 0.27414804827460154 -0.008616085581868367 0.0014373909192081967 0.999961847760499 0.6490760029046417
0.9999591250650521 -0.0038428356138470723 0.008184180690853235 64.83866377532037 0.0038618870635131913 0.9999898671648941 -0.002313308420034665 0.2857387038286063 -0.008175208097917497 0.002344820245238942 0.9999638332412694 0.6595102160404158
0.9999612362454633 -0.003063859096766034 0.008254621365015292 66.23841393885803 0.0030859405584102266 0.9999916909757564 -0.0026636347942707566 0.29125842258599866 -0.00824639177547136 0.0026890048126500367 0.9999623824303607 0.6745763372606224
0.9999650855770642 -0.002394674256047827 0.008005820511491476 67.61467316084632 0.002397806493197102 0.9999970524218583 -0.0003816695121206718 0.30255712046276556 -0.008004882939554935 0.0004008525947557287 0.9999678800673156 0.6912085763846775
0.9999529273785086 -0.0019548269603799915 0.009503771814707296 69.09031310032049 0.0019376842231063882 0.9999964798230696 0.0018126558748158509 0.32284325697340044 -0.009507281788322984 -0.0017941552396466 0.9999531952046422 0.6883508961230285
0.9999388636980768 -0.0010898842307894758 0.011003682045683975 70.47595168241291 0.0010246289801220036 0.999981867495171 0.005934207303699293 0.3404378335849216 -0.011009950120328682 -0.005922569816697842 0.99992184902877 0.696016292208686
0.9999305701345962 -0.0005127687498122087 0.011772509439826953 71.95764098587306 0.000400388790663958 0.9999543525201738 0.00954633776777716 0.35766766522699683 -0.011776867118122262 -0.00954096138601315 0.9998851311309279 0.7131194632110697
0.9999395433607905 -0.0002767165068222762 0.0109924088073746 73.30239356268912 0.00013202052229196348 0.9999133709139275 0.013161809834824094 0.36606601412184275 -0.010995098635086834 -0.01315956289248357 0.9998529560442793 0.709012873897819
0.9999404903730479 0.0007184422644609535 0.010885750007284131 74.6854980733088 -0.000916254167624291 0.9998343546596011 0.018177560912263704 0.3792903650610015 -0.010870887305494497 -0.018186453286206807 0.9997755131658606 0.7330446727877
0.9999425850089866 0.001286976175550864 0.010638156695085603 76.15396151163146 -0.0015045210221370068 0.9997894001651092 0.020466844749132063 0.39392333735703083 -0.010609575959461244 -0.02048167497580926 0.9997339335483945 0.7431382455094275
0.9999364939921935 0.0015903618748079752 0.011157003706516358 77.53425892798678 -0.0018024307274927818 0.9998174130174297 0.019023455800853427 0.40075505322019017 -0.011124712404042288 -0.01904235742342821 0.9997567851221045 0.7378052050482877
0.9999352276000438 0.001633345173360963 0.011263782135378177 78.92629740015246 -0.001830963804671937 0.9998441932928146 0.0175566713868824 0.40480082802881506 -0.01123335105810316 -0.01757615777653502 0.9997824215807257 0.7496604777358781
0.9999415209416221 0.001661527238690548 0.010686160404487697 80.29830474144937 -0.0018466773246627918 0.9998479508763574 0.017339691785265194 0.40215892761423094 -0.010655725212951371 -0.017358411666523705 0.999792549014345 0.7489939989482877
0.9999412447408531 0.0014150330386978251 0.01074731350675842 81.63980188560969 -0.0015937463317000872 0.9998603032489457 0.016638328027671317 0.404942053429712 -0.010722268358111119 -0.01665447892987331 0.9998038114014324 0.7565242338832763
0.9999393310705585 0.0007507076661190683 0.01098956851582628 83.1322407668965 -0.0009279396938951458 0.9998694548914382 0.016131091191318295 0.42182623029924565 -0.010976024147591145 -0.01614031019212961 0.9998094904934707 0.7681635370722536
0.9999397143578385 0.0007469130465448002 0.010954897117970194 84.45582570217297 -0.0009333911433702004 0.9998545922775998 0.017027127836726316 0.41904992520825723 -0.010940586407404704 -0.01703632654933696 0.9997950125634586 0.772328878685584
0.9999361927120985 4.322790546519619e-05 0.01129639923963918 85.88844067246698 -0.00026260372443026386 0.9998113947602172 0.019419215919116307 0.4212492615864356 -0.011293429227521945 -0.019420943308128314 0.9997476108585134 0.7899514237109505
0.9999265228835935 -0.0012697739086529377 0.012055559221663167 87.21335937608119 0.001056042999399234 0.999842454370326 0.0177186684574761 0.4316812497327217 -0.012076158623897893 -0.0177046353518914 0.9997703297657653 0.7906511800427602
0.9999111440313456 -0.0021460857044834584 0.013156684919636815 88.58581588094637 0.001962393055711946 0.9999006431272133 0.013958971569572105 0.42601843773392734 -0.013185334861901711 -0.013931912644509388 0.9998160074506937 0.7920200788359812
0.9998969460202486 -0.004279160831655297 0.013703507651585962 90.12465800210116 0.004102854790453111 0.999908784733174 0.012868131021857415 0.4393845250108998 -0.01375732248472441 -0.01281058140772933 0.999823296929036 0.8104719806443765
0.9998971845145106 -0.004601730219969233 0.013581033794876352 91.58117698607954 0.004467214358620477 0.9999408323624356 0.009918456038804473 0.458698761815437 -0.013625872296080227 -0.009856766878758156 0.9998585798756087 0.8001737124894335
0.9999006687479636 -0.00471669927795886 0.013281768906912947 92.93255236700807 0.004624969110155127 0.9999653005191186 0.006928738589312396 0.4643099564552566 -0.013313988812728064 -0.006866622578110594 0.9998877873022874 0.7995116409789127
0.9998967322972224 -0.005177659060364095 0.01340584156221407 94.21467797349761 0.005064767402607126 0.9999515444463095 0.008441379661991015 0.4791157546662904 -0.013448898560627368 -0.008372610470756232 0.9998745053862564 0.8233549822024376
0.9999047843194978 -0.005124117049493148 0.012812717098325124 95.43461626184946 0.005017355971870446 0.9999525445324683 0.008350737817320649 0.4865967633337492 -0.01285489922287045 -0.00828565673348751 0.9998830428897494 0.8182072316365768
0.999911931654074 -0.0053934905295280515 0.012125971949759038 96.80269323910971 0.005333343460991064 0.9999733419691846 0.004987063114418309 0.5072710079979132 -0.01215254637290291 -0.004921951938812385 0.9999140413084349 0.8175950198782209
0.9999206565535216 -0.005083078660660631 0.011525749819590779 98.1358782968149 0.005015536899122991 0.9999701261546461 0.00588142736710319 0.5118715001196783 -0.01155530125906703 -0.005823152890875453 0.9999162794470453 0.8145260864087114
0.9999202007690896 -0.004986699315201323 0.011607106609453277 99.46586137293636 0.004898499151602642 0.9999590083646004 0.007614873376921822 0.5422718025553656 -0.01164460389902514 -0.0075574083140038965 0.999903639747156 0.8239300358508308
0.9998941484619356 -0.004776426963950225 0.013743275338826421 100.75151989145711 0.004669495153024196 0.999958659413104 0.007802261195558761 0.5437100700016673 -0.01377997411451229 -0.007737261156629503 0.9998751157535612 0.8200915500389689
0.9998739291954488 -0.00461150302313364 0.015194069735327142 102.20702732841868 0.004437908290629572 0.9999247226966309 0.011439139393747789 0.560444140255864 -0.015245677592626582 -0.011370267364194235 0.9998191268098487 0.834285274222735
0.9998988280238017 -0.004313546476604211 0.013554594550262805 103.50636648083697 0.004121488085621185 0.9998911718010478 0.014165376461198345 0.576740226196945 -0.013614222437874348 -0.014108078222123838 0.9998077890656236 0.8660232299305503
0.9999155409536568 -0.004542787295272719 0.012176782947302746 104.86052668222302 0.004332958535232349 0.9998426250743861 0.017203213498999656 0.6026873465207399 -0.01225301716671332 -0.017148999036390302 0.9997778630287639 0.8757904810327969
0.9999282629483468 -0.004240122701774746 0.011202246050487476 106.14240863890375 0.004125608604909086 0.9999392040202776 0.010225830867593681 0.5955781567324924 -0.01124492377656994 -0.010178881213936336 0.9998849644166532 0.8327264178312634
0.9999124863359695 -0.004517802994189188 0.012434191792201399 107.50943279348112 0.004426848117985078 0.999963316379039 0.007332728821795406 0.6231707071488195 -0.012466863485249424 -0.007277042829294898 0.999895805553009 0.8408195019685216
0.9999003687529969 -0.0037937033130150998 0.013596337109439399 108.8903312176524 0.0037218107936724328 0.9999789808532946 0.005309046620839008 0.6226606694611514 -0.01361619227378947 -0.005257914679695456 0.9998934711463937 0.8437897669899349
0.9998887640856843 -0.002152162159515864 0.014758985508563565 110.20162276942455 0.0021116897725522317 0.9999939691342761 0.00275725613265367 0.6128728793686901 -0.014764830561416531 -0.0027257830279950714 0.9998872785896302 0.8571820362356799
0.9999046674829497 -0.0016986650961196986 0.01370293701010235 111.47392732102263 0.0016605350624203763 0.9999947194333195 0.0027935154882448984 0.6279338672078226 -0.0137076098980851 -0.0027704949680185725 0.9999022081126304 0.8698868357284135
0.9999255450830055 -0.0012148198143143575 0.012142013971048242 112.74092547108447 0.001176803894458888 0.9999943853005007 0.0031375946308731255 0.6473039671378316 -0.01214575740941535 -0.003123072252197618 0.9999213604062368 0.8523022273014074
0.9999540261746982 -0.0002652516577388563 0.009585154071220443 114.03876139296459 0.00018654844827817546 0.9999662725077376 0.008210910220997358 0.6568144862857566 -0.009587008745558338 -0.008208744638426796 0.999920349715303 0.8819584774148912
0.9999491345574956 0.0015005565886270973 0.009973797052271093 115.34950782303108 -0.0016030218337396511 0.9999459423084158 0.010273401672994436 0.6566780168865557 -0.009957842071258096 -0.010288867326312392 0.9998974850405543 0.8634587136615026
0.9999286073708885 0.002404565816100517 0.01170462406707114 116.72659990265677 -0.0025243952071044642 0.9999444468688236 0.010233797195621813 0.685887289887421 -0.011679365999649471 -0.010262613674830098 0.9998791282802174 0.868237264503365
0.9998964877274152 0.003479598793995406 0.013960881870844781 118.11412256416354 -0.0036333758166062313 0.999932845894708 0.01100464815818859 0.6843585555314464 -0.01392165257985408 -0.011054234172616764 0.9998419832635068 0.8717163316054494
0.9998756383102693 0.004514558487807355 0.015110482298449714 119.37534966129982 -0.004627363688585164 0.9999616255759246 0.007438741886084836 0.6738794567422876 -0.01507631980707358 -0.007507738488679268 0.9998581591625186 0.8658168317509836
0.9998750442193874 0.0056289364223224845 0.014771967439427583 120.64858269355143 -0.00578862601532346 0.9999250319702819 0.010789914183409705 0.6709690556060675 -0.014710124273192862 -0.010874075316277557 0.9998326693651709 0.8870451931337238
0.9998796334980099 0.0072727753927293555 0.01370493538738925 122.0201096468012 -0.007461706029959006 0.999877137274392 0.013785256584082256 0.6607478479535601 -0.013602994486806103 -0.013885859499988475 0.9998110528729609 0.8971025373736606
0.9998770236928615 0.007912598533757689 0.013539877235352615 123.47194002627957 -0.0080709561328674 0.9998991989784098 0.01168124776878235 0.6750464701328961 -0.013446083377927357 -0.011789091007279918 0.9998400973030717 0.8644959068699256
0.9998557018511124 0.009754338981139329 0.013907851985851219 124.8678529352771 -0.009932328794287919 0.9998689162575588 0.012786678484142302 0.6491640254430838 -0.013781303296186433 -0.012922970748852385 0.9998215203257443 0.8516307402664565
0.9998616166098672 0.011410821868387972 0.012105402702559743 126.15218413247617 -0.011584239589465108 0.9998298755384456 0.014353584009241166 0.6149794457054939 -0.011939557087140677 -0.01449182959685882 0.9998237013851485 0.8864570075210638
0.9998522091803749 0.01180094091429115 0.012501903481518703 127.4633057867347 -0.012009736839288842 0.9997874146624804 0.016759824091090312 0.6314552775447478 -0.012301464066314579 -0.016907491713754347 0.9997813814558533 0.8909382493340855
0.9998350946169189 0.01254739175718835 0.01312808182745758 128.80467278153347 -0.012739839846968542 0.9998110820944623 0.01467980251139889 0.6409261076976431 -0.012941408464706332 -0.014844631392921902 0.9998060596264446 0.8915315463805696
0.999814762042112 0.013157206369144839 0.014047402722025126 130.16818138746726 -0.013362221102485255 0.9998041003974892 0.014601776452724818 0.641786352633313 -0.013852532255270954 -0.014786776150560529 0.9997947082282391 0.8841356548081909
0.9998059846851444 0.013857287484395795 0.013998877502988834 131.51855750427 -0.014081095996153616 0.9997725538268771 0.01601759501395235 0.6108733985253731 -0.013773733092955803 -0.016211606893170465 0.9997737084353765 0.9047445796309266
0.9997847575673363 0.013626515675744756 0.015644698992349968 132.8409676732534 -0.01382368037925589 0.9998255050192912 0.012564448801732846 0.6019492949218127 -0.0154707594123472 -0.012778011717707597 0.9997986687427362 0.8913096199400958
0.9997723037417078 0.013857865024646917 0.016226529140795937 134.10648597604109 -0.014033965547128317 0.9998433047298009 0.010789522603547224 0.5709248318767359 -0.016074466772507495 -0.01101478842053304 0.999810124950748 0.8798133115638568
0.999792730948449 0.01350436902142929 0.015235719870596156 135.46815645246292 -0.013698890638182446 0.9998250497680033 0.01273617884974639 0.5453406694458403 -0.015061060318760262 -0.0129422514943371 0.9998028118525832 0.9266159038967159
0.9998016534350994 0.01148761622091902 0.016269248968597307 136.9132312100052 -0.011634261954390018 0.9998922837666746 0.008947894313215497 0.5798928044750427 -0.016164706530523813 -0.009135400233417228 0.9998276085032646 0.8934253589790908
0.9997810099861663 0.010841215763962256 0.017899723791176995 138.22000197516692 -0.01093364559252833 0.9999273523599903 0.005073992155754346 0.5461397225585122 -0.017843415174741556 -0.005268590238278843 0.9998269122662197 0.8673821339274937
0.9997904459098449 0.009615420872308302 0.018072297829604577 139.40240119567065 -0.00965716985059037 0.9999508946684547 0.0022242576815322077 0.5385845956665156 -0.01805002320969147 -0.0023983188289684303 0.9998342086210714 0.8659746273557973
0.9998062383389036 0.008202750652521844 0.017894151568152255 140.6211612059923 -0.008281867824431204 0.9999562353699857 0.004351782396250578 0.5436472991252939 -0.017857671851338977 -0.0044991361857825264 0.9998304162854978 0.8721947171961002
0.9998161888594232 0.008039191256340648 0.017405743263705403 142.05545237973848 -0.0080106966787627 0.9999664582764964 -0.0017061830736580393 0.4911734333555776 -0.01741887577712494 0.0015664373284472765 0.9998470528239592 0.8460541698840053
0.9998266658727855 0.006405548678000775 0.01748162337551046 143.49299738802657 -0.006389690308384392 0.9999791221705485 -0.0009628503426000393 0.5108901093619695 -0.017487425981898244 0.0008509812883189412 0.9998467211344819 0.8225020596680611
0.9998754210222055 0.005711950384003873 0.014714484648743068 144.89513443539792 -0.0057184886978248455 0.9999835683823147 0.0004023088181970015 0.4907363397163738 -0.014711944897948297 -0.0004864033131338272 0.9998916551752678 0.8528940640511404
0.9999027027579408 0.0048111154584410875 0.01309344054902227 146.1470656345246 -0.004802777978948669 0.9999882433891039 -0.0006681371560682144 0.4999489153664378 -0.013096501099536364 0.0006051872602280939 0.9999140540103084 0.9162453792981472
0.999852177735384 0.003562273066065964 0.01682060903810062 147.47861550329168 -0.0033490310111235944 0.9999138877156097 -0.012688622649507902 0.4931677974674624 -0.01686436091574133 0.01263041424727841 0.999778008343275 0.8523702128046575
0.9998213254951815 0.0022596348666588583 0.018767288971175106 148.7912963607283 -0.0019226232612847296 0.9998369283418826 -0.017956064258744395 0.48246728699610486 -0.018804802707111237 0.01791677354152724 0.9996626274003686 0.8527408289889862
0.9998588066291221 0.001365038908319625 0.016748237966023302 150.13983246395568 -0.0009696187749874167 0.9997211266421652 -0.023595100863342187 0.45564065843851176 -0.016775775559388088 0.023575529985535273 0.9995812962137107 0.8446203015315967
0.9999176290279186 0.0021507576920296177 0.012653434337596995 151.59613148302208 -0.0018619636629017854 0.9997385164535773 -0.022791046718363486 0.4362501058836122 -0.0126991436917509 0.02276560916274302 0.9996601716528198 0.8547172774126672
0.999938071927526 0.0022640496580414228 0.01089616395835935 152.95966704674407 -0.0020485635107082203 0.9998029098333007 -0.019747021963006508 0.4887515731820788 -0.010938724669911094 0.019723477584107446 0.9997456320157568 0.8470352290148092
0.9999520535977596 0.0029932960453148577 0.009323662606943495 154.2836659817433 -0.002859478023970242 0.9998931895408074 -0.014332930451980327 0.4960310749904693 -0.009365569446298778 0.014305582431204127 0.9998538075240052 0.8785487698722995
0.9999102411657195 0.0037513757132363315 0.012862223453619486 155.69764059325868 -0.0034782283463958767 0.9997693441861429 -0.021193403529874092 0.4831143184496158 -0.012938761126283567 0.02114676348446476 0.999692654196603 0.8674550327339184
0.999855339520712 0.004331733491563293 0.01644798215222048 157.06586195847038 -0.0038568491536141534 0.9995779073602881 -0.028794649361187544 0.4774631843633039 -0.01656577032703159 0.028727046527367576 0.9994500147837743 0.8620148849517109
0.9998257423101077 0.004541565415105525 0.018106882603657122 158.34948734463853 -0.003943797217847964 0.9994504254739038 -0.0329134240627946 0.4536649485228902 -0.018246409990647423 0.03283627877231476 0.9992941745646474 0.8583867831107398
0.999819550473161 0.004175530853533419 0.01853190313317544 159.74887664859125 -0.0034587566058798896 0.999250965659839 -0.0385427636609075 0.4635244026142642 -0.01867895860018672 0.038471711295060426 0.999085093440815 0.8429394618974745
0.999806238211363 0.005007225286759204 0.019037167031117408 161.24713289839733 -0.004362137340278017 0.9994198572271845 -0.033777518230600066 0.47862439654965305 -0.019195254399657656 0.03368793070109245 0.9992480500524435 0.8456515037202693
0.9998038751174707 0.006744985255066855 0.018620324218390685 162.6791971659879 -0.006138167388612286 0.9994543168654463 -0.03245599174472023 0.4490559410976184 -0.018829078607261497 0.03233533165026922 0.9992997008534871 0.8145607702272677
0.9998288659971141 0.007703425427757478 0.016819511158293856 163.9928175309545 -0.007349085050942042 0.9997518689027084 -0.02102835168185332 0.4462630934598173 -0.016977328053584057 0.02090114499783834 0.9996373904921425 0.8580518594026108
0.9998431584040586 0.008611660998133245 0.015475719286993787 165.22399877764786 -0.008363989216072462 0.999837040874981 -0.015997980458635225 0.43666623645261504 -0.015610966561684265 0.015866032560620875 0.9997522526775298 0.8772249114986785
0.9998204137020738 0.008539554214854805 0.01691793008690874 166.50743368536945 -0.008251663374114277 0.9998211967548909 -0.017014246124291237 0.4468526038583599 -0.01706019918331194 0.0168715895347538 0.9997121080943235 0.8480678508418894
0.9997956963280962 0.008647344001307945 0.01826989451365956 167.81691983317464 -0.008261091226602398 0.9997429812582045 -0.02111221913260635 0.4251167812415121 -0.018447763429829563 0.02095697656343778 0.9996101665938361 0.7881762193393314
0.9998458004184024 0.007884335967991747 0.015691164138712268 169.1438356206358 -0.007534484165232848 0.9997244537613317 -0.022231691343009653 0.43281108485078823 -0.0158621226211385 0.022110038397769156 0.9996297010733529 0.7753376314608061
0.9998927238600369 0.0072376778229773205 0.012734079923049863 170.11167433149933 -0.007076220325022523 0.9998945812469541 -0.012678860315106236 0.4263206142346276 -0.01282450301834646 0.012587391020740557 0.9998385318188249 0.8094833828828071
0.9999150705875204 0.007087733170997808 0.01093689400382101 171.07475849669913 -0.00706185387081224 0.9999721774076932 -0.002403046071970353 0.42489055129297526 -0.010953621860433782 0.002325607235423753 0.999937302894099 0.8377099240950121
0.9999207015698703 0.00702889112188166 0.010449175164340647 171.89470567418905 -0.00704942039294274 0.9999732916756763 0.0019291468156364272 0.4524729968055879 -0.01043533632145621 -0.0020026544658153914 0.9999435449718892 0.8762028045167292
0.9998843345797769 0.0077445058399184955 0.013089694085509336 173.0277664206828 -0.00779420601652504 0.9999625926521898 0.003750153181215336 0.45020683109095994 -0.01306016135155744 -0.0038517431905674793 0.9999072938327158 0.8665547980018015
0.9998220006709259 0.007815284334127237 0.017172312167086277 174.12719514664238 -0.007838568676472448 0.9999684471197194 0.0012890330023977358 0.4435234189246509 -0.017161696171746513 -0.0014234099036436836 0.9998517140500159 0.8043020551886352
0.9998264018861988 0.006979835360152542 0.017275647300249566 175.16161346702242 -0.006946833572769979 0.9999739307873002 -0.0019695809473131596 0.43698650387634097 -0.017288944288466307 0.0018492279851190204 0.9998488249536774 0.8323949015254947
0.9998152365702294 0.005512827593943137 0.018414707544127194 176.08942202193728 -0.005391485272537663 0.9999634696940959 -0.006632583501253318 0.42577819646164244 -0.01845059913857231 0.006532075417855137 0.9998084353425726 0.7845158462042555
0.9999011939816632 0.0029629768186239017 0.0137412896926277 177.10128881942288 -0.002873887069246528 0.99997475428086 -0.006498582464436592 0.44269815751321406 -0.013760197933083538 0.006458449450616033 0.9998844660177175 0.8281566078158716
0.9999516373219312 0.0019138927923415515 0.009646762750709836 178.05020924833957 -0.0019708462365136442 0.9999806653945679 0.005897847247028619 0.4337648493532272 -0.009635288387021934 -0.005916574297402689 0.9999360756399792 0.8743330375697513
0.9999619491706111 0.0012791082039959735 0.008629257970093356 179.02761626113545 -0.0013417636276028934 0.9999727533978202 0.007258934656666344 0.4587587820404703 -0.008619737889262727 -0.007270236872659652 0.9999364198660512 0.8395138119417529
0.9999512972723368 0.001568016868411132 0.009743942039602245 179.93320881433837 -0.0016457393194583255 0.999966856095395 0.007973597229852797 0.4354003420895141 -0.009731116352358484 -0.007989244882459513 0.9999207355289443 0.8444730257427738
0.9999095785871192 0.0011991002557854638 0.013393909373532797 180.67825535252723 -0.0013430608019481516 0.9999413754047171 0.01074439116028095 0.4636303727023719 -0.013380240558827965 -0.010761408471916131 0.9998525697573061 0.8481347118319975
0.9998797283090894 0.0010679605429497726 0.015472180738992607 181.47091579579447 -0.0012568099248006879 0.9999247732245673 0.012201160625553377 0.49692736734542886 -0.015457986458600416 -0.012219138761644946 0.999805852804718 0.8298987516604162
0.9998652984821732 0.0014055971797637976 0.016352650785819562 182.24161258784707 -0.001532914567513705 0.9999685930103137 0.0077758064470719946 0.4797153922340927 -0.016341207546672593 -0.007799826250748293 0.9998360503834489 0.8382112823162429
0.9998497458270016 0.001674562098951287 0.017253452160567753 182.98292673780796 -0.001814942578185332 0.9999653532924507 0.008123927507190732 0.46081105249483406 -0.01723925036415836 -0.008154020878128538 0.9998181435593179 0.842339533618232
0.999849086312783 0.0014415649552545304 0.017312610720887446 183.98559238345663 -0.0015663949569087305 0.9999728603464191 0.0071989566910752876 0.47445415212575437 -0.01730176309894965 -0.007224988656101043 0.9998242088150232 0.845697561998909
0.9998482868151349 0.002065393089989952 0.01729559204605119 184.97510612721717 -0.0022446983240263204 0.9999438752084234 0.01035411814666122 0.46600431436435863 -0.017273236010479358 -0.010391370676899535 0.9997968067228368 0.8801917772912703
0.9998022767549165 0.0026458650712445683 0.019708038809332005 185.95734601036355 -0.002598232987616301 0.9999936426471984 -0.0024420996149828937 0.4496918814939099 -0.019714374984448047 0.002390410678566573 0.9998027952330201 0.8038775903542034
0.9997647476660435 0.0030106673231149305 0.02147987910864064 186.79443228674364 -0.002670220355556259 0.9998706458539197 -0.015860689862622828 0.44449516408089124 -0.02152485185791209 0.015799602587883706 0.9996434630959979 0.7327053782835021
0.9997582909061127 0.003485902729244585 0.021707331633593074 187.7016742847753 -0.0030782855125730067 0.9998188442909397 -0.01878304445590805 0.4403946421173657 -0.021768875092471558 0.01871168305876786 0.9995879095879044 0.7279282179497001
0.9998345952551639 0.0037022567541121175 0.0178066118582166 188.6157006711995 -0.0034717046732698257 0.9999099747110938 -0.012961085599646547 0.43530509946392204 -0.017852994079541537 0.012897122476986867 0.9997574379989426 0.7631503031330534
0.9999268774884843 0.0037049916622294006 0.011511416633614142 189.63501642625292 -0.003710463348931877 0.9999930131456446 0.00045400620158135183 0.4592581887287762 -0.011509654115831238 -0.0004966856930209585 0.999933638380796 0.8261902185098934
0.9999287066644883 0.005284338644318361 0.010707817395522103 190.62663058237047 -0.005453488982745952 0.9998598291481058 0.015829766701866716 0.4686970673843953 -0.010622666623722628 -0.015887033109193902 0.9998173638884197 0.8016832061204363
0.9998582231961153 0.006003360692557606 0.01573191557003296 191.77017933876158 -0.006306099531643518 0.9997945216727171 0.019265189900957692 0.500763591038019 -0.015613027118550605 -0.01936166556931534 0.9996906317909443 0.8101504075752356
0.9998150027833896 0.006872332267899758 0.017964722609890002 192.85097990208504 -0.007222614092189606 0.9997836377140217 0.019506706667026825 0.4975849604071261 -0.017826779151770892 -0.019632850239272654 0.9996483167277161 0.777246994801193
0.9998099603967687 0.006484943767913843 0.01838446615321349 194.03397265469897 -0.006830230662820548 0.9998002855769387 0.018781291472225133 0.4868037948314986 -0.01825899889107623 -0.018903292427484845 0.9996545775891273 0.7746735398077766
0.9998289937021752 0.004920740842620436 0.017826094974942426 195.1767914432341 -0.0051338360725822416 0.9999156779917592 0.011928144594212365 0.47120429494821503 -0.017765896534533625 -0.012017621055781025 0.9997699483903705 0.742967929536943
0.9998460499109642 0.004083773715555304 0.01706456180749215 196.31922789691822 -0.004357799597072893 0.999861662254652 0.016051976078851175 0.46148250167346344 -0.016996648496492815 -0.016123868816273552 0.9997255297301766 0.7944932420904317
0.9998587652836415 0.0032524821222122908 0.01648850646712794 197.44414197665301 -0.0035473786503107028 0.9998337148568841 0.017887390536194932 0.46913560633532075 -0.016427586255538282 -0.017943355191483157 0.9997040414114015 0.8003986524374441
0.9998434197619478 0.0032096317610081793 0.017402132705280085 198.4465705928143 -0.0035328425845624965 0.9998212423310817 0.018574240409914605 0.4652095497919012 -0.017339405468647217 -0.018632811046413005 0.999676029206714 0.7943011963445353
0.9998240783557376 0.0034268301728851403 0.01844096459153517 199.43478871804172 -0.0037322409766486577 0.9998560290376641 0.01655269084850308 0.4686296515053196 -0.01838158636767443 -0.016618604995609496 0.9996929224770014 0.7587326937750393
0.9998271704820251 0.002671477114850312 0.01839816229769469 200.29431874581937 -0.0029645763303855007 0.9998688405301456 0.01592209232743997 0.4647444268086827 -0.018353213699208143 -0.015973883276368204 0.9997039534782205 0.7471110402479018
0.9998536873789488 0.003072807845549591 0.01682740879232213 200.95115011302687 -0.003258222080018203 0.9999341647765823 0.011002277102320272 0.454124101788347 -0.016792493072705823 -0.011055494765196534 0.9997978736784251 0.7244561221744845
0.9998546471575843 0.0024862419674393397 0.0168672214149724 201.6555114212461 -0.0027580438551149124 0.9998664195482978 0.01611012891818501 0.4613205316161845 -0.016824914605299578 -0.016154307801531497 0.9997279432865612 0.7685549009436833
0.999854309806856 0.0016875999492194696 0.016985616475923976 202.31703659308536 -0.0019451154886569349 0.9998832535869164 0.01515571582532291 0.4520395145247875 -0.016958056680869197 -0.015186546771848788 0.9997408629793797 0.751133518883186
0.9998556893821139 0.0017986556901136356 0.016892757262391086 203.22247825868783 -0.002136489525635791 0.9997976566020322 0.020002031536614243 0.4591049965965086 -0.016853362356648405 -0.020035236230034423 0.9996572179934891 0.7830452800411495
0.999870834134295 0.0011727721447660536 0.016029337262831327 204.05277997628968 -0.0014216064432795348 0.9998785296874355 0.015521111597198343 0.4738753380205046 -0.016009187446886806 -0.015541894208516528 0.999751046731986 0.7386566084910282
0.9998858387463749 0.0008936233043303728 0.01508346484890642 204.99612777077144 -0.0011923875991640194 0.9998030507023835 0.01981004841034946 0.46866114835262784 -0.015062791450179407 -0.019825772206826825 0.9996899774780836 0.7433482481589547
0.9998687176982173 0.001267675626936159 0.016153648721809945 205.98358744711737 -0.001547154369699593 0.9998491374050471 0.01730054171809995 0.4523763962346973 -0.016129280265376984 -0.01732326265136765 0.9997198361987386 0.7293882989776801
0.9998501372679086 0.0011782401409310124 0.01727179074428471 206.9789778256371 -0.001426262850077557 0.9998959486111489 0.014354710909420731 0.44446904449382874 -0.01725308029386488 -0.014377193786718352 0.9997477819526246 0.7163629270263618
0.9998530661529964 0.0009170417653093686 0.01711739287545012 207.8322043661584 -0.0011727841281385597 0.9998877573165522 0.014936443548059185 0.44765138728116066 -0.017101774230781394 -0.014954323885627558 0.9997419154538251 0.7265415043141279
0.9998704408429863 0.000668917043425241 0.016082726088611686 208.5680922001116 -0.0009777926578238177 0.999815084228578 0.019205240704553973 0.46413168160471213 -0.01606690542608008 -0.01921847806124528 0.9996862030912694 0.7591461023220499
0.9998613808938639 0.0019379628429909337 0.01653672570477671 209.3262356309843 -0.00218724345998725 0.9998840545845805 0.015069616901119983 0.4312546269895472 -0.016505603989632713 -0.015103697809442712 0.9997496903472481 0.7487981171304463
0.9998329193074184 0.0015341133126591715 0.018214828177873447 210.32056853768188 -0.0016850996359026424 0.999964327323302 0.008276745741724396 0.4476270534251533 -0.018201480940368876 -0.00830605665764411 0.9997998377247205 0.6975449477369333
0.9998280719478362 0.0009469867104566197 0.018518362812161127 211.2163978214789 -0.0010494518696980372 0.9999841906404161 0.005524230263588228 0.465060336532724 -0.018512838676059403 -0.005542714623916274 0.9998132591232985 0.6833927152608541
0.9998425456908492 0.0010694167020127623 0.017712712224827946 212.11631918552357 -0.001149584362456015 0.9999891400881623 0.004516432389762388 0.4647563283362107 -0.017707689918103654 -0.004536083515010977 0.999832916873669 0.6837568748786617
0.9998505827406795 0.001247901621030821 0.01724108275798644 213.00331841432723 -0.0014397237915296545 0.9999371572321749 0.011117948634564216 0.4763746695705341 -0.017226125174502015 -0.011141109818188378 0.9997895459963018 0.721516614684928
0.999851636632239 0.002409405029029846 0.017055775890861304 214.01694164158636 -0.002711970749667832 0.9998389746949292 0.01773893727498173 0.455353197031233 -0.01701028919466527 -0.017782560231836015 0.9996971694533874 0.7449293248227155
0.9997928272094759 0.0027476906000518933 0.020168114856113504 214.98473387487962 -0.0031677363619304695 0.9997781196955278 0.02082490874929007 0.4713583614234008 -0.020106419542631235 -0.02088448166561337 0.9995796968319907 0.739871676110447
0.9997609682223894 0.002950041392653801 0.021663417893127285 215.7754752642819 -0.0032823272802665424 0.9998772687117945 0.01531906789158614 0.47578063475783305 -0.021615567229565275 -0.015386512575091101 0.9996479492722029 0.7330676793167847
0.9998141640951046 0.0032693047094470656 0.018998655782031856 216.5379425714715 -0.003435380705685274 0.9999561189472064 0.008715408162995444 0.48540351617784694 -0.01896932877606244 -0.00877905614274049 0.9997815225033058 0.6714534074156258
0.999842489256772 0.003480196821007529 0.017403588908870248 217.29424610031344 -0.0036619816277333496 0.9999389599444064 0.010424311768988863 0.5047225286467022 -0.017366247936156095 -0.010486401450735395 0.9997942032324623 0.6863752704299939
0.9998204527528886 0.0037024920461427124 0.018583697416205303 218.02831418338434 -0.003847240592487637 0.9999624952304567 0.007759308751591791 0.5065186460749329 -0.01855427165998011 -0.007829411544124087 0.9997971990949166 0.6413217266239948
0.999798507606296 0.0047263285734687795 0.01950912623463493 218.68223177275823 -0.005092032936878336 0.9998114543201372 0.018738383356678597 0.46658902580244666 -0.019416884116486212 -0.018833948828318393 0.9996340665377201 0.7200535071011516
0.9997918045692804 0.003786859647556315 0.02005011745879488 219.2934920438036 -0.0042322881014380835 0.9997441440657083 0.0222201292469383 0.49096964575596713 -0.01996084300645109 -0.022300360991112385 0.9995520289840534 0.7604202150959923
0.9997701760652152 0.003451636902781612 0.021158479463801495 219.81752556814314 -0.0037406807814368845 0.999900020514326 0.013636578850347211 0.49058290234490093 -0.021109295531119513 -0.01371259195563349 0.9996831310290467 0.7081627734627023
0.9997965289422943 0.003578353246308796 0.0198518538928897 220.41965447565636 -0.003825680953850826 0.9999153674377197 0.012434714597829058 0.4860931476931786 -0.019805677978280666 -0.012508131352634226 0.9997256032381515 0.7045095461644211
0.9997663339935902 0.004186951904298067 0.021207235717280063 220.94805837682568 -0.004433692736473037 0.9999228751845901 0.01160112284657031 0.46853252066737594 -0.021157026769745572 -0.011692438425485258 0.9997077908578739 0.6463727624747498
0.9997733717761109 0.0030917504229111045 0.021062909740786513 221.5714671331691 -0.0033558761193324387 0.999916039583047 0.012516064877824272 0.5207886808437389 -0.02102244474122324 -0.01258391290007369 0.9996998059183694 0.6524275890092003
0.9998102754032608 0.002501094070920326 0.019317290868652078 222.25986163187002 -0.0027800884176476613 0.9998920259088557 0.014429401660297166 0.5492584819447548 -0.01927911581078767 -0.014480367824490248 0.9997092750601155 0.688609285560352
0.9997772260484036 0.003946858366772673 0.02073452637491157 223.0164540644196 -0.004009087113211265 0.9999875812421695 0.0029605036656448983 0.4621048210819216 -0.02072258418918718 -0.0030429706650327835 0.9997806333561647 0.6180893053801852
0.9997302076053433 0.0032382684597451732 0.023000556922823996 223.66569289458428 -0.0033876351381031816 0.9999734083819508 0.006458053666191862 0.5027481555538071 -0.02297903238930081 -0.006534228827256138 0.9997145932335311 0.6336462399918438
0.9997211632300275 0.0030315626811828517 0.02341805751361492 224.40148800637573 -0.0031461983292236178 0.999983241313503 0.0048598897326712735 0.49201030593107353 -0.023402931997382446 -0.004932212470138791 0.9997139471139109 0.6449030656108212
0.9997545713232368 0.0035458469829788538 0.02186833526961765 224.98652202613164 -0.0036389011635699483 0.9999844880505532 0.004216877588341725 0.4575518190429566 -0.021853043646432247 -0.004295419356313095 0.9997519661675792 0.6412267330974183
0.9997314576569302 0.0036752550683330607 0.022880233201005545 225.56227685045815 -0.0037702499131665643 0.9999844461172466 0.004110077757867932 0.4776787864637503 -0.022864771740430122 -0.004195238225195956 0.9997297645811551 0.5961046171993548
0.9996810259997446 0.003735705309896059 0.024977805386696257 226.05348679678866 -0.003805084273419854 0.9999890323198498 0.0027306727527429556 0.49244984071342585 -0.02496733044941391 -0.0028248443935930847 0.999684276491524 0.6263775001117199
0.9996918881967704 0.0043530296286325935 0.024437262666433042 226.662354872963 -0.004385995457890462 0.999989542227513 0.001295561442949746 0.4584415257266632 -0.024431367489752994 -0.0014023439882356154 0.9997005260146258 0.6200869134735751
0.9997136255510921 0.00478330166477048 0.023447535321961588 227.18752502174692 -0.004601775681616952 0.999959071686393 -0.007789647788126537 0.44322403499551655 -0.023483835889115547 0.007679516734195569 0.9996947206395872 0.5511501746815098
0.9997201106045431 0.004840400386393265 0.023157525276665685 227.52441296829502 -0.0046432624043447656 0.9999525896438193 -0.00855912255223333 0.4692324714487133 -0.023197856950253067 0.008449200478101741 0.9996951887671545 0.5226082351729431
0.9997232493409458 0.006705783139812728 0.022548995535563474 227.82007442895602 -0.006634413619491383 0.9999727482624579 -0.0032384083054017633 0.44545384793146525 -0.022570097100069495 0.003087912710681964 0.9997404940843322 0.5551575275056271
0.9997123539191011 0.007722539246539938 0.022706206400797735 228.02495761353237 -0.007778037443015664 0.9999669730669924 0.002356885396435958 0.4284112438865508 -0.022687255344466504 -0.002532817171162792 0.9997394026855762 0.5645589994380881
0.9996906330346829 0.008669310864261379 0.023312684784335912 228.26394692440576 -0.008772609989909152 0.9999521346193107 0.0043324109048983785 0.4141079457171591 -0.023274009896877543 -0.0045355836915148915 0.9997188349450545 0.5638484566605443
0.9996778556637439 0.009041539421315302 0.02371572179866637 228.42417065340894 -0.009139252763867947 0.9999501754977497 0.004015044325732855 0.4370130683120879 -0.023678237993082808 -0.004230494877939088 0.9997106801263207 0.5619175805985591
0.9996995299802129 0.010547780949392125 0.02212677279643484 228.57913396500328 -0.010596123789983149 0.9999417196131041 0.0020687043809742046 0.40009864831644854 -0.02210366299889594 -0.0023025408209517745 0.9997530326974753 0.537302841853627
0.9997127208288102 0.011402892690268292 0.021081979303462155 228.75079138257678 -0.011426623563279656 0.9999342084324908 0.0010055249530273429 0.39327878134978567 -0.021069126393860826 -0.0012461319281217413 0.9997772447241522 0.5315045120597155
0.999691732567327 0.012540219982340998 0.0214285491653182 228.92836139021603 -0.012592010300321 0.9999181097324418 0.0022836605915123997 0.3648784146735896 -0.0213981567695111 -0.002552785125135379 0.9997677741230572 0.549355565155233
0.9996926795796406 0.011986635889455895 0.021699469001144264 228.9335338186009 -0.01221411585010877 0.9998715148282972 0.010381194968135775 0.39809287216068734 -0.021572245336963294 -0.010643044443200154 0.9997106400534616 0.5958275524759993
0.9996667475554676 0.012437845931844325 0.022620650310029276 228.87408503350576 -0.012716809376736879 0.9998443368135175 0.01223049063665383 0.38303738789230973 -0.022465008149312144 -0.012514077293721802 0.9996693059598949 0.639300513161002
0.9996998836204435 0.013076979530352492 0.020715580987134184 228.74941752483608 -0.013260289924649652 0.9998739120590245 0.008736400568666909 0.33755800128423125 -0.02059872327077599 -0.009008473241604845 0.9997472380604356 0.6370595751511917
0.9997677805493798 0.012745832603647273 0.01737609641453396 228.56213094883083 -0.012807280335370827 0.9999121016645878 0.0034296523320158493 0.3149214041981209 -0.017330855310070576 -0.0036513964379508586 0.9998431420769333 0.6111002576110218
0.9998077773598403 0.011426879683135768 0.015932192299971674 228.38261332320292 -0.011570978596166945 0.9998927136029675 0.008981856045446596 0.32208932128417644 -0.015827848404100415 -0.009164480585456993 0.9998327317659167 0.6219856896614702
0.9997954852548054 0.010911872825523881 0.01702699901767255 228.21378830821416 -0.01097434488897572 0.9999333718718207 0.0035798842591828668 0.3043905975359917 -0.01698680129883319 -0.003766012279709963 0.9998486214088327 0.6107527019764011
0.99982983199844 0.00876861487545732 0.0162301706441172 227.93374572865713 -0.008791226678762932 0.9999604820510526 0.00132237275725716 0.3382616220877498 -0.01621793388363209 -0.001464830840895178 0.9998674076552119 0.6531745372708914
0.9998283108138857 0.008029373636497488 0.016699642333219324 227.69798475108487 -0.008002814749437169 0.9999666047473963 -0.00165660678824246 0.3348707579603932 -0.01671238615931677 0.0015226782227966622 0.9998591788846526 0.6278875032958234
0.9998067248198911 0.008202047268666678 0.01786727247022326 227.36977829303515 -0.008183123708949611 0.9999658769791895 -0.0011319733232833652 0.28651433188142567 -0.01787594728361737 0.0009855444399700824 0.9998397267616796 0.5812994390902454
0.9998184396176628 0.0059672719203871915 0.01809639373826207 227.08937089715886 -0.005977877774959557 0.9999819907941098 0.0005320383036448941 0.3591545685896373 -0.018092893019351453 -0.0006401197365019404 0.9998361053037209 0.5969291978986117
0.9998330699771287 0.004671345549755465 0.017663824921708465 226.66611863483308 -0.004769219963546963 0.9999734860016293 0.00550289330159411 0.3469138609317869 -0.01763765066694809 -0.005586217369938627 0.9998288390791928 0.658435006099669
0.9998021699552447 0.004700759310769801 0.019326764206303602 226.20626410338474 -0.00475713999307454 0.9999845596525067 0.002872294495430169 0.3104057461445862 -0.01931296382925567 -0.0029636663922241162 0.9998090948324313 0.6307378589137449
0.9997904136821345 0.004840592175937013 0.019892143592196994 225.5990526629896 -0.004826334373330033 0.9999880607931254 -0.0007647010667898057 0.34002581305002016 -0.019895607701780296 0.0006685346595307123 0.9998018392939603 0.5850167267898545
0.9997696231400196 0.0058707530426253055 0.02064545725276199 225.1151040576192 -0.005895544170042536 0.9999819711539308 0.0011401429902080185 0.3279487080563992 -0.02063839154106236 -0.001261596532790389 0.9997862097312537 0.5905092958747785
0.9997970023910602 0.006091809853208077 0.01920530818713779 224.50638946673473 -0.006176138936602521 0.999971532547073 0.004334674531483055 0.3305903084251318 -0.019178355447909686 -0.0044524092546016645 0.9998061645809868 0.6106824666242573
0.9998010088997821 0.006755766670597197 0.01876971549252084 223.95926683497697 -0.006700056196670372 0.9999729656079042 -0.0030294059309795333 0.2740681585900405 -0.01878967402429291 0.0029030449575649167 0.9998192439036343 0.585335287593049
0.9998379428414965 0.00726602277758012 0.016470973483068377 223.16949876732957 -0.007158853322584583 0.9999528823231877 -0.006556214811540966 0.25669178159493994 -0.01651783501521838 0.006437239046752603 0.9998428491917443 0.5661740990437307
0.9998665637134301 0.006155335008756465 0.01513164296522894 222.4988556226107 -0.0062186093719169295 0.9999721021117252 0.004138102915228831 0.31960559305376485 -0.015105749414600134 -0.004231648518898453 0.9998769471717187 0.6418614204811086
0.9999226139219661 0.0034534381316170468 0.011951566112182578 221.73251947918823 -0.0035560057634520443 0.9999569424016842 0.008571357283708305 0.3652671557796285 -0.011921450854366404 -0.008613193817961889 0.9998918401016087 0.7226018336670327
0.9998996120906686 -0.0005990329780015344 0.014156514416396258 221.09185088921294 0.0003981997404038328 0.999899305794907 0.014185193260214436 0.4570598404277145 -0.014163586335992406 -0.014178132117953948 0.9997991665288327 0.7910141334879249
0.9998738388429211 -0.0018655668068896056 0.015774221312299205 220.4976734972757 0.0016622826993468167 0.9999155334527807 0.01289041411547866 0.5172871105565167 -0.015796936846990777 -0.012862566630735522 0.9997924840515265 0.731790205386605
0.9997714508761731 -0.002961435809368253 0.021172527267635584 220.0168813726923 0.0028181259673612045 0.9999729406295678 0.006795305341704374 0.6411726307132426 -0.021192078212951777 -0.006734085431734804 0.9997527433892913 0.7122372937063507
0.9997039884166068 -0.0047294498924936 0.02386562062137136 219.5657355569612 0.004580966296806101 0.9999698348315973 0.006272493495852207 0.8029032620437879 -0.023894566154595908 -0.006161309161401814 0.9996954976280034 0.66153718019746
0.9997558108801207 -0.006302915472275499 0.02117998744055024 219.12055485699173 0.006246183536203585 0.9999767285125916 0.0027436516701100392 0.9518662752152854 -0.021196787555301272 -0.002610687611375296 0.9997719142422092 0.6900756529463121
0.9997582815968254 -0.006762308266294837 0.02092007565651537 218.71920119057245 0.006722041997769877 0.9999754177787936 0.0019944897862770833 1.1212575863726375 -0.020933048749356704 -0.0018533820542311768 0.9997791618377622 0.642575301596658
0.9997276141998636 -0.00829998206761005 0.021813016846050682 218.32945386524045 0.008274475384074683 0.9999649729577712 0.001259331045543183 1.1996790716462342 -0.02182270522568367 -0.0010784967507036533 0.9997612746958104 0.6530664192294351
0.9996967635349748 -0.009729176840418905 0.0226213194952144 217.9511423161276 0.009742084651600655 0.9999524387470174 -0.0004604677332480801 1.242767564004082 -0.022615763624909014 0.0006807069120936746 0.9997439991686682 0.6353431294594031
0.9997027671845107 -0.009982055883746174 0.022242658203680474 217.56904104620224 0.01006655806627327 0.9999425211055267 -0.003690378547198882 1.2744692418304107 -0.02220454215538646 0.003913188655948696 0.9997457903198256 0.6180208332689581
0.9997416371882656 -0.008934085032340387 0.020900741536155277 217.13174478031289 0.009128953322432552 0.9999155763383579 -0.009246751168188086 1.2212052399726088 -0.020816365757814273 0.009435164045444654 0.9997387941837971 0.5834878302541401
0.999760176461988 -0.005248582048893897 0.021261278117048553 216.62674587058925 0.0054746522202470576 0.9999289508690988 -0.010588739154906794 1.1345643640240584 -0.021204191655467622 0.01070259782946837 0.999717878531708 0.5610026799206079
0.9997515075411303 0.0006709884559760989 0.022281672821609567 216.27208703925072 -0.00043389769712374093 0.999943259572606 -0.010643747840881984 0.8930251808642037 -0.022287550381900167 0.010631434983284054 0.9996950723536505 0.5999870012230869
0.9997651180075325 0.0039583951595565155 0.021308212575094004 215.78444608021158 -0.003769752998605972 0.9999534135554297 -0.008885926016647281 0.7437689834188893 -0.021342393907762457 0.00880351217438968 0.9997334646773015 0.608334333319747
0.9997399616657738 0.006303251023528107 0.021915247547116844 215.4557751639043 -0.0060828989827374684 0.9999304220149827 -0.010106902042876564 0.6082662660283017 -0.021977429068997825 0.009970965623894351 0.999708743812939 0.6280745704693332
0.9997731488318439 0.007759061065203803 0.01983551981285666 215.12678544897804 -0.007604171837396488 0.9999401006055092 -0.007872215171828017 0.534340188993379 -0.019895412675467097 0.007719596649479266 0.9997722642592373 0.6087439243770398
0.9998374126150772 0.007556487550731224 0.01637216635279409 215.1577280376201 -0.007570446577472503 0.9999710310692325 0.0007907976693653572 0.4529949434039415 -0.016365716415896795 -0.0009146137063716126 0.9998656543796084 0.6658542589159565
0.9998367753173293 0.006036705955682407 0.01702882568614489 215.23346902143376 -0.006134158308459084 0.9999650748447295 0.005676371430873048 0.5132840683566877 -0.016993964366540312 -0.005779902419513489 0.9998388859726999 0.7079345515759002
0.9997891200967501 0.0033968109385312233 0.020252827249889672 215.501516872998 -0.003572440495822961 0.9999562758858019 0.008641989672624703 0.5262345436498623 -0.02022258650790752 -0.008712519270901067 0.9997575401080426 0.7065635841236239
0.9997248307928642 0.0022976477039754733 0.023344881906050722 215.7939975264718 -0.002562733647841609 0.9999325108750294 0.01133164116133851 0.5708531508426158 -0.023317270261101718 -0.011388349756990122 0.9996632484979044 0.7176766873416787
0.9997499495542237 0.0014720470180427888 0.022313033050299778 216.14996237986836 -0.0017212988797751757 0.9999362928507994 0.011155598144728652 0.5715849170398402 -0.022295189985590696 -0.011191216081233529 0.9996887921679074 0.6958510457632925
0.9997864745859585 0.0002613659020847189 0.020662452004688702 216.31768080151278 -0.0002661185289529273 0.9999999387661281 0.0002272634342966702 0.4960372315834975 -0.020662391340534245 -0.0002327135691098137 0.9997864829194708 0.6192179601729112
0.9997937116553981 -0.0013140372227069092 0.02026838524648598 216.42563601628453 0.0014411066898885954 0.9999793925499467 -0.006256012064239461 0.48913383420750445 -0.02025974693403124 0.006283930427438871 0.999775002124254 0.5788087661434563
0.9997690711727919 -0.0020915375528312245 0.02138760849085766 216.74814075756157 0.002439458223422242 0.9998649148256369 -0.016254265418598444 0.4727200686614717 -0.021350722935518773 0.016302686017560554 0.9996391194119725 0.5461549245111171
0.9997546535800083 -0.0020019671270887027 0.022059573267397405 217.10209136619343 0.002529075897723512 0.999711325959641 -0.023892855064228637 0.45062501975427977 -0.022005372530842827 0.023942783372839883 0.9994711134916007 0.529785504378709
0.9997821288265382 -0.0031696457383932636 0.020631243902600054 217.19535471309058 0.003472853025608755 0.999886251438776 -0.014677311592235693 0.4991991567079669 -0.020582375250150466 0.014745763106945043 0.9996794127616393 0.5333687481276073
0.9997837589457971 -0.0037759289502257193 0.02044939384859776 217.22763249686145 0.0038828138793435964 0.9999789955712789 -0.005189621627298382 0.527361554065951 -0.020429368678219043 0.00526790060830628 0.9997774202884313 0.6023099542484601
0.9997798640031679 -0.004533975483338938 0.020485765792951863 217.20659668668287 0.004494608659257808 0.9999879640364044 0.0019673015342542167 0.5600858755703773 -0.0204944389239452 -0.0018747929600453754 0.9997882091345894 0.6739726040280316
0.9997525243741081 -0.003923631447786423 0.021897377100014572 217.2012364250877 0.0036899311989801176 0.9999359158090262 0.010702741840807228 0.5966408691121776 -0.021937967438782797 -0.010619293358134238 0.999702933972502 0.727026524882445
0.9997848392299689 -0.004535276760874886 0.02024120822993172 217.38731101683567 0.00427369968502469 0.9999070432801395 0.012947597837880655 0.5731631478099636 -0.020298047613191945 -0.012858307177523025 0.9997112849216122 0.7411789719680709
0.9998001344781265 -0.003993413085938066 0.019589378485420663 217.51341151194893 0.00375312373626698 0.9999174589337348 0.0122877736682809 0.5776497029535881 -0.019636831713396963 -0.012211796404611676 0.9997325976824163 0.7319292733612924
0.9997960044269826 -0.0027866285374095064 0.020004605300666133 217.70279294989913 0.002678150026495269 0.9999815763901176 0.005447420744803691 0.5476897748482694 -0.02001941668172497 -0.005392734160871382 0.9997850475847263 0.6943045930758788
0.9998257429987221 -0.0012445281370168327 0.018626185513125847 218.14470104937138 0.0013080732103828109 0.9999933651148302 -0.00339980452291422 0.5282618758020339 -0.018621830778134695 0.0034235764974544663 0.9998207372036432 0.6661034174206899
0.9998217231990334 -0.0010048166915983855 0.018855030170535372 218.69458141382347 0.0012274525948075166 0.9999296251833827 -0.011799916980524166 0.5225271537883033 -0.0188418464977033 0.011820956984781205 0.9997525942934687 0.6388588537573457
0.9997859828442833 -0.001748035781010275 0.02061390014041429 219.34069222780795 0.0021486041157674145 0.9998089918218692 -0.019425842902977802 0.6043140698145124 -0.02057600564843361 0.019465976550016018 0.9995987713820531 0.5595650975606455
0.9997665358886909 -0.004580534798306043 0.021116164852748573 220.13638308530096 0.004946793082456862 0.9998376659127649 -0.017325445457862312 0.6650043306978678 -0.021033377173585412 0.017425857886357053 0.9996268986584935 0.5637763497985071
0.9997630947817766 -0.007826045774215598 0.020310276214377664 220.9471599468093 0.007989849452189746 0.9999361072059432 -0.007996487451119144 0.7415408846331364 -0.020246397657256863 0.008156869090799783 0.999761746051798 0.5811342115838948
0.9997480938927342 -0.009138022430217631 0.020499885460889173 221.97353970154757 0.009311494155513125 0.9999215105571055 -0.008382648852722 0.7776334113297277 -0.020421675603059138 0.008571421775938693 0.9997547128642618 0.599070044420527
0.9997331468519478 -0.009108918711606047 0.021228817334161418 222.9752490311798 0.009243890133373567 0.999937626263196 -0.006268498889447148 0.8160000183202367 -0.021170393966668588 0.0064630629758833805 0.9997549916035757 0.5737541345114958
0.9997594880241318 -0.00735571888615331 0.020660578534826977 224.15543451877178 0.007472716884535652 0.9999564465533339 -0.005591377182144559 0.9015958779994491 -0.020618550096683362 0.005744423043032134 0.9997709122573097 0.5697124849881956
0.9997728727214248 -0.00519415848923779 0.020669390120136827 225.25372923549892 0.0053062592133176125 0.9999714902202655 -0.005372370037737035 1.033829041416852 -0.020640895898938416 0.005480826967709496 0.9997719309683779 0.5726055288626957
0.9997894023786991 -0.0045465363027038 0.020011993875975884 226.36683040782108 0.0045884753235429995 0.9999873710508974 -0.0020502763033262415 1.0503459408885731 -0.020002419489880137 0.00214166906008856 0.9997976377588557 0.5602124499881969
0.9997728368454559 -0.006185079380659401 0.02039655605842432 227.5836534128188 0.0061859773488993795 0.9999808664772849 1.9067705871430763e-05 1.0331490026065249 -0.02039628373573009 0.00010710925938175415 0.9997919684301221 0.5564504657923073
0.9997350678176251 -0.008363310632572361 0.021444095013585535 228.759549471899 0.008312551661453492 0.9999624363156518 0.002455085037516499 1.0103695113356148 -0.021463822133167446 -0.002276179458846047 0.9997670345367999 0.5507479435522998
0.9997248125777537 -0.009805057976277919 0.021311028939425575 229.90793919214542 0.009741728162962726 0.9999478248635594 0.0030734806059826824 0.967774437206117 -0.021340052689113594 -0.002865028571976482 0.9997681700086813 0.5507724676178043
0.9997130104489278 -0.01064901378597393 0.021459152931278966 231.02218960332456 0.010644255144428688 0.9999432918717256 0.00033596600639155475 0.9409788468319784 -0.021461513729515557 -0.0001074528886743568 0.9997696694150681 0.5384818575204404
0.9997440157706549 -0.009516212447179912 0.020526680964652703 232.09350743279572 0.00958017369667917 0.9999495488982693 -0.0030199221991869967 0.9585577165053731 -0.020496907149761743 0.0032157983157878466 0.9997847445517891 0.5037718036106719
0.999749401303452 -0.006761719041316357 0.021340425229959162 233.15534305130248 0.006967908125134742 0.9999296188183744 -0.009602378148155646 0.9943857082204092 -0.02127399468244878 0.00974866992706162 0.9997261527963067 0.4199137835246087
0.9997530277752464 -0.004052281897492044 0.021850914526640067 234.0733135020509 0.0043974316225132955 0.9998659629345268 -0.01577081989424802 0.8730500752322061 -0.021784077886212942 0.015863012842292832 0.9996368434457649 0.39683339627762876
0.9997337671952323 -0.0008715679677003256 0.023057213598064584 235.1904762754547 0.001384003065665388 0.9997521942699279 -0.02221788891814004 0.788115598752613 -0.023032135488124505 0.022243885041562772 0.999487233691914 0.40357532503045646
0.9997220776677296 0.00018789361011562616 0.023573971233321715 236.22869288719585 0.0002085622392354313 0.9998586139796846 -0.01681393922959655 0.7494502103016103 -0.02357379743508812 0.016814182900619305 0.9995806917542345 0.4455240999567384
0.9997062331256992 -5.785841651395358e-05 0.024237246172546398 237.1754646709428 0.00036751733804022633 0.9999183684210595 -0.012771899826274613 0.7444720928543567 -0.024234528685972343 0.012777055473378526 0.9996246467913837 0.4681829133612785
