1.0 -2.1684043449710093e-19 -2.5135375298442207e-37 0.0 2.1684043449710093e-19 1.0 2.3183291766350204e-18 -8.673617379884035e-19 -2.51353752984422e-37 -2.3183291766350204e-18 1.0 0.0
0.9999995295397155 -0.00043795438269228005 0.0008655150527340376 1.3229969388795335 0.0004380674950230034 0.9999998955329614 -0.00013050262823914883 -9.86459097629952e-05 -0.000865457808118253 0.00013088172085390113 0.9999996169263053 0.01638626271902344
0.9999987755802077 -0.00022588010206636775 0.0015484883806219942 2.6126839453594592 0.00022783406133792343 0.9999991779894345 -0.00126178924382191 0.009847646973682463 -0.0015482020946650042 0.0012621404972588779 0.9999980050338297 0.021973969326432953
0.9999982898140778 -0.0008728065463660335 0.001630514536071491 3.9412973663894584 0.0008761900986098887 0.9999974621190476 -0.002075583381885323 0.003691799650684949 -0.0016286988152564691 0.0020770084729439886 0.9999965166819196 0.04430998234011677
0.9999992328684477 -0.000146749319423708 0.0012299297351397547 5.254915228081382 0.00015129479908229025 0.9999931566780204 -0.003696445185866419 0.008417375255188124 -0.0012293788675192517 0.0036966284321788487 0.9999924117541266 0.0573158897763109
0.9999986242220155 -0.0006873134460271198 0.0015096868229064924 6.582080106694431 0.0006926323335711629 0.9999935456044812 -0.00352548008487375 -0.004329435551844094 -0.0015072539689245932 0.0035265208925029756 0.9999926458908925 0.06798787195086907
0.9999961657539639 -0.00033734886538929707 0.002748576561363474 7.912773313171813 0.0003506568775970451 0.9999882123804924 -0.004842740940957686 0.00032806415065494884 -0.002746910469026975 0.004843686179972274 0.9999844964733529 0.09234646402855853
0.9999953726070253 -0.00030900844458636376 0.0030264299624518224 9.231294265971911 0.00032388875406056636 0.9999878564186987 -0.004917531007646472 0.004412371085063268 -0.0030248736521456426 0.004918488478927826 0.9999833291662773 0.09665543071923252
0.9999966146033188 -0.0008971739911174243 0.0024425111527294164 10.566752460160245 0.0009087157847984021 0.999988408269208 -0.004728378457575759 -0.0033868973093918345 -0.002438240661625381 0.004730581998578052 0.9999858381879368 0.10535825153161937
0.9999997026542011 -0.0007682445643164064 6.702088317657215e-05 11.891227846961764 0.0007683691333526656 0.9999979397308787 -0.0018788674441531524 0.015551361864164507 -6.557731539447434e-05 0.0018789183822577342 0.9999982326811026 0.11294731698694545
0.9999994573125397 -0.0007534841564695959 -0.0007194694241281539 13.22536319553079 0.000754094295343059 0.999999355995143 0.0008481456792151519 -0.0029435492549475515 0.0007188298964546834 -0.0008486877667255359 0.9999993815061361 0.12692110199326478
0.9999995792061381 -0.0005814367306193996 -0.0007095906391970069 14.56957573400353 0.000584273039358794 0.9999918154106786 0.004003465582574423 0.014014270557347573 0.0007072570695495595 -0.004003878492620143 0.9999917343380664 0.13959743603582145
0.9999999942529322 -3.5710144561773646e-05 -0.00010108867922604873 15.920319786798558 3.6185001628624874e-05 0.9999889480190445 0.004701332833407137 0.032352715605309286 0.00010091967672077713 -0.0047013364642822806 0.9999889435642119 0.15341097522270775
0.9999966115613866 0.00011118782810415963 0.0026008658197171617 17.259615634207314 -0.00012122467928475478 0.999992545900536 0.003859203018951726 0.0208843404466545 -0.002600417336202759 -0.003859505231404058 0.9999891709658892 0.18334533262474081
0.9999884067267909 0.0003213460459781746 0.004804492557284555 18.62490245097171 -0.00031598756949702066 0.9999993273221608 -0.001116022885889215 0.016690584008063183 -0.004804847954950485 0.0011144917876051482 0.9999878355981062 0.18496797646943666
0.9999947506314836 -2.1484052739808133e-05 0.003240099984963819 19.959958968373908 3.4264132652842706e-05 0.9999922204600605 -0.003944343459562851 0.007707300712173201 -0.0032399900379936684 0.0039444337734661685 0.9999869718685142 0.20542926096846026
0.9999997260114205 0.00019057598505582511 0.0007153026475249461 21.314052782090016 -0.00018723339773451893 0.9999890773506718 -0.004670130941109297 -0.00028935202003157285 -0.0007161848493294051 0.00466999573300165 0.9999888390472742 0.1807552805264131
0.9999995398016693 0.0003365177636466718 -0.0008984165205772427 22.677885416602233 -0.0003384581380767524 0.9999976088534244 -0.0021604938144518756 -0.004797576861086819 0.0008976873277848444 0.0021607968965790007 0.9999972625533697 0.2383896852248567
0.9999993473074612 0.0010902275889575963 0.00034174326007211476 24.04561439432683 -0.0010902638084794945 0.999999400063697 0.00010581622574331841 -0.0007478352128566325 -0.0003416276912792621 -0.00010618874698610582 0.9999999360072332 0.19558879520042283
0.9999837443011963 0.0020865298072470406 0.0053063666216257134 25.444364354705456 -0.0020906577382274506 0.9999975161996971 0.0007724924969520255 0.013952943615644683 -0.005304741613049928 -0.0007835737359860405 0.999985622760957 0.23386102606505627
0.9999790409214833 0.002315821292651437 0.0060460474271310525 26.800172932081523 -0.0023088874386717356 0.9999966691532075 -0.0011535689342416697 -0.003602967624674749 -0.00604869874817383 0.0011395851135416859 0.9999810571151949 0.23266175114996404
0.9999837763070936 0.00212334749632968 0.005285689927960169 28.183920043372673 -0.002099471664686035 0.9999875874857055 -0.0045185277743421985 -0.005964657873909902 -0.005295218723895129 0.00450735731090313 0.9999758219020788 0.2817277776195037
0.9999927083703152 0.002424830662995674 0.0029501529549280717 29.53698241326521 -0.0024106995975056006 0.999985650320109 -0.00478410716008457 -0.010006043871889466 -0.002961711270914369 0.004776960343605761 0.9999842043333601 0.25242456905295596
0.9999953297758489 0.002927748259440955 0.0008767648603913549 30.92155533561374 -0.0029228503698058034 0.9999804021564349 -0.005536447305821266 -0.01024001611911236 -0.0008929570016538825 0.00553385879687492 0.9999842893938932 0.29503806611387184
0.9999940734160926 0.0034166416482219403 -0.00042390156645099426 32.30646648819586 -0.0034177934142939595 0.9999903869612231 -0.002746756873231908 -0.007160600998862587 0.0004145128075381743 0.0027481894023289504 0.9999961378096124 0.29231174577485475
0.9999885846867005 0.0040079658293374 -0.002601289334267576 33.69628645760082 -0.004013019896000065 0.9999900648112326 -0.0019406056119413652 -0.017615629687116913 0.0025934856089861198 0.0019510224851739828 0.9999947336579621 0.315427475655987
0.9999873890792242 0.004413826626808522 -0.002395791523611605 35.09363709097832 -0.0044173590760561935 0.9999891612609625 -0.0014711558007258348 -0.014394586066137974 0.0023892721296070642 0.0014817203195277473 0.9999960479339833 0.3113392976651927
0.9999927169605557 0.0036829767803738273 -0.0010008535763311559 36.49361626933577 -0.003684199009927795 0.9999924665465321 -0.0012220997660213682 -0.027309539448066963 0.0009963450713857535 0.0012257782091755695 0.999998752381362 0.34843784647650095
0.9999930173026597 0.0037122749696507236 0.00042937218398667336 37.883820245396706 -0.0037126041696946385 0.9999928129924015 0.0007684619856009121 -0.018586923673826573 -0.00042651635589125 -0.0007700507086240689 0.9999996125527771 0.3750706523008256
0.9999947995596739 0.003172560732534993 0.0005794065982663188 39.27948095217842 -0.0031739628520896365 0.9999919977209412 0.002435252326722921 -0.032940752758175755 -0.0005716759757874553 -0.0024370786773576696 0.9999968669121414 0.3780205829614727
0.9999930797296804 0.0036808999679459305 0.0005398779258842732 40.67592278304046 -0.003683522128171681 0.9999810180332819 0.004939153556264059 -0.027632043981946287 -0.0005216871477725199 -0.0049411080282728065 0.9999876565708061 0.39856908498958094
0.9999913401143607 0.003960888738832544 0.0012771282956655207 42.09277006594049 -0.0039713224267818375 0.99995788949599 0.008273320549095103 -0.018153932900761956 -0.0012443048129536422 -0.008278320791327745 0.9999649599413013 0.43609545649446285
0.9999920820851035 0.0036124853775232942 0.0016690465831295063 43.47973956895564 -0.0036269721143745693 0.9999550551763504 0.008759720346185558 -0.023362210886372373 -0.0016373272064633762 -0.008765704572879944 0.9999602400010512 0.43300131670559583
0.9999942359697761 0.003204961838939268 0.0011208241764790816 44.915186696232084 -0.0032136166636677677 0.9999643593046283 0.007807226679380756 -0.02294221989566077 -0.0010957623659506787 -0.007810783577540787 0.9999688949986106 0.45096865377364564
0.9999965459171853 0.002526726625595241 0.0007237446083707276 46.3053281231073 -0.0025320235622952767 0.9999693113853002 0.007413848143071852 -0.0318532981201943 -0.0007049896301500807 -0.007415655073427869 0.999972255139838 0.47183248775972647
0.9999987053345905 0.0014359371988534348 0.0007262324035813569 47.74227754660297 -0.0014408447893467062 0.9999758223768447 0.006802839704572624 -0.04578411490203001 -0.000716446394418347 -0.006803877285345926 0.9999765967053679 0.4914705820914968
0.9999977918784023 0.000462018704881448 0.002050067568635393 49.14456969862419 -0.0004779041489994151 0.9999698151056077 0.0077550296763587755 -0.046844548258606254 -0.0020464227187949485 -0.007755992288107036 0.9999678278513179 0.5132784664806079
0.9999973663456568 3.7460104989387014e-07 0.0022950602627990475 50.56171853239073 -1.7306629052941877e-05 0.9999727851304012 0.0073775808385256785 -0.021634971394709043 -0.0022949950393837465 -0.007377601128284484 0.9999701515542158 0.5280932240120713
0.9999967159308697 -0.0009197531459364906 0.0023921081969679285 51.997383184048566 0.000899938428749629 0.999965387278896 0.00827129705622385 -0.012950555374864607 -0.0023996329510824928 -0.008269117142620342 0.9999629310446371 0.541747971634992
0.9999913454644176 -0.002728552496184642 0.003140700167076277 53.42464096652152 0.002701605086493857 0.9999597766799776 0.008552564065002474 -0.037124863839654784 -0.003163909957716704 -0.008544005114985927 0.9999584939638116 0.5554377926393423
0.9999863001806859 -0.0032489498209143054 0.004104116957944555 54.8713832131086 0.003224486928513486 0.9999770808205938 0.005953193896679364 -0.024910643190842914 -0.0041233645231961765 -0.005939878667514655 0.9999738575114971 0.5613653583283735
0.9999805253981474 -0.0036421450015995767 0.005067899390516063 56.27329167085898 0.0036204560996873068 0.9999842770815309 0.00428227595540584 -0.03199212160742019 -0.005083416378313587 -0.004263844452525589 0.9999779890119629 0.5720951689333545
0.9999797983589293 -0.004250578644956274 0.0047260401202504545 57.700513325730654 0.004229666696390157 0.9999812597798533 0.004426060182049268 -0.026920941035061714 -0.004744764870109289 -0.004405981193867685 0.9999790370483006 0.6172079038513651
0.9999807081242986 -0.004177777400259357 0.004596689593643488 59.15118778636504 0.004171819349022878 0.9999904464203287 0.0013049871228769413 -0.016678364486827156 -0.004602097624512814 -0.001285785388639361 0.9999885836615281 0.6019543006845898
0.9999809991609748 -0.0038052698013535968 0.004849869973242524 60.54747347249164 0.0038041123006091336 0.9999927336189269 0.0002478688162962425 -0.019486880892410016 -0.004850777939960493 -0.00022941465655919793 0.9999882085916276 0.6082904093934076
0.999977157095487 -0.00303090011904564 0.00604143457268594 62.006992949852815 0.0030372977210739198 0.9999948360842724 -0.0010500606375734908 -0.0036258630598234353 -0.006038220746315507 0.0010683862865982503 0.9999811990437427 0.6248304585067821
0.9999790632585851 -0.0025096909923956476 0.005964435900004296 63.40366891460923 0.0025245243124005696 0.9999937363459626 -0.0024807349389577536 0.0029761795127851895 -0.0059581726627104675 0.0024957403638911336 0.9999791355116152 0.6510271908171661
0.9999865711857897 -0.0021943139572228668 0.004694937096984743 64.81498501735493 0.0022185003620257097 0.999984264350963 -0.0051526019259129805 0.004789356313720908 -0.00468355679278029 0.005162948452228366 0.9999757038343724 0.642667228362319
0.9999887565975704 -0.0019696707141459023 0.004313591974560503 66.27720396278504 0.001990964487735955 0.9999858273968161 -0.0049377186952639495 -0.02053055911078337 -0.0043038051598243985 0.004946251386941507 0.9999785056981793 0.6560005844804451
0.9999930506107936 -0.001362154434199118 0.0034703408213353584 67.63853641399687 0.001372872020686555 0.9999942902470227 -0.0030878302686844976 -0.03159336586982439 -0.0034661149048539784 0.0030925731439660144 0.9999892109612061 0.6653897240871546
0.999985033034415 -0.000637800592882589 0.005433867643194658 69.10049580787785 0.0006317508415277428 0.9999991788488932 0.001114985387042852 0.0028525991447596053 -0.005434574319509141 -0.0011115358486385976 0.9999846148266597 0.6939842786396522
0.9999765902149689 -0.0005625522924333755 0.006819278331495169 70.47791087620227 0.0005291464357340854 0.9999878571204458 0.004899552602884436 -0.010748623036070977 -0.006821951780368394 -0.004895829508587864 0.9999647452922173 0.7209774608909923
0.9999687327763264 0.0007305647016510213 0.007873991676700812 71.91884352048638 -0.0008031440452380098 0.9999571872263119 0.009218387824627895 0.008027425906038376 -0.007866919940526332 -0.009224423540761268 0.9999265080899646 0.7313881045722208
0.9999782087134512 0.0011177177843017796 0.006506366512270808 73.2963571444233 -0.0011872300728554908 0.9999421587900694 0.010689694055941695 -0.01015443472768062 -0.006494042115004416 -0.010697185667743792 0.9999216957521215 0.7111048597466242
0.9999787314890359 0.0022471740136033344 0.006122644733374722 74.70018652077587 -0.00232535649136092 0.9999154707635786 0.012792343211437603 0.016719360315999115 -0.006093380569652692 -0.012806308469020805 0.9998994295311052 0.717071667166521
0.9999774417050745 0.0029899397949291603 0.006014677131576951 76.13561811973798 -0.003078356741045799 0.9998865471602448 0.014745050957468038 0.01851489420261337 -0.005969907934740171 -0.014763233656153051 0.999873195525945 0.716339103243591
0.9999786184614322 0.0027212492388377406 0.005946210772036098 77.52501673694726 -0.002816859545653475 0.9998659283213479 0.016130427284762626 -0.024563102367875147 -0.005901518640605485 -0.0161468320319832 0.9998522150263335 0.7306619882912241
0.9999696488165788 0.0033384201628660548 0.007039630421001759 78.91362062787773 -0.0034432212300642986 0.9998826410406513 0.01492810681677214 0.0027599649807637794 -0.006988967964510821 -0.014951892735981414 0.9998637883383931 0.7714308041009666
0.9999786850691222 0.0030522746899649318 0.005771743813277375 80.3086962627305 -0.0031336721741187395 0.9998950200036787 0.014146698220720755 0.003023387981558036 -0.005727958286707412 -0.014164483437809842 0.9998832721387061 0.769535980374553
0.9999841482498039 0.0022474042167024235 0.005162598512466573 81.69961010278368 -0.0023175372288721636 0.9999045678928526 0.013619255787321908 -0.027310604712100967 -0.005131497861927395 -0.013631004412531672 0.999893926098363 0.7741006392278094
0.9999811422082899 0.0023781734825446617 0.005662112564293064 83.0936343110963 -0.0024501715618493853 0.9999158031911617 0.012742966212445646 -0.010981375751214809 -0.005631330848148467 -0.012756599055428062 0.9999027739202536 0.7917082649004256
0.9999838157089378 0.0018704047408790564 0.005373072333262219 84.46720049985815 -0.0019428394918265441 0.9999068803026487 0.013507631107395687 -0.013947411344738179 -0.00534730725713138 -0.013517851513083785 0.9998943314148591 0.8109378091839273
0.9999869855224736 0.0007650506223692978 0.005044153370136879 85.85448878015251 -0.000828925623664488 0.9999193473048047 0.012673269816577808 -0.049687846407001794 -0.0050340508526119715 -0.012677286108570792 0.9999069680469952 0.8002822648670285
0.9999826839139444 -0.0007201977297700433 0.005840649578106023 87.21151471102188 0.000647333598875362 0.9999220662139658 0.012467656460024318 -0.054067695455007836 -0.005849173572049564 -0.01246365972030098 0.9999052176856068 0.8167062748964521
0.9999798843890482 -0.0017884666842093208 0.006085409122263135 88.61343460223848 0.0017200276719973873 0.9999354271855002 0.011233119075246217 -0.05096776077618592 -0.006105106229494563 -0.011222426042107405 0.9999183890856572 0.8078562972345094
0.9999707453575226 -0.002500863095601611 0.007228700636893223 90.01024170728043 0.0024336936915806116 0.9999539230516578 0.00928595221907389 -0.03624855334534168 -0.007251590455639598 -0.009268088118723327 0.9999307560918843 0.8320189550126726
0.9999686377123163 -0.0032539188016477223 0.007220498889043737 91.36603111540295 0.0032003962419365445 0.999967410816191 0.007411799340084232 -0.03073304135506652 -0.007244380972104989 -0.007388458431591672 0.999946463380083 0.843648941585047
0.999965734590895 -0.004037944811047289 0.0072266621475491994 92.72085714107881 0.004004615848442599 0.9999813068997773 0.004620487303301289 -0.027378324958805957 -0.007245184331560274 -0.004591388974646161 0.9999632125489843 0.8576983476414151
0.9999696877133261 -0.003987847159595246 0.006687355945736854 94.07650419760928 0.003966788921224317 0.9999871416973944 0.0031592761084940075 -0.007928853046256382 -0.006699868667946107 -0.0031326530141330923 0.9999726487484173 0.8612923900564857
0.9999722968116375 -0.004484029454268099 0.005941303654213585 95.45992845748366 0.004457790437667604 0.9999802855752791 0.004422280542573152 0.002062070794454293 -0.005961016161037885 -0.004395672944685256 0.9999725717966925 0.8723673323390218
0.9999786647899576 -0.004180313995761088 0.005019456124966953 96.81974117722231 0.004160090999372497 0.9999832156446321 0.004032625930829761 0.015176955675955334 -0.005036229519249915 -0.004011658499661284 0.9999792712793159 0.8710942430096157
0.9999814906668708 -0.004104631718790872 0.0044911381759932326 98.16998890752049 0.004081424526479541 0.9999783354939066 0.00516435055653153 0.019644083572891706 -0.004512238634804147 -0.005145924726343377 0.9999765793063423 0.8881684120006995
0.9999837271017552 -0.0037167308549981857 0.004327983760831073 99.52265876216283 0.0036823005800553634 0.9999617275901296 0.007936247060273592 0.048162981774522634 -0.004357315012784473 -0.007920180977419755 0.999959141434871 0.895188872952118
0.9999765249864715 -0.003709694819377014 0.005760871490294827 100.87381956971844 0.003662051675492908 0.9999591902063724 0.00825877105519235 0.04812376215130796 -0.0057912739105160605 -0.008237480571336768 0.9999493012449832 0.9133968337500125
0.9999637411020397 -0.003634150641148939 0.007701261606398317 102.19803914649013 0.00358265489975535 0.999971204212913 0.006689942364912943 0.070017964025478 -0.007725352100843496 -0.006662108832346913 0.9999479662666572 0.9304044768325354
0.9999719537169411 -0.0034715330526110945 0.006636281925022125 103.54714188506127 0.0034281627914583544 0.9999727666593489 0.006535567268627307 0.07803540401621437 -0.006658789634686406 -0.006512633715488752 0.9999566221205242 0.9421608932935814
0.9999859804517558 -0.003396414772438342 0.004062421277327826 104.87725103832987 0.003367863205462527 0.9999697264997578 0.007014526457928604 0.08871706765941306 -0.004086122534899671 -0.0070007464382915155 0.9999671460362768 0.9530019809992007
0.9999889063004122 -0.003650577714396512 0.0029766690203410586 106.18777039029078 0.0036348648602474976 0.9999795224800312 0.00526710338389435 0.09925957636963309 -0.0029958360357744207 -0.005256225162609086 0.9999816983642684 0.9681463405968486
0.9999869810855335 -0.003349882593148224 0.003849148743929774 107.5552875166311 0.0033316385198575702 0.9999832329976829 0.00473644468718614 0.11242145075961152 -0.0038649507388548803 -0.004723559051593945 0.999981374899389 0.9801610681664479
0.9999770283711854 -0.0027560046003549483 0.006192509069531768 108.88842356945923 0.0027547691395530564 0.9999961839780496 0.00020802962862394075 0.11978055781320932 -0.00619305876939473 -0.00019096591696338104 0.9999808045933168 0.9893823591815323
0.9999739344429701 -0.001950894071658515 0.006951578739239 110.27231973185374 0.0019522086766487136 0.9999980778169889 -0.00018232830362545181 0.1347301491270103 -0.006951209673825808 0.0001958944834678046 0.9999758208623957 1.0080466286554841
0.9999831657541444 -0.0013785189190841272 0.005636301438819839 111.56471859807021 0.0013795511257084858 0.9999990323532845 -0.00017925174013650488 0.1393619785734983 -0.005636048882956207 0.00018702428856339764 0.999984099861045 1.014626660700859
0.9999930879948429 -0.0005704806604359694 0.003674032437893349 112.89912735556163 0.000569596091466243 0.999999808545471 0.0002418042885466222 0.14952071766976496 -0.003674169679153425 -0.0002397099026775885 0.9999932214851917 1.0340195081744943
0.9999988691793141 0.0003653954443811521 0.001458809878700068 114.25619567588542 -0.00037080461089510254 0.9999930514626403 0.0037093840968120363 0.15559536598363938 -0.0014574443500546903 -0.003709920835593209 0.9999920561401275 1.0528616159066062
0.9999983166014433 0.0017091713946559598 0.0006674784065910226 115.53585013929715 -0.0017127967196466363 0.9999835774650256 0.0054691066588967215 0.1748368430720534 -0.0006581198042478369 -0.005470240707035709 0.9999848215572726 1.0575657593016712
0.9999932240090398 0.0031362542353182642 0.0019276528156888307 116.9121458702671 -0.0031526829816640985 0.9999582250524646 0.008579553598025579 0.18332806846475655 -0.0019006646267846416 -0.008585572741274534 0.999961336959925 1.053824216343163
0.9999804165490473 0.004144245766406756 0.004689535736214483 118.21951917750253 -0.004184290381375571 0.999954592645141 0.008561796651092277 0.18287749896518626 -0.00465384060727706 -0.008581251360841652 0.9999523508111194 1.0704723775619671
0.9999718872533825 0.005104773470173795 0.005492357483507044 119.57965932061188 -0.005150680669664041 0.9999516473918568 0.008376954515268849 0.1829940311593382 -0.0054493294585274635 -0.008405008395590318 0.9999498290625998 1.096146939716464
0.9999696040353492 0.006039472378939774 0.004931103200197924 120.88961506621814 -0.0060789796673159455 0.9999492285035894 0.008036567755002406 0.18222202258549777 -0.00488231621173168 -0.00806629955186445 0.99995554791198 1.101903785956849
0.9999637618308876 0.00744953250840935 0.004120617723837211 122.2244862807654 -0.007493464738323609 0.9999141293080329 0.010750906769849359 0.180035440563567 -0.004040174654065062 -0.010781394880285407 0.999933717059886 1.1025793287418328
0.9999549252031433 0.008533569245393816 0.004162422120586421 123.59766071996314 -0.008584569936783071 0.9998863569859837 0.012392670103662901 0.1824669716134977 -0.004056195381926101 -0.012427844110376054 0.9999145443335604 1.1163856772603784
0.9999475070254138 0.009618447211659538 0.0035310999556095227 124.9370753880753 -0.009665443896709501 0.9998615772656203 0.013542728756993874 0.18473672892189602 -0.00340035114944733 -0.013576147507392024 0.999902058119153 1.138277933859185
0.9999396132949988 0.0106218513609429 0.0028188716029705165 126.26182387417597 -0.010660028649890014 0.9998466639181536 0.013892891740831314 0.18051211745164872 -0.0026708711371989076 -0.013922102046924175 0.9998995157124357 1.142826400468264
0.9999336120360088 0.011334037337647741 0.0020763232525916582 127.62895770693578 -0.011360130912566976 0.9998507171184164 0.013018867210236616 0.17832247264726728 -0.0019284569660187126 -0.013041590218115308 0.9999130952129355 1.1585749105343284
0.999917770971801 0.012509425207984492 0.002822335159138677 128.98032855654125 -0.012544722610987203 0.9998386628711708 0.012856055483791587 0.18425238504422367 -0.0026610579471433187 -0.012890403754529314 0.9999133743788244 1.1833930517265165
0.9999050178874059 0.01322128310388871 0.0038926696074948813 130.35453980929034 -0.013270700188063644 0.9998280101376311 0.012955256104897481 0.16576816841045589 -0.003720714999138609 -0.013005684038595694 0.9999085000451708 1.2019515653463273
0.999899624413239 0.013458399386006705 0.004428609740128446 131.68785685292073 -0.013506957072185638 0.9998469013515319 0.011123667038805247 0.1548632147763944 -0.004278224972317441 -0.01118236753584867 0.9999283231549047 1.2275831950583187
0.9998992677925886 0.013371543813914321 0.004759840740786277 133.0822745090347 -0.013420964083375632 0.9998547316359365 0.010506823892219585 0.144536716798168 -0.004618656830488764 -0.01056964716828072 0.999933473070994 1.24591058948055
0.9999010450745383 0.013167704120190957 0.004950921838320752 134.41296574939165 -0.013211718708168207 0.9998725302527941 0.008965139968317947 0.13675349591632474 -0.004832240435066676 -0.009029663010234648 0.9999475559439601 1.251916049981928
0.9999120884943493 0.012346106860851466 0.0048362101121539975 135.76495523597467 -0.0123743568344694 0.9999062890129332 0.0058556370547981 0.12409621945890761 -0.004763462585313827 -0.005914967266582332 0.9999711608773693 1.2774223748840066
0.9999277911263071 0.011238873460398495 0.00425443963468824 137.14747516449248 -0.011268655501664546 0.9999117084689588 0.007042206321359043 0.12884179946403687 -0.0041749175379713985 -0.0070896396261681946 0.9999661529639501 1.3168496172357795
0.9999302205540995 0.010192023208461383 0.005972996362627489 138.50448850270186 -0.010223710161022187 0.9999336973982484 0.005298731736148575 0.1200014597191432 -0.005918595540598157 -0.005359428177188395 0.9999681228701445 1.3210996328907787
0.9999418686472473 0.0089584983848327 0.006000386065918985 139.83119030742736 -0.00897146158656383 0.9999574722071489 0.0021369731140023344 0.10240542178737129 -0.005980986812553125 -0.002190681121959366 0.9999797141507272 1.324946204785749
0.9999580852760609 0.00741558248758989 0.005369993240581788 141.22853537005324 -0.007416478856833459 0.9999724867336559 0.00014702746174719136 0.12113313471881244 -0.005368755200256967 -0.00018684774046183418 0.9999855706736581 1.3603198784503079
0.9999691198760331 0.006168863236619608 0.004868718591132823 142.56736713605736 -0.006177984517306462 0.9999791850556857 0.0018606350180815183 0.12217964708273747 -0.004857139246066657 -0.0018906564295166433 0.999986416716052 1.3885218199039382
0.9999765276842044 0.005111203065105715 0.004562859176970557 143.9034186073743 -0.0051132044504571365 0.999986836290145 0.00042706752946206593 0.11415004148510895 -0.004560616283950648 -0.00045038833704864336 0.9999894989095918 1.3809574569047653
0.9999886461029069 0.00413118410248978 0.0023750754065010407 145.2780397145704 -0.004129917946259753 0.9999913272588931 -0.0005377590116546811 0.10620578755234399 -0.002377276389566849 0.0005279440394491729 0.9999970349116335 1.4138055433726389
0.9999944000176453 0.0030123375145816316 0.0014579972729553026 146.59349681255284 -0.0030049905744882616 0.9999829082930495 -0.00501529195778714 0.11485783318329747 -0.0014730801054042004 0.005010882604177813 0.9999863604522465 1.4348513201951945
0.9999915699097878 0.001871338653875362 0.003654887276024582 147.98039065139372 -0.0018275736428147674 0.9999270307793975 -0.011941234914278273 0.11879888619295513 -0.0036769666762187553 0.01193445467293758 0.999922021313523 1.458935412344928
0.9999833744672135 0.00033120545475013983 0.0057568300401712085 149.29445623543526 -0.000219132701500973 0.9998106603527863 -0.019457528768695647 0.1131869755797853 -0.005762184483666482 0.019455943767194374 0.9997941105458185 1.4948081390340056
0.9999969760486579 -0.000661823727489644 0.0023685191351342848 150.64195220286618 0.00071163231209294 0.9997773124152188 -0.021090736337413738 0.09308926119130048 -0.0023540333455902454 0.021092358074801656 0.9997747601124226 1.5212540381419075
0.9999998419385245 -0.00043230107155569155 -0.0003594978575896098 151.9858806985193 0.0004255608697719693 0.9998279867055941 -0.018542273274455207 0.1152058483111074 0.00036745186378441935 0.018542117355415173 0.9998280126417273 1.5649312616756703
0.9999907855074965 0.00014023548548451734 -0.004290598339217279 153.33433641594024 -0.00022125909293520688 0.9998215559213036 -0.01888934513204266 0.1268779709143049 0.004287183750864504 0.01889012041021023 0.9998123741014482 1.5460245912839048
0.9999918710738996 0.0009565624461241536 -0.003916985372453482 154.70797435846882 -0.0010344815457136777 0.9998006601407862 -0.019939153191145635 0.1458610176034766 0.003897131515990627 0.019943043156325474 0.9997935223813026 1.5640162736359542
0.9999973600100561 0.0014823885608815288 -0.0017557041530142027 156.04198910276364 -0.0015238684004254654 0.9997140308917669 -0.023864916996157993 0.14997711327423882 0.0017198249959017523 0.023867529455096383 0.9997136506218636 1.5724362368344682
0.9999978933505544 0.0018100751255307299 0.0009679475672394201 157.36714605480333 -0.0017830670685863403 0.9996281255482755 -0.02721086703267597 0.13227350717425526 -0.001016841325828526 0.02720908379348676 0.9996292471675872 1.6007686390761198
0.9999942880048623 0.0018385942226018489 0.0028361115868450926 158.71801014799516 -0.0017466749528600833 0.9994838040131437 -0.032079193288246495 0.12494183600894149 -0.0028936282168711847 0.03207405628697816 0.9994813063929922 1.6240686221652947
0.9999914694688233 0.0018556760017333148 0.0036901837569450905 160.08137790450337 -0.0017325597459036859 0.9994508402726957 -0.033091027710384247 0.11608542527629699 -0.003749563482634276 0.033084351962508425 0.9994455294956852 1.6792314966216004
0.9999866843446791 0.0031261826537805153 0.004105863532843978 161.45963796533053 -0.0029871763003088683 0.9994363921529499 -0.033436130428711616 0.12951174705385643 -0.004208076886893732 0.033423420266485954 0.9994324224611707 1.6828573524700952
0.9999833255304262 0.0042171117618164285 0.00394520335320221 162.78899677176088 -0.00408797160042479 0.999473474378784 -0.032187924776173556 0.1270989519701399 -0.004078866178717905 0.03217126018033544 0.9994740481218637 1.6832112801659274
0.9999854857399225 0.0050550565673033575 0.0018640580979560866 164.13310341374614 -0.005001395547427293 0.9996024378240319 -0.02774801504307463 0.12781576169751807 -0.002003584804635659 0.0277382894092964 0.9996132116716829 1.6965224537572619
0.999982945966275 0.005762001548212141 0.0009524257285394486 165.4862506155743 -0.005734506005600348 0.9996266907486094 -0.026713191195655114 0.13045069827073458 -0.0011059916282307742 0.026707273936931362 0.9996426853137955 1.6976759038758304
0.9999803716666797 0.00594890372472976 0.001966424634464164 166.8318147993964 -0.005899271649504265 0.9996861118428275 -0.024349053011875874 0.12629427517034622 -0.002110657569215424 0.02433697460745034 0.9997015838696975 1.7262765992439222
0.9999786695121906 0.006036763676133816 0.0024935927789931393 168.16973295926607 -0.005978301150785257 0.9997216602303475 -0.022822400873447043 0.11202185409895082 -0.0026306721535484167 0.02280700661192319 0.9997364252708932 1.74747857264594
0.9999851532008441 0.00544894465569947 4.87854848834844e-05 169.57838182677466 -0.005447034286046222 0.9998046654888502 -0.018998965345907514 0.1158053884574368 -0.00015230026608004565 0.01899841753587603 0.9998195021781489 1.7787747571248196
0.9999843862557284 0.004793193616039193 -0.002872723396583626 170.99124308602245 -0.004838573521216683 0.9998602244320721 -0.016003743466021136 0.12847959522494673 0.002795612819025307 0.016017393471023756 0.9998678050899331 1.7903954383459728
0.9999795475462698 0.004913105746347919 -0.004094616109323154 172.30795178904214 -0.004956664625470757 0.9999305034527498 -0.010696716342918628 0.11845026746875868 0.004041777449109794 0.010716793207646525 0.9999344050378487 1.8067286902885795
0.9999777681459746 0.0055357720297341114 -0.0037173164823681324 173.66869937733125 -0.005562280547957037 0.9999589038620383 -0.0071590238256602256 0.11071738940670506 0.0036775329911628366 0.0071795414244480455 0.9999674644387354 1.8216237654101461
0.9999814665721549 0.006015356220942498 -0.0009391494755550309 175.07841220367425 -0.006017642320140973 0.9999788908623728 -0.002450675532476371 0.13432018242394592 0.0009243879646097056 0.0024562815786872564 0.9999965560879183 1.8642152992112027
0.9999801188986054 0.0061135772298526675 0.0015446620943973392 176.40140486941928 -0.00611193075963821 0.9999807512361032 -0.0010683911587729923 0.11498469789872336 -0.0015511640534222344 0.0010589290502120412 0.9999982362781176 1.8830955848554665
0.9999749747742491 0.006658744571076186 0.0023897585604124695 177.85922436568688 -0.0066479057786347625 0.9999677088240948 -0.004515158673682323 0.11695606726106439 -0.0024197466806043545 0.004499158791073905 0.9999869511129504 1.8914729675367952
0.999985917402018 0.0046661269411559245 0.0025282913228558833 179.2142673776052 -0.004652222829541031 0.9999741756827685 -0.005477662851253141 0.057781934040905585 -0.002553785501663509 0.005465823536917406 0.9999818013107412 1.9075955445162192
0.9999971285081457 0.002071849963952468 -0.0012043310135727487 180.50909183064815 -0.002080735059116893 0.9999702785107324 -0.007423788573372471 0.07727176944160791 0.0011889142429733217 0.007426273149786776 0.9999717180750802 1.9099064743235392
0.9999854378870193 0.000932284481343618 -0.005315530034921549 181.97146674340613 -0.0009659932589176064 0.9999794193865214 -0.0063425279202798555 0.08840270900800704 0.0053095075976999 0.0063475703258530055 0.9999657581537622 1.9329420480116186
0.9999806107753728 0.0007631813433659131 -0.006180261123088286 183.3502906388758 -0.0007718529801297269 0.999998720923848 -0.0014008546123909717 0.08078560119892829 0.006179184111958726 0.0014055977038720576 0.9999799207878153 1.9508254155661635
0.9999835812510658 0.0005487204481829702 -0.005704045420819572 184.66985976846348 -0.0005407180873166771 0.9999988676770926 0.001404374765818145 0.08122670394078506 0.005704809571149193 -0.0014012674272115425 0.9999827456498209 1.9559244077954832
0.999997587914988 0.0012720826572723437 -0.001790522247529045 186.128259354141 -0.0012643913432255165 0.9999899978388082 0.004290167464296422 0.07666043836341568 0.001795961786065033 -0.004287893195218153 0.9999891941882219 1.987204539258231
0.9999983879241688 0.0016556976039746086 0.0006948485500742862 187.48912122776198 -0.0016593496888113065 0.9999846379939415 0.005288698775293398 0.0742850878315037 -0.0006860813899162536 -0.005289843246235261 0.9999857733241792 2.0185046164828595
0.9999973433669391 0.002079620207065355 0.000994202624466909 188.97222261755502 -0.0020825543729096367 0.999993452418687 0.002959406534927211 0.0639438404737248 -0.0009880416732134278 -0.0029614691538931114 0.9999951267251769 2.0172753269022605
0.9999974254866841 0.0018200057018345154 0.0013552118833481794 190.36354000256333 -0.001823183386223116 0.9999955831860845 0.0023472559857921787 0.057222918824971075 -0.0013509338783516678 -0.00234972074254092 0.9999963268882983 2.025223823567983
0.9999958685612839 0.0020797331753782933 0.0019843311927829886 191.70532324610102 -0.002079701083782676 0.9999978372530905 -1.8235774767459943e-05 0.04081633765504746 -0.001984364826722597 1.4108883695259498e-05 0.9999980310466485 2.042247805505611
0.9999954709368437 0.0024386681706141766 0.0017638036608072084 193.16852183022675 -0.002434196734210283 0.9999938297117357 -0.0025328293892981973 0.04192079241577681 -0.0017699695080434573 0.002528524472843004 0.9999952368746218 2.04246845946878
0.999991642247408 0.002913780254689467 0.0028679818617654684 194.52801573379634 -0.0028968852463397247 0.999978531087951 -0.005877535117158464 0.030732900664482022 -0.00288504613508574 0.005869177779831985 0.9999786144018217 2.0710254287421996
0.99998543343615 0.0031714693865067113 0.004367458923182131 195.9924444557414 -0.0031177492427026236 0.9999200753379232 -0.012252451830619111 0.017186179053212555 -0.004405968131394018 0.012238656712746916 0.9999153977845789 2.0651401189867586
0.9999807489728438 0.0036290376043286556 0.005033067630817819 197.39239534243566 -0.00356083898821763 0.9999026180258469 -0.013493512913885763 0.005006721189433335 -0.005081545966534871 0.013475331206452074 0.9998962912919851 2.1083068250091586
0.9999925460768081 0.003740159570752555 0.0009586434207000993 198.81776654485887 -0.0037291451885432467 0.9999298221111232 -0.01124474672814703 0.023003885520101346 -0.0010006332922246166 0.011241087990168775 0.9999363163090996 2.1204313626091538
0.9999827659877175 0.004413525763647602 -0.0038715007280497966 200.25682291551112 -0.004433453709956067 0.999976890358221 -0.005153953599333343 0.041776140703341326 0.0038486641520595224 0.005171028895299579 0.9999792239063813 2.1549586063775497
0.9999664433221673 0.00614547328605481 -0.005417138331750866 201.68373636054744 -0.006115917174951492 0.9999664142197561 0.005455821623956511 0.06255639751977887 0.0054504849989768095 -0.00542250777534572 0.9999704438745689 2.164929802136199
0.9999710743060459 0.0073775687755997625 -0.0018498730155813872 203.1264613281934 -0.00736008894315291 0.9999298122796042 0.009284374250562803 0.07899248288320114 0.0019182392867833362 -0.009270490463666457 0.9999551881782512 2.168528800187544
0.9999648291576888 0.008316234248897911 0.0010865981556519026 204.5905388664219 -0.008329719544530158 0.9998800302203872 0.013059132390284516 0.076348932133296 -0.0009778649926656653 -0.013067724147492679 0.9999141354964741 2.2166487891953803
0.9999673691150816 0.007910598764308815 0.0016380269388549908 206.00261742212018 -0.007929471303720315 0.9998982891083209 0.011854742641491596 0.08003151216612976 -0.0015440822211834635 -0.011867344498355095 0.9999283884082157 2.2581060222816913
0.9999794348423909 0.006343257309222334 0.0009449756618621548 207.4791087964432 -0.006351110008418367 0.9999432563510531 0.008552629988083232 0.03735900428309861 -0.0008906705078099516 -0.008558455746283318 0.9999629790853687 2.255091861049855
0.99998976392977 0.004510125461000181 0.0003616683686366749 208.87778654666465 -0.0045122288098365165 0.9999715630096845 0.006042595728338962 -0.004100502831845983 -0.00033440521903186607 -0.006044165806337285 0.9999816779485787 2.2717824884942988
0.9999931386640616 0.0036959178013406114 -0.00025063201052824726 210.37440123576314 -0.0036938676927166327 0.9999632332369364 0.007738702462379057 -0.008139004813939425 0.00027922440379048516 -0.007737723563055284 0.9999700243846283 2.2987845560985867
0.9999918457546564 0.004030383906909941 -0.00025383017606923534 211.83730883191186 -0.004027881954168926 0.9999496839370569 0.009187260807407897 0.0029696989327346354 0.00029084559244088056 -0.009186163494243624 0.9999577640126098 2.3297864515155453
0.9999938112530117 0.003486365258470703 0.00047192474058410834 213.25467621342065 -0.003490961047542568 0.9999427421857079 0.010115608785016203 -0.005222757332373587 -0.00043663101216859056 -0.010117193652959551 0.9999487245583885 2.3461912400869704
0.9999954526971908 0.003014975167949434 6.715412959992313e-05 214.71079904879542 -0.003015489384898236 0.999947200825577 0.009823562737769737 0.0005009330115829363 -3.753278620215204e-05 -0.009823720569620263 0.9999517453884762 2.3722381098527863
0.999995984899822 0.0028089815306168472 -0.0003739077366642839 216.18997334888908 -0.002805288813518557 0.9999506052958043 0.009535057589108976 5.681724519077244e-05 0.00040067306826340994 -0.009533970385706601 0.9999544703984161 2.399749162002175
0.999996332051619 0.002534462372458916 -0.000955187830069712 217.64666983483872 -0.0025261151896852616 0.9999594754491424 0.008640960682950859 0.0005895633789567003 0.0009770493112247498 -0.00863851607386657 0.9999622099933002 2.413491691590077
0.9999976606270927 0.0020036048213945556 -0.000815050956360761 219.13627566911305 -0.0019952758376322118 0.99994705801621 0.010094554921254495 -0.008646851481591666 0.0008352333048562988 -0.010092905054846536 0.9999487165114421 2.4360574623993245
0.999996710691285 0.0020612442386200654 -0.0015263940510780228 220.6343749670067 -0.0020433452309381655 0.9999302060053983 0.011636488227511167 -0.006558817259668823 0.0015502731622565893 -0.011633331001504226 0.999931128759842 2.4650540981342552
0.9999973356888244 0.0018031712761322895 -0.0014412455035208028 222.1039789572359 -0.0017913281657933123 0.999964965307789 0.00817675365867694 0.0016466561561118817 0.0014559390972575226 -0.008174150129596507 0.9999655311614515 2.4722611745857788
0.9999975337804592 0.0012574371800531691 -0.0018306514516877664 223.61157512645354 -0.00124008045962746 0.9999545633880076 0.009451632660692346 -0.001258141264887949 0.0018424531074078222 -0.00944933919579756 0.9999536566037998 2.493724787846332
0.9999977131219399 0.0008145772626198463 -0.0019774263004138856 225.11108009954614 -0.0007974946461073381 0.9999624921550435 0.008624284629104285 0.005721975590606047 0.0019843772775800274 -0.008622687919529332 0.9999608549837652 2.5104841321031404
0.9999983562306397 0.00036148884772906526 -0.0017767559853573026 226.5349121423781 -0.000343295752554021 0.9999476218215677 0.01022916230281406 0.007602213671684788 0.0017803606502093485 -0.010228535535647388 0.9999461022358911 2.5479901937782268
0.9999986235149049 0.00048144905677306 -0.001587820865673129 228.07623614778092 -0.00046571714475560116 0.9999509507227254 0.009893394577119663 0.008231666722414087 0.0015925061496946643 -0.009892641483609542 0.9999497985242259 2.5816209717922516
0.9999975712082582 0.0007364380805743311 -0.002077314742196431 229.58361566072108 -0.0007174112767523419 0.9999579239886975 0.00914524867208371 0.00687611405552544 0.0020839622464563037 -0.009143736171157841 0.9999560236281332 2.6003916001361485
0.9999989630714491 0.0005490856991926075 -0.0013313004625950143 231.06947439628928 -0.0005382435431421063 0.9999667999669907 0.008130759968460424 0.015964554429070042 0.0013357207473979602 -0.008130034973565299 0.999966058614698 2.623661716411442
0.9999992908926685 0.0010883460952711005 -0.00048344279603499784 232.54973870720872 -0.0010858881478213926 0.99998663002602 0.005055750798286162 0.0022089647630559096 0.0004889387390573726 -0.005055222248413841 0.9999871027502948 2.6372512042433693
0.9999993354103144 0.0010803210120522006 -0.0004025983612735218 234.07149201082922 -0.0010778009990549604 0.9999801500474778 0.006207886599347665 0.002087107610413492 0.00040929688004887754 -0.006207448552734264 0.9999806498420504 2.6566541297591137
0.9999990011130536 0.001229109675125556 -0.0006978984894055855 235.51113414357155 -0.0012256883823788705 0.9999873331469683 0.00488172444978104 -0.005068184361808591 0.000703889823980512 -0.004880864167419668 0.9999878407781242 2.667923742727888
0.9999983663438109 0.0015348641900457527 -0.0009547259436796388 237.0834611084145 -0.0015293308527786847 0.9999821856308644 0.005769711263314036 0.006802323955425371 0.0009635646590442192 -0.005768241745747903 0.9999828993189386 2.6887616092093527
0.9999984583275716 0.0017219498613312472 -0.00034384757531344715 238.55685410427077 -0.001719025492780044 0.9999638161848818 0.008331342768296687 0.012883928548948499 0.0003581812881209248 -0.008330738841347655 0.999965234643946 2.724543024212191
0.9999963081830736 0.0024167207404905107 0.0012422081490559142 240.04081294155748 -0.0024276530595625846 0.99995766183348 0.008875868472558735 0.0035211243146697833 -0.0012207050608129483 -0.00887885135489094 0.9999598371323581 2.732871308946832
0.9999916768853535 0.0033829753812978183 0.002280709886976677 241.61633023049046 -0.0034001565316691086 0.9999655517713977 0.007571935425265454 0.0006946398196709234 -0.0022550156494286653 -0.007579627173797858 0.9999687315893068 2.750443593753476
0.9999931784068621 0.0035896746367570986 0.0008702733732002964 243.05945519782603 -0.003596178110766863 0.9999647274716661 0.00759021182261868 0.008777695813380943 -0.0008429962855908137 -0.007593289703336881 0.9999708152284964 2.7642247946176384
0.9999895111487361 0.004566161062112523 -0.00035744323568070633 244.61574509545855 -0.004563358646117992 0.9999615867429515 0.007483367984113314 -0.012814794095307022 0.0003915997686243315 -0.007481658350499535 0.9999719353251608 2.7871042242323747
0.999989962010773 0.004459351127610723 -0.00043596469327115815 246.11217765431914 -0.0044557190335942146 0.9999580362129036 0.008004522542123166 0.001432925746337618 0.00047164137516579044 -0.008002499656630335 0.9999678682606051 2.805561759308222
0.9999884002905767 0.004783867337624534 0.0005602656417974844 247.63504644697488 -0.004788138229636159 0.9999574310396371 0.007887321529090975 -0.012842558662712784 -0.000522509892027225 -0.00788991266779135 0.9999687376420862 2.834270102942112
0.9999887176808743 0.004500070864750457 0.001521142062110415 249.20287186772163 -0.00451351265739928 0.9999497451197243 0.00895183994997283 -0.010613462372719425 -0.0014807817031534194 -0.00895860464640879 0.9999587744943973 2.863406741326485
0.9999908449471989 0.004072547586902794 0.0013131557179435359 250.6751748230167 -0.0040823080891265965 0.9999634074142467 0.0075178848857043274 -0.00776656863974629 -0.0012824907222304316 -0.00752317676528089 0.99997087809041 2.8695026419490905
0.9999891812076168 0.004409774088970164 0.0014803243578638792 252.26722627504415 -0.004423294575417107 0.9999473610998785 0.009257942238338153 -0.02227565780261689 -0.001439421001418052 -0.009264389989285178 0.9999560486067911 2.8884828907348807
0.9999900123440661 0.0043274877483831875 0.0011171669087116554 253.7660433534467 -0.004339397190864177 0.9999313117283304 0.010887674557978165 -0.016280213680333933 -0.0010699738941894956 -0.010892413646576152 0.9999401034466103 2.8897693637067814
0.999987370753325 0.004767546390917067 0.0015902311978880001 255.3205290106653 -0.0047840873857401675 0.9999327414492938 0.010565277354878898 -0.026913915064713568 -0.0015397537913200516 -0.01057275172839922 0.9999429214105932 2.913259933363365
0.9999861536268109 0.004637676377162565 0.002486868005565036 256.8373379412113 -0.004661543607025568 0.999942292133806 0.009678967578713992 -0.015210184757689447 -0.0024418365744238047 -0.00969042620376967 0.9999500652903289 2.9444320011072698
0.9999862194375919 0.004672249012795664 0.0023939557378389034 258.386022575896 -0.004690634441026318 0.999959100359663 0.007732758656141671 -0.036507364918889965 -0.002357728451912898 -0.007743881265612622 0.9999672361730114 2.9310640054851853
0.9999809275480954 0.004786871273998746 0.003902614951150862 259.9043142882831 -0.004811898571660952 0.9999677563454893 0.006428989151049886 -0.04002689534376567 -0.0038717143730946785 -0.006447645521772694 0.9999717184475964 2.9746434965321957
0.9999856158844151 0.0044938009751099755 0.002928101272672322 261.4902053572607 -0.004509530845035977 0.9999753177555938 0.005387764950041144 -0.05893845226384225 -0.0029038174571749055 -0.005400891814813863 0.9999811989291498 2.987961399104167
0.9999884499369145 0.004425943854405555 0.001873769933808921 262.98298937183245 -0.0044369370843767965 0.9999727279728204 0.005903973230382224 -0.07521606992993675 -0.0018475881782687726 -0.005912218838425864 0.9999808158591494 3.02200834005407
0.9999824305461579 0.005086563128092549 0.0030439242011756186 264.50064022146216 -0.005092771644986511 0.9999849603412495 0.0020353791493501663 -0.08080051604038097 -0.0030335253370615974 -0.0020508453997113854 0.9999932958561152 3.0157612276733383
0.9999695020343184 0.00517787086451089 0.005846764451193959 266.020519629531 -0.005175867335278684 0.9999865411146865 -0.00035775244648496865 -0.0738287165135631 -0.005848538156231117 0.0003274794586231298 0.9999828435321475 3.03737496304101
0.9999729827069256 0.005410039713680001 0.004976477319449371 267.6119845855667 -0.005409277896662062 0.999985355882871 -0.00016653061106408116 -0.08367724496735071 -0.004977305380552016 0.00013960696309041863 0.9999876033936843 3.062279992834285
0.9999773601115205 0.005460782651756721 0.003931808391166224 269.0761746697388 -0.005450612461551972 0.9999817841209439 -0.002592730238225937 -0.08002856237906454 -0.003945895106125687 0.0025712407752891612 0.9999889092548412 3.054498440146558
0.9999715223028477 0.006570206280107048 0.003713081302949382 270.69536630146445 -0.006567793775550678 0.9999782129798453 -0.0006615516282590998 -0.09948164404564344 -0.0037173469366348017 0.0006371460365225551 0.9999928876630477 3.0924392278062003
0.9999648088087243 0.007639331860188441 0.003467239948637767 272.1995470481595 -0.007635823451815431 0.9999703223861242 -0.0010239859392565714 -0.10604491662957378 -0.003474959617639504 0.0009974746718586398 0.9999934648286132 3.0815340262451745
0.999956001609929 0.008729574124281662 0.0034335666430482374 273.7617402094187 -0.008739572157190947 0.9999575816646418 0.002907705265430915 -0.11355588936357713 -0.003408037968220754 -0.0029375852345138787 0.99998987788387 3.1411475507918754
0.9999512063007255 0.00943385494862608 0.002930426339647469 275.32519491285575 -0.00943603452906493 0.9999552125579637 0.0007308423386756624 -0.12215015404295516 -0.002923400432734259 -0.0007584582823001669 0.9999954392250716 3.1113591923794752
0.9999424054584933 0.01027225225989738 0.003109115532013333 276.80472377499007 -0.01028473521987019 0.9999390060925452 0.00402595530404375 -0.1362776016536372 -0.0030675702664380976 -0.0040576998610086295 0.9999870624585593 3.1787246363955095
0.9999338248160761 0.0113077498488852 0.0021167857822849243 278.4030465627511 -0.011316773819917691 0.9999267143833295 0.00430075491839995 -0.1493823444815268 -0.0020679987915548812 -0.004324425501075549 0.9999885112965468 3.2205807646793345
0.9999261655429045 0.011932294687968444 0.0022986531150941745 279.88436886417463 -0.011939758993807358 0.9999233998807696 0.003261368739073683 -0.1635240192092336 -0.0022595614251107337 -0.0032885733018880345 0.9999920398022197 3.2285531044016986
0.9999144931445845 0.012827628958267721 0.0025413253860150104 281.4393056625536 -0.012837482990865115 0.9999099908092429 0.0038999115783445583 -0.1736763439523267 -0.002491070024676509 -0.003932202330586318 0.9999891661187953 3.2578489579754963
0.9999001565930513 0.013829917294447904 0.002900040141106232 283.0581332534317 -0.013831521588907452 0.9999041974065552 0.0005338719774324595 -0.22682369316598877 -0.002892378904445906 -0.0005739306416557674 0.9999956523644948 3.2849295493085067
0.9998961715466783 0.01396580358245643 0.0035499938861736752 284.5393956779519 -0.01395854558440915 0.9999004504170967 -0.0020611309650093983 -0.20791393232844663 -0.0035784258359780378 0.0020113642094846786 0.999991574605783 3.3230617064428243
0.9999045712469313 0.013802488964666286 0.0005828360582111915 286.1548293075296 -0.013800774509799144 0.9999007039612609 -0.002849708880672926 -0.23322627917220537 -0.0006221112602773763 0.0028413933474922817 0.9999957697217647 3.364864344461825
0.9999067827159075 0.013440998218870027 -0.002401134232690705 287.6712317312179 -0.013449541477779775 0.9999031491203038 -0.003578018073885595 -0.2562499236476001 0.002352809546169819 0.0036099786952146036 0.9999907161274346 3.3750604115842098
0.9999166245671358 0.012734573679362734 -0.002138819176694103 289.2190567564491 -0.012743578273407788 0.9999097628143601 -0.004250581291997225 -0.2819098574303884 0.0020844968350279456 0.004277483107532947 0.9999886789415217 3.4045323072278584
0.9999176904206556 0.012716000365579946 -0.0017075475175028808 290.8029724977102 -0.012721925159746296 0.9999129302475863 -0.003504931370972642 -0.31945722761300827 0.0016628301331686767 0.003526366173270249 0.9999923998398988 3.4611728980129635
0.9999379862318069 0.010870550981266415 -0.0024196718873671875 292.35059475797084 -0.01087710426914001 0.9999371652408672 -0.002711857809169729 -0.30448913251722776 0.002390040459298439 0.0027380086600641783 0.9999933954857804 3.497262213887049
0.999939408055575 0.010684328792290887 -0.0026505349883689158 293.9672030761679 -0.010692155970598265 0.9999384660455592 -0.0029566743402931273 -0.3106333790549827 0.0026187818096862756 0.0029848351231469856 0.9999921163394845 3.51598802972127
0.9999467473258113 0.010087828093539666 -0.00217674915527773 295.47827636294755 -0.010093771376905779 0.9999453111972133 -0.0027368584360558386 -0.3183332346019462 0.0021490211540531757 0.002758684299343489 0.9999938856658154 3.54267968211334
0.9999571380266103 0.008977549025120891 -0.0022640059920454023 297.0585889046811 -0.008980613156314945 0.9999587663787682 -0.001346896279750099 -0.32888828232738004 0.002251820811496651 0.0013671707111157364 0.9999965300676196 3.572394188702472
0.9999661250904401 0.00815229455790712 -0.0011352378831708222 298.6811606038112 -0.008156365003834631 0.9999601537665247 -0.0036283038947558344 -0.35725945660987596 0.001105613646121428 0.003637440400830865 0.9999927732967853 3.59031777883533
0.9999743088765687 0.0071654084362850114 -0.00019623651555219487 300.24145269914413 -0.00716588670464696 0.9999710584914956 -0.00255582611579989 -0.3523605136378151 0.00017791729815958105 0.002557166662393442 0.9999967146166511 3.6014206218024034
0.99996956706511 0.007768590607228301 0.0007168985937831792 301.85733075509506 -0.007766839693549386 0.9999669247311059 -0.0024136372945243773 -0.37312369039203774 -0.0007356254421849181 0.0024079958040033 0.9999968302006845 3.647829076746811
0.9999614735254243 0.008739091226255805 0.0008244691633366245 303.4052115504789 -0.008738336468443233 0.9999614017002929 -0.000914650397580255 -0.3599790068441296 -0.0008324305534933437 0.0009074106703678757 0.9999992418323371 3.6704122064093823
0.9999547765563015 0.009503478413952772 0.00035880394748066683 305.0069851101079 -0.009503176715601172 0.999954496512141 -0.0008333891425259987 -0.38250705260551926 -0.0003667077163760173 0.0008299416764798686 0.9999995883610475 3.6884527403043754
0.9999575705300698 0.009194943112279957 -0.0005569207863129714 306.61407754786626 -0.009196997692862174 0.9999504621060988 -0.003806385061542701 -0.3975256005432053 0.0005218937035258303 0.0038113455578290168 0.9999926006086249 3.7117679829567
0.9999467447692868 0.010022017062348784 -0.0024630873530613554 308.2325670796385 -0.010035436791718175 0.9999345302552392 -0.005497746050285142 -0.4204282120017124 0.002407827590640609 0.005522171423994959 0.999981853829887 3.7387053281462803
0.9999453952951289 0.009861658382745882 -0.0034574733564224475 309.8286131117418 -0.00988346834766337 0.9999310026955446 -0.00634877166887013 -0.43395009289447806 0.0033946253827321755 0.006382596824547948 0.9999738691467324 3.780213219469142
0.9999597318424687 0.007951732143494143 -0.004159885750368279 311.429834321743 -0.007972657434943305 0.9999555261874702 -0.005038092949165927 -0.4386553375476424 0.004119639178743479 0.005071055418501581 0.9999786562572119 3.8001552889342864
0.9999752420753607 0.005504016814589633 -0.004384180109046411 313.0744069482401 -0.005523211789743332 0.9999751623182963 -0.004378227726221042 -0.4427394163620391 0.004359973377153108 0.004402334085655585 0.9999808048591478 3.8243121094166748
0.9999854617501599 0.005203460733485889 -0.00141431422055672 314.6811293318672 -0.005206476483804952 0.9999841626755535 -0.0021370542098102146 -0.45046006960687124 0.001403171743937462 0.00214438673451223 0.9999967163519037 3.842665790463773
0.999980675543699 0.005713283177762176 0.002450904832587117 316.32952751886546 -0.005708218596932249 0.9999815686977921 -0.002068454774133744 -0.458043756496836 -0.002462677327084485 0.002054424501825165 0.9999948572669507 3.8875997916913416
0.9999803166805172 0.005376900017647997 0.003233449819083609 317.92410653964646 -0.005363533809373982 0.9999770945987266 -0.004128290562064277 -0.4572364861279609 -0.003255573161214026 0.004110866586176657 0.9999862509151326 3.9244201762564135
0.9999818871020631 0.0053584679772557715 0.002740855474744946 319.56327802279526 -0.005344116319739478 0.9999721113314284 -0.005216989565499566 -0.4635938756489034 -0.002768734107459415 0.0052022476202273965 0.9999826352148021 3.946659473077622
0.9999825167783709 0.005597317712822228 0.0019068749347445624 321.19402464000603 -0.005585768245938972 0.9999663439528054 -0.006009172552209435 -0.47764985080745476 -0.0019404460048376517 0.005998416131054425 0.9999801266391353 3.9703900907809886
0.9999817122179928 0.005791929387337342 0.0017403400654803047 322.815647610114 -0.005780913640061194 0.9999636372809091 -0.0062693822200106724 -0.481377856996395 -0.0017765886011039112 0.006259206811292433 0.9999788328074929 3.9855703006054353
0.9999774795304319 0.006303303903257491 0.0023040815670992334 324.4415776966276 -0.006289044852379533 0.9999613468073311 -0.006144331217739133 -0.48856403457340325 -0.0023427220939381773 0.006129702372195901 0.9999784689692168 4.031317647727669
0.9999766626431079 0.006689049630429933 0.0013895266076974573 326.0786608268772 -0.006681414024970294 0.9999629420007173 -0.005428934692641096 -0.48720359646672484 -0.0014257895282208653 0.005419523993089891 0.9999842978186755 4.058299189140095
0.999975155401885 0.007022541395549914 0.0006103206727144652 327.69107905804407 -0.007019820526079082 0.9999658930839024 -0.004351412264410865 -0.4944365888813332 -0.0006408578293144174 0.004347019813736112 0.9999903463133939 4.077542692054915
0.9999651374023049 0.008074496362701406 0.0021275545770479192 329.3249358526996 -0.00806344782243373 0.999954220598546 -0.005151457693661548 -0.5063968493527767 -0.002169052605282901 0.005134122675143024 0.9999844678769526 4.1142056974246275
0.9999623821645606 0.008025507366326 0.0032902108276435076 330.9682728149878 -0.008003747148836747 0.9999463579400582 -0.006574288858164421 -0.5161040261555507 -0.0033427963376166233 0.0065477075321172 0.9999729762542181 4.139802628285669
0.9999656296573893 0.007911495762691763 0.002479463389098109 332.57744030243987 -0.007893278977913623 0.999942400370508 -0.007272694703039128 -0.5200105013706566 -0.0025368584662520026 0.0072528736417848075 0.9999704796508038 4.160731366395048
0.9999681251703845 0.007515158480699849 0.002696485905070094 334.21868325733277 -0.007494260902684225 0.9999424397783361 -0.007678097659652095 -0.5567359590760596 -0.002754032815486261 0.007657644752704417 0.9999668873418222 4.200570367245177
0.9999678151730156 0.007993202284465943 0.0006908945977578415 335.78665843441 -0.007988775320933181 0.9999489367884306 -0.0061889647404844515 -0.5322509256345626 -0.0007403289655629436 0.006183246148013132 0.9999806095020521 4.207980545202255
0.9999716773674505 0.007292512054120792 -0.0018611101171298 337.4245056792107 -0.007299492930163115 0.9999662437430272 -0.0037721051712763516 -0.5426486682868509 0.0018335391705874872 0.003785583495469891 0.9999911537067259 4.2589219343683125
0.9999781283476736 0.006391496301152323 -0.0017004709100522058 338.99917832556247 -0.006397006627530474 0.9999742412758256 -0.0032550101450294143 -0.5394372725863664 0.0016796227227888986 0.0032658168762607297 0.9999932566310834 4.266413825971772
0.9999858114887551 0.005268317820182638 0.0007884469046891478 340.6312454294382 -0.005266462989987608 0.9999834027042076 -0.0023363826076805753 -0.5571206968088304 -0.0008007426247294625 0.0023321971314465583 0.9999969598292732 4.30995353761593
0.9999854012889932 0.004192843902086064 0.0034084114927650537 342.2520833798615 -0.004188998802220464 0.9999905825799331 -0.0011344780653478501 -0.5654834692169015 -0.00341313608376061 0.0011201836717697634 0.9999935478244923 4.3271964170773565
0.999989982406232 0.00298902975896283 0.0033317845494180796 343.85433041915513 -0.002989035304268815 0.9999955328185023 -3.3150694024531275e-06 -0.5658533123576357 -0.0033317795745728828 -6.643785450993466e-06 0.9999944495849596 4.371090817101561
0.9999974877651644 0.0011652905111811415 0.0019148267243968582 345.46678063959405 -0.0011648070068538926 0.9999992894552485 -0.00025360133047270584 -0.5740166859551643 -0.001915120883050802 0.00025137028978112054 0.9999981345607504 4.385150743852533
0.9999971946922257 -0.00044450507434338414 0.0023265904060755147 347.03476637433596 0.0004473620450230128 0.9999991464467513 -0.001227588273680637 -0.5678843103305642 -0.0023260427509898592 0.001228625658159702 0.9999965399960705 4.403800246296042
0.9999910215132255 -0.0015843536698946217 0.003930231085348086 348.66247094328287 0.0015990451367919856 0.9999917361231888 -0.003737745307157617 -0.5781828069817389 -0.003924276695908032 0.003743996364764305 0.9999852911636423 4.444261353616951
0.9999939645204126 -0.0017853323842791642 0.0029805219384383135 350.27844601994985 0.0017965472431895756 0.9999913012351708 -0.003764289042149692 -0.5581740237892713 -0.0029737755044481656 0.0037696209713317845 0.9999884732420578 4.45859675106219
0.9999954764735782 -0.002245319568818508 0.002001392618908337 351.86037376734595 0.002252812811868731 0.9999904324098008 -0.003749656423505459 -0.5601383991588109 -0.0019929542934598887 0.003754148224769011 0.9999909672113496 4.477020368496757
0.9999970056851207 -0.0016644877603705318 0.001793906711127093 353.46821071963086 0.0016717312327323988 0.9999904259957529 -0.004043912896948649 -0.5596196547662611 -0.0017871584927356462 0.0040468997180776916 0.9999902142857168 4.493395059394997
0.999995232809625 -0.0021813302058948246 0.002185441959145496 355.0426994766507 0.0021912165306305856 0.9999873315801513 -0.004531583533866152 -0.5570804520819134 -0.0021755293930062446 0.004536350707492359 0.999987344216975 4.525234773967293
0.9999952163181547 -0.0025844091680058967 0.0016994616969251211 356.6516170866637 0.002593204428654577 0.9999831505268922 -0.005193645454016331 -0.5676800526844628 -0.001686010556964229 0.0051980276608676575 0.9999850688269495 4.551216973433189
0.9999972278407663 -0.0022886561650764417 0.0005535013466114911 358.266576216366 0.0022916745676063274 0.9999821632339729 -0.005515563577749338 -0.5446613694087857 -0.0005408682453513887 0.005516816732688002 0.999984635979313 4.57196830932519
0.9999977824743262 -0.001976328304535808 0.0007274426871520422 359.8433834724801 0.0019806829441207582 0.9999798276486521 -0.006034997170423624 -0.5371366181519572 -0.0007155008771968697 0.006036424620985724 0.9999815246474757 4.592616920378659
0.9999975847106778 -0.0021906632472553545 0.0001776720236988004 361.4547862411593 0.002191641701482795 0.9999813090071414 -0.005707744126726057 -0.5378848008241556 -0.0001651649575491179 0.005708119734288939 0.9999836949118899 4.613587126943469
0.999996580022787 -0.002611898444574038 -0.000133900130667228 363.0143592520734 0.002611027130034075 0.9999777428704004 -0.006139731357777051 -0.5321681692348523 0.00014993350521814663 0.006139360743161826 0.999981142707006 4.659176048357291
0.9999973800608426 -0.0022705300328227747 0.0002908003108064298 364.58970209794427 0.00227271595034146 0.9999673767276037 -0.007751144607332041 -0.5255104578354395 -0.00027319161732897775 0.007751785206309503 0.9999699171437386 4.678189129003588
0.9999956246159968 -0.002301360361668158 0.0018586256611450023 366.2227825395174 0.002322497059041697 0.9999317347943296 -0.011451277597425778 -0.5396870373170789 -0.0018321452653288055 0.011455544146320829 0.9999327046116846 4.70404581362849
0.9999976167582603 -0.002035968527529261 0.0007882321704379993 367.77506967216397 0.0020444123769293426 0.9999388946418909 -0.010864039782068827 -0.5079194493779517 -0.0007660651621508337 0.010865625362040892 0.9999406739050367 4.7310568035069345
0.9999989321198215 -0.0014612225725728657 2.424479311579991e-05 369.4126127331644 0.0014613895117047096 0.999951392318439 -0.009750761052895199 -0.49207046146275135 -9.995582482361794e-06 0.00975078607133712 0.9999524599055094 4.756892976470921
0.9999980009198309 -0.0018496910468362284 0.000759473089106104 370.99482085764106 0.0018558387347856937 0.9999648589270272 -0.008175376055016855 -0.4962599903605099 -0.000744324480513375 0.008176769171361498 0.9999662926454 4.778771426198952
0.999998011271312 -0.00137950946786958 0.0014402801980587265 372.61518574068134 0.0013892581631460464 0.9999759847206521 -0.0067896939340811825 -0.483633192432867 -0.0014308791622614288 0.0067916813522444445 0.9999759125345132 4.8104134116906945
0.9999982823130673 -0.0011329673777026258 0.0014668864428632029 374.2215962296404 0.0011421782684236878 0.9999795423319817 -0.006293675104695645 -0.48602792884536 -0.001459725905207855 0.006295339739949442 0.9999791187309065 4.834966231500387
0.999999229682021 -0.0009279382068579833 0.0008243579615905188 375.8286203595355 0.0009329357071999572 0.9999810647936312 -0.006082736650708335 -0.4677426755757033 -0.0008186979484619466 0.006083501038044814 0.9999811601969254 4.863380083651774
0.9999996315923415 -0.0007120249152151033 0.00047941182863211904 377.449618878147 0.0007147614637374234 0.9999833143884733 -0.005732369553118086 -0.4504340499644478 -0.0004753222394075447 0.005732710106369608 0.9999834549149327 4.886522687246286
0.9999998799491311 -0.0004721082758022245 0.00013120784772444416 379.0342731468241 0.00047286994884187654 0.9999826772908722 -0.005866984931869588 -0.4622945062685967 -0.00012843572270872017 0.0058670462717811895 0.9999827804878991 4.921135063689891
0.9999999821266099 5.586599712403898e-05 0.0001806260507937197 380.65442722539893 -5.496576849887966e-05 0.9999875976884268 -0.004980105229165144 -0.45971888556260715 -0.00018090202915756944 0.0049800952119040875 0.9999875828859758 4.95376948013753
0.9999996960137129 0.00012614635809035698 0.0007694540779297224 382.2797563559182 -0.0001239254726476867 0.9999958287429512 -0.0028856782868749544 -0.4470950047393726 -0.0007698148861454858 0.002885582054708038 0.9999955403906792 4.9852425892622865
0.9999999019099209 0.00033910701495847094 0.0002849325900476571 383.89910831727303 -0.0003384777527793519 0.9999975103482002 -0.002205613341503972 -0.44203407432158787 -0.00028567981962111143 0.002205516681812412 0.9999975270385457 5.000376044225129
0.9999994393781088 0.0010329018449956823 -0.00023314640672216942 385.5183259102508 -0.0010332798260359265 0.9999981426629526 -0.0016269614151467051 -0.4271098907066374 0.0002314654822432689 0.0016272014085150985 0.9999986493187412 5.028100195917853
0.9999994222627145 0.00106860711913111 -0.00011641762024184934 387.12252317542834 -0.001068642951638676 0.9999993815175893 -0.00030816664453520897 -0.4249654600413737 0.00011608823916936986 0.0003082908753651662 0.999999945740127 5.046282063836709
0.9999986890188296 0.001576593202047972 0.0003692079325122487 388.7451380914906 -0.001576872873553859 0.9999984691279051 0.0007584284982022386 -0.4157854480855843 -0.00036801163408762253 -0.0007590096978902377 0.9999996442357946 5.081662992536917
0.9999984513902064 0.001651490248481417 0.0006081094870248821 390.3241106948675 -0.0016524436165473832 0.9999974013090871 0.0015706066237717116 -0.4170610153916511 -0.0006055140652129248 -0.0015716090581549083 0.9999985816978367 5.096154218299192
0.9999978719444518 0.0018964323377178576 0.0008121889905426285 391.96103989804465 -0.0018984071599911325 0.9999952269400233 0.0024376520313975037 -0.41960619930522336 -0.0008075622717754183 -0.0024391887093334857 0.9999966990953607 5.128863588244408
0.9999957022446311 0.002707682005693571 0.0011242554973313185 393.61702386707924 -0.0027111191643314947 0.9999916213585821 0.0030670907242738685 -0.4070561779668047 -0.0011159413712336981 -0.003070125533292661 0.9999946644877991 5.143536349667642
