1.0 -2.1684043449710093e-19 -2.5135375298442207e-37 0.0 2.1684043449710093e-19 1.0 2.3183291766350204e-18 -8.673617379884035e-19 -2.51353752984422e-37 -2.3183291766350204e-18 1.0 0.0
0.9999996051914599 -0.0005752610969017927 0.0006772677421528302 1.3273295959154128 0.0005753946731389207 0.999999815046159 -0.00019704978524805178 -0.005147312860110633 -0.0006771542618139539 0.00019743940370223732 0.9999997512398627 0.01419092852461359
0.9999989870489915 -0.0003116580437744001 0.001388801733450739 2.6156968326063668 0.00031237629526809264 0.9999998175729212 -0.0005169866291077949 -0.030369658819690833 -0.00138864035705421 0.0005174199341660247 0.9999989019766825 0.02452026401403039
0.9999987182181015 -0.000821181246218535 0.0013744902745351994 3.9356760005367635 0.0008230091464430435 0.9999987770925387 -0.0013298380998538327 -0.0372737238552458 -0.0013733965555526805 0.001330967613359068 0.9999981711518843 0.05154337187462612
0.9999987923756629 0.0011276827682290297 0.0010693824339467934 5.187390656489748 -0.0011249050943286723 0.9999960015453073 -0.002594509958827179 -0.09572128694573745 -0.0010723039422421503 0.002593303871886078 0.9999960624618897 0.06678771504264813
0.999998073346254 0.001109543266369232 0.0016193262550354228 6.501210388053126 -0.0011052974157218013 0.9999959555624373 -0.0026205297920525294 -0.111839884452807 -0.0016222272969565821 0.0026187349060740875 0.9999952552917883 0.07240682268548378
0.9999959662411224 0.0012239888636193445 0.0025630748615053643 7.851583125729613 -0.001214214318303923 0.9999919983159253 -0.003811690925512673 -0.09725900684360522 -0.0025677198198344495 0.0038085634278748393 0.9999894507741283 0.10257653095808593
0.9999945977076315 0.001237038450619498 0.0030453721322064994 9.164029902247515 -0.001225461762233769 0.999992027801339 -0.0038003390947792047 -0.08867829874580406 -0.0030500490194804992 0.0037965865771365246 0.9999881414953584 0.10718178596227551
0.9999965842047238 0.0007872039618573471 0.0024923661061883157 10.492558515175578 -0.0007784212626653571 0.9999934917688624 -0.003522851154381098 -0.09328670750369983 -0.00249512308767938 0.0035208990102713624 0.9999906887721188 0.12317785908540299
0.9999997156388872 0.0007269001108309987 -0.00020084415252801896 11.831292132304984 -0.0007269573333733026 0.9999996951584698 -0.00028498421551889777 -0.06966750151596415 0.0002006369362445344 0.0002851301396100145 0.9999999392228098 0.14174266673351107
0.9999994399811986 0.0007514093032466635 -0.0007452659580772342 13.165575478924993 -0.0007498965756323376 0.9999976624552679 0.0020279889363903586 -0.06742875475907781 0.0007467880657384048 -0.0020274289282885276 0.9999976659170389 0.15324430672250355
0.9999993751865477 0.0006630318634838858 -0.0009000084790357665 14.518779802734128 -0.0006578834193558628 0.9999834886451805 0.005708732470591257 -0.05626598547546274 0.0009037786902045355 -0.0057081368030427754 0.999983300039714 0.17361364695748197
0.9999992555958988 0.0012088068494173119 -0.00016611336234494825 15.876185089866564 -0.001207852879741484 0.9999834346237689 0.005627749947488892 -0.03530925671907299 0.00017291347329793648 -0.005627545117665678 0.999984150292833 0.18983828558766577
0.9999953594553554 0.001427410109541628 0.00269138777096137 17.20580634906907 -0.0014378580200316421 0.9999914233292367 0.003884048439626722 -0.049397146813640436 -0.0026858205578058902 -0.003887900249018028 0.9999888352374664 0.2031318971444242
0.9999886445314733 0.0014450331786455858 0.004541220895238643 18.579068703223918 -0.0014444036710351512 0.9999989467810232 -0.00014189742568362034 -0.03985220669918419 -0.004541421158826696 0.00013533645823980472 0.9999896785356844 0.23083449411438584
0.9999948782373077 0.0010248238979240726 0.003032034816789768 19.91740190199362 -0.0010173658738473763 0.9999964560302365 -0.002460262922133571 -0.051772555445441695 -0.0030345454075878346 0.0024571656324998046 0.9999923769065561 0.25643823942172717
0.9999992734637739 0.0011284362637218204 0.00042391452312357257 21.275659959734575 -0.001127180066801694 0.9999950076610601 -0.0029519685047760254 -0.04603078305962529 -0.00042724351510874564 0.002951488532063476 0.9999955530793244 0.24704449359394828
0.9999983089448141 0.0016116204870753536 -0.00088588199984621 22.626149696701873 -0.001612570470019218 0.9999981244722929 -0.0010726921161631612 -0.031642311651946364 0.000884151565759241 0.0010741188493344688 0.9999990322718849 0.3011694174325385
0.9999974230503362 0.002236158806782594 0.0003917735030962139 23.995253351365157 -0.0022366995951681565 0.9999965389111553 0.0013854026964676806 -0.03000790282920309 -0.00038867416669266606 -0.0013862754059904407 0.9999989635859085 0.2797700593020125
0.9999832968555443 0.003012559768097146 0.00493259501278381 25.384802428271236 -0.0030214653226222814 0.9999938171634152 0.0017989947877606303 -0.018500457760004484 -0.004927144936034283 -0.0018138684036724812 0.999986216467104 0.3007356210845249
0.9999774260186896 0.0032908863575960377 0.005858115739529115 26.74374650210375 -0.00329250622486204 0.9999945440702379 0.0002668942039313999 -0.02994028296096014 -0.005857205459566463 -0.00028617606160499044 0.9999828054759073 0.32069590201739173
0.9999812383848615 0.0031963531782314017 0.005225533909442333 28.123001206800158 -0.0031763277487904047 0.9999875977754225 -0.003836044495588623 -0.03113386743937991 -0.005237730454212563 0.0038193745168393356 0.9999789890582647 0.3494811808821203
0.9999918491166784 0.0031966522038633476 0.002466397148472268 29.475543872745554 -0.003187427164127407 0.9999879442288931 -0.0037351981132804466 -0.03208067513736626 -0.0024783075434334717 0.0037273062068478753 0.9999899825399056 0.34035615706307837
0.999991434912535 0.004100240522612999 0.0005640294550737119 30.86009689571326 -0.004097634643720568 0.999981270634134 -0.004546182054148305 -0.01462550365381338 -0.0005826593310412834 0.00454383192906619 0.9999895069947007 0.3771753774341899
0.9999902205211673 0.004369959179313338 -0.000679940290218268 32.2518175894841 -0.004371289225236053 0.9999885111302151 -0.00196708873335355 -0.020945696556908873 0.0006713363810059701 0.0019700417119153553 0.999997834119213 0.3743186268427255
0.9999841354235317 0.0049179359622510575 -0.00274641714295958 33.63179525644892 -0.004919011127723399 0.9999878275314008 -0.000384861734474168 -0.022159877748577875 0.0027444909869186822 0.0003983652852933402 0.9999961545297673 0.40751181803162556
0.9999838231934254 0.00510052627117255 -0.002517535147175788 35.02736200834192 -0.005100511317790002 0.9999869922311619 1.2360066120263499e-05 -0.010318334262021294 0.002517565442502512 4.808503372396041e-07 0.9999968309269843 0.4076739366471161
0.9999891819775854 0.004549338361806823 -0.0009692513965192063 36.4107373309231 -0.004549190204877869 0.9999896403670029 0.00015500694174059554 -0.016133412154261315 0.0009699465344568634 -0.000150595955912916 0.9999995182621731 0.4471785044207736
0.999989946826717 0.004483898710779165 2.9964165831123376e-05 37.81466420912143 -0.0044839455073248284 0.9999883168724342 0.0018056442960036505 -0.00949561516370898 -2.1867489624975044e-05 -0.0018057605012354145 0.9999983693740832 0.46541205986007445
0.9999923428589224 0.0038633005086607724 0.0006238050201042589 39.21457080633064 -0.0038654123482163693 0.9999866794160502 0.003420464564898364 -0.025081794530404197 -0.0006105824281636924 -0.0034228496375462297 0.9999939556264613 0.4748800152040112
0.999989465929612 0.004549180294732711 0.0006107278077652442 40.60709486958665 -0.004552834257656183 0.9999709009542211 0.006121188203741741 -0.0048406271819089785 -0.0005828636474119953 -0.006123904265199642 0.9999810788542548 0.5008909597967904
0.9999893796899832 0.004497357700315833 0.0010071151661534476 42.0299221432504 -0.0045062162634744805 0.9999495829841147 0.008973600441411411 -0.0036861181956288815 -0.000966706899367378 -0.008978043417733669 0.999959229275954 0.5344928703756252
0.9999906637260206 0.004199200974110919 0.0010193978476151356 43.422533692771204 -0.004208686664442927 0.9999461255593042 0.009488568674824739 0.0051037939485132165 -0.0009794985213040066 -0.009492770413074938 0.9999544629094524 0.5358613082901368
0.999992431261851 0.0038170980406783688 0.0007531145729526944 44.85224587694768 -0.0038236845425836143 0.9999526625659978 0.00894718188540757 0.004410712423863924 -0.0007189266519969191 -0.008949993839082102 0.9999596895649092 0.5572649132148753
0.9999956286571268 0.0029494539717295613 0.0002082976390460674 46.24545429447804 -0.0029510750206517577 0.9999614828451576 0.00826583222282823 -0.008292742514029413 -0.00018390992433438006 -0.0082664107920009 0.9999658157305967 0.5766687137867184
0.9999975772306009 0.0021184317942559215 0.000598146856069182 47.669490563038764 -0.002123181579912101 0.9999653029652343 0.008055120460042836 -0.000635822115696628 -0.0005810618788578059 -0.008056370918730368 0.999967378095262 0.6057507509611787
0.9999986246842498 0.001006524951095724 0.0013181567174484511 49.07429881045269 -0.001017063322275508 0.9999673327899561 0.008018661680099695 -0.003299637248995878 -0.0013100426738906757 -0.008019991300758318 0.9999669812187442 0.6202159961095444
0.9999989973042729 0.00014466686836086577 0.0014087093192138515 50.498929762609656 -0.00015706252690687522 0.9999612390079892 0.008803170620276864 0.008937997437826271 -0.0014073811891179022 -0.00880338304882065 0.9999602590728714 0.638851214437132
0.9999982677085619 -0.0009769700964436501 0.0015843324480436622 51.950400967197304 0.0009624810184705566 0.99995794557957 0.0091203455293616 0.012068444103449935 -0.001593176124712211 -0.009118804840356938 0.9999571536761559 0.6559781492912026
0.9999943067069913 -0.0019070300894738523 0.0027838444355962086 53.340295483987404 0.0018781755238573951 0.9999448690914651 0.010331080986729274 0.033684962431378696 -0.002803392642021738 -0.010325793620376958 0.9999427578495701 0.6915554781012562
0.999990369718788 -0.002835604811357328 0.0033495992350347564 54.80937506652667 0.0028122963783786597 0.9999719431180404 0.006942907590533104 0.030005951542321694 -0.0033691925978929322 -0.0069334206625828705 0.9999702876681656 0.6917272972955419
0.9999864087413214 -0.0033644026637816393 0.003982854171430765 56.21074779827971 0.0033473980300789087 0.9999852875046986 0.004268454119867518 0.03157860407731121 -0.003997156372118594 -0.004255063907995879 0.9999829584408305 0.6840294881780724
0.9999865547196042 -0.0036918782160204953 0.00364148530878183 57.644644823866294 0.003678157725068373 0.999986138996042 0.0037673560407965622 0.04883992408844905 -0.0036553434538385615 -0.0037539114303190234 0.9999862732123915 0.7234777799813521
0.9999858211950533 -0.0038348695466705112 0.003694750927313907 59.09125888570044 0.0038260469981584192 0.9999898198543422 0.002391976598557112 0.0510973270766239 -0.0037038862324254534 -0.002377806392493092 0.9999903135848552 0.7427954323964684
0.9999863386797009 -0.0034365890011100824 0.003938566998792194 60.48952573293708 0.0034297335797050443 0.9999925941396989 0.001746022144111069 0.05942205386018065 -0.0039445381908113615 -0.0017324900556516334 0.9999907195052704 0.7635509212890055
0.9999835199958007 -0.002792385159917617 0.0050162059294787485 61.94140219769642 0.0027930461301946476 0.9999960916556797 -0.0001247665021242388 0.07269626977615226 -0.005015837928289807 0.00013877494053134992 0.9999874109764548 0.7809945729784853
0.9999846535992006 -0.002585037244936637 0.00490001515600205 63.350780603669484 0.0025937286733080244 0.999995072952536 -0.0017682313823439964 0.07387752290741757 -0.004895420069413776 0.0017809135561662633 0.9999864315125728 0.8019285662550064
0.999991888233936 -0.0020491555790959795 0.0034676256631715734 64.76062612424927 0.002058315241535358 0.9999943969176623 -0.0026399756906611083 0.08061180337787639 -0.0034621965128642704 0.002647091742550336 0.99999050300521 0.8227782532735212
0.9999945976423585 -0.0011382732002946606 0.003083669927044854 66.25534244855064 0.0011484950320029344 0.9999938455613756 -0.0033150865046400226 0.08854912749593098 -0.0030798774746626594 0.0033186101749486598 0.9999897505380981 0.8379754537467146
0.9999954513789321 -0.0004242575861928708 0.002986172625058425 67.58504211280214 0.00042886751982739336 0.9999987171651542 -0.0015432889218892328 0.10568649338898196 -0.002985514042259327 0.0015445625745002139 0.99999435050022 0.8508434461836386
0.9999897545259141 0.00018444501923992995 0.004522921979982097 69.06611376097521 -0.00019363117112713212 0.9999979194455688 0.002030667748107962 0.12344283119965678 -0.0045225380232448605 -0.0020315227216340724 0.9999877097071043 0.8758842181846734
0.9999841006705277 0.0009709066980195427 0.005554794896270349 70.40806213408817 -0.000999989434596381 0.9999857960938693 0.005235229855646901 0.14178299012640916 -0.005549633076752546 -0.005240701355210182 0.9999708678866694 0.8930395786677823
0.9999756772637932 0.0018888865233145833 0.006713939865694693 71.86475358062633 -0.0019515771947136017 0.999954447549113 0.009343135084189227 0.15267631724228325 -0.00669598590733267 -0.009356010605507798 0.9999338122287287 0.9126611654265065
0.9999793899525456 0.00220855700754579 0.006028428159887764 73.23657809897749 -0.002284546383507958 0.9999176598043901 0.012627527831438445 0.15166328685728622 -0.006000043162853755 -0.012641039801241517 0.9999020970048954 0.9269254688474357
0.9999819359560084 0.002809820980626319 0.0053134421734364265 74.62783425260997 -0.002893570827524846 0.9998706620972153 0.015820440105829562 0.1658691639246976 -0.005268302339437046 -0.01583552914597032 0.9998607308056094 0.9391254564745277
0.9999794927092388 0.003579862572508096 0.005310249046463201 76.06482751207305 -0.0036733757725524647 0.9998364887450885 0.0177059900690702 0.17207684399751408 -0.005245995749820257 -0.017725133507377137 0.999829134987943 0.9438759753487712
0.9999748862518653 0.003929284064716767 0.005898100737364523 77.43217538590815 -0.004034314207735915 0.9998315989092209 0.01790246160459766 0.1741725882666289 -0.005826763633664676 -0.017925806798289336 0.9998223413567972 0.9669525593458516
0.9999761344197857 0.003961166913046563 0.005660366379449814 78.83096035586273 -0.004054356605595084 0.9998548519844923 0.016548025730687782 0.17599235894465337 -0.005593995296502147 -0.01657057994627293 0.9998470498515595 0.9920558436924535
0.9999825409807258 0.0037705838813039154 0.004549772623461019 80.20518184471861 -0.0038416320974536747 0.9998692195285943 0.015709414441908303 0.17790406090243485 -0.00448994393717315 -0.01572661872348518 0.9998662479886833 0.9933035378529826
0.9999837533615523 0.003419644986522201 0.004560596573732544 81.59773490642856 -0.003489971029973111 0.9998737367279955 0.015502603129971962 0.17403895617559506 -0.004507007338815399 -0.015518267614705632 0.9998694266028372 1.0214199472891827
0.9999844046394272 0.0030361647973521414 0.004687449333456367 83.00337024836152 -0.003104595315473408 0.9998877008365222 0.0146610778519367 0.1802086681016804 -0.004642409488352086 -0.014675401840383379 0.9998815332903023 1.0341392108401621
0.9999897546923598 0.00272649008411522 0.0036134141936741628 84.35887232658003 -0.002780744508295053 0.9998821861413957 0.015095737712445738 0.1910561189429572 -0.0035718301042198825 -0.015105631033644073 0.999879523713123 1.0477223608754753
0.9999899545870621 0.0018189948411931809 0.004096581835280783 85.75743129300076 -0.0018817096978211146 0.9998802943576326 0.015357608013854227 0.18777252143417392 -0.004068156041570412 -0.015365162318107356 0.9998736729674202 1.0621950280740093
0.9999890335779269 0.0006381061075471297 0.004639562962082039 87.12836610473744 -0.0007071764342976625 0.9998887256298293 0.014900881176848891 0.19410383404716705 -0.004629538354348785 -0.01490399875708887 0.9998782116816398 1.084471374342642
0.9999810824596473 -0.00029069170149924247 0.006144120861981387 88.50879906780828 0.0002103955933640118 0.9999146221537261 0.01306537932345732 0.19982187678277727 -0.006147394287521211 -0.01306383946266229 0.9998957673887652 1.1054626137258081
0.9999744942489314 -0.0015147184727529281 0.006979719159260296 89.93257061284777 0.0014395149699852753 0.9999409976883161 0.010767030172981725 0.1989561665209592 -0.0069956163591947005 -0.010756708141574336 0.9999176739020628 1.1235135363682156
0.9999727675443664 -0.0023274136070304875 0.007003378867551106 91.27425295289979 0.002257552521871855 0.9999477821627092 0.00996676499623558 0.20693690746780133 -0.007026209950723227 -0.009950683081125945 0.9999258053875534 1.148632766409066
0.9999753311648713 -0.0026722251767793016 0.006495865940012294 92.63602770780447 0.0026202952725808922 0.9999646486782849 0.007989708780606257 0.2173787372900948 -0.0065169866035243 -0.007972490596983687 0.99994698273423 1.1599447417448456
0.9999778366444054 -0.0028744960335807543 0.006005288713110194 93.9876335606318 0.0028369878474904806 0.9999764750314653 0.006245068742513256 0.22201217584023208 -0.0060230988642119695 -0.006227893399734238 0.9999624671075777 1.173620091776212
0.9999791187454384 -0.0031545632859549225 0.005640106698574938 95.34850916188157 0.0031218575049559655 0.9999783171007278 0.005798218184508579 0.23809789729109623 -0.005658275250918315 -0.005780489501012966 0.9999672843960014 1.1849587903119128
0.9999850292451757 -0.0029774812432104645 0.004590848611234506 96.71539969218061 0.002949975370854769 0.9999777286905541 0.0059866324583904805 0.24180390118322498 -0.004608571452879319 -0.005972999943649259 0.9999715417654829 1.1920384474856003
0.999987795304766 -0.0025920876069617203 0.004205986608509186 98.02975283869749 0.0025575479789356134 0.9999631357007488 0.008196718115259913 0.25542212256396496 -0.004227078169204528 -0.008185861064263377 0.999957560843853 1.2197844258970423
0.9999892009771985 -0.002422836426015482 0.003965828114891689 99.39045182259882 0.002385696929892035 0.9999535075936871 0.00934297068607427 0.27151481401870753 -0.003988280223705019 -0.00933340852716262 0.9999484892263811 1.2276051653826066
0.999982170897344 -0.002345036578912088 0.00549169289733307 100.743634348326 0.0022978912491755975 0.9999605896773364 0.008575475961174302 0.27302190040604135 -0.005511586272754551 -0.008562703755081126 0.9999481499163647 1.2429508408707544
0.9999742258300588 -0.0023525822068732926 0.006783290686268921 102.08748454346458 0.002290354078617968 0.9999553595843619 0.009166957876198107 0.29449407026977 -0.006804553899343994 -0.009151185467978216 0.9999349748112433 1.2564547722183728
0.9999812678758206 -0.0020519453938075464 0.005766577630375979 103.44544305361353 0.0019998196022405837 0.9999572238561764 0.0090305691629801 0.29633962723859003 -0.005784861193219328 -0.00901886788625406 0.9999425960539062 1.278552792756086
0.9999927976710242 -0.0019505256561807665 0.003255772679806867 104.75745276977386 0.0019228209967341143 0.9999621025839388 0.00849094549050082 0.304772179708273 -0.003272211101459474 -0.008484624067848756 0.999958651039599 1.296778268233493
0.9999962898711677 -0.0021027891031718997 0.0017316240606024152 106.09028203127312 0.002089388628095626 0.9999681373756383 0.007704459011338327 0.315135294644978 -0.0017477697389703135 -0.007700812391182452 0.9999688209086598 1.306875888825025
0.9999932733548379 -0.001987170944550302 0.0030829201600867037 107.45583598120908 0.001966344036055942 0.99997532591334 0.00674396438611575 0.3270774488932161 -0.0030962455019266795 -0.006737856940189917 0.9999725068958873 1.3326440881053092
0.9999889718562819 -0.0012545147232348509 0.004525743985860407 108.8127473266101 0.0012374415275742704 0.9999921154739645 0.0037732914506309933 0.3273996483891154 -0.004530441952193992 -0.0037676494946793115 0.9999826398058134 1.3350180831553062
0.9999825565599366 -0.000544643116359772 0.005881321257071634 110.13776879554867 0.0005311427877011717 0.9999972213487454 0.0022967764643807187 0.34144874456980995 -0.005882555838422087 -0.0022936125793302765 0.9999800672404144 1.3554067936914633
0.9999887792686472 0.00013716959259522541 0.004735242475701855 111.431893500306 -0.0001459378343772328 0.9999982755035708 0.001851402720395393 0.34372358115299007 -0.004734980353636228 -0.0018520729973349965 0.9999870748098013 1.3753707387472618
0.999996873932794 0.000994980338691996 0.0022939352137911722 112.79284596795142 -0.0010017414648728338 0.9999951525118161 0.0029481293911319904 0.3524904508945078 -0.002290990763187233 -0.0029504181051027683 0.9999930231728259 1.390840601946533
0.9999976825919512 0.0021229076022036024 0.00035787433499632386 114.12854529436197 -0.0021250176170160132 0.9999797271603422 0.00600246353215491 0.34767127594272834 -0.0003451244044029513 -0.0060032101112641525 0.9999819210153279 1.4177387533582149
0.9999944218202604 0.0033361881242250347 -0.00016179358109431828 115.4291213695716 -0.0033347687591666463 0.99996165783409 0.008097047549658242 0.3671598706398631 0.000188800651454444 -0.008096462838691983 0.9999672052841612 1.4338437482456288
0.999986826731562 0.0048291184641633894 0.0017395339030694275 116.80426834306012 -0.004845543828888951 0.9999425112768867 0.009565293841577008 0.37497282216650196 -0.0016932419623810198 -0.009573596823162707 0.9999527384709361 1.443526335506399
0.9999755056445615 0.0057611415982512385 0.003974589084242818 118.1072754664406 -0.005800078083176976 0.9999346130692239 0.009855388390655601 0.37607225613401657 -0.003917550910037175 -0.009878199916306524 0.9999435353865141 1.455303456338594
0.9999650710148578 0.006816216240407801 0.004836935642984269 119.49484719791657 -0.006859859870678972 0.9999353864199988 0.00906450813018764 0.3666472458915688 -0.0047748374637278474 -0.009097372216832204 0.9999472179800009 1.4813045336373833
0.9999607185876449 0.007755741541087242 0.0042906590203210145 120.80180226496564 -0.0077967136697647795 0.9999233661898335 0.009616288449491965 0.3649175862438616 -0.00421574876297336 -0.009649363747936093 0.9999445570838552 1.4906239223990554
0.9999501718881307 0.009158485384327758 0.0039718870027691125 122.10815890236479 -0.009204530345793263 0.9998887926306455 0.011733669193534598 0.35788958492983775 -0.003863982661850638 -0.011769643881400439 0.9999232696166711 1.5098559691900668
0.9999418734337583 0.010262689175195565 0.003305595964254087 123.46488703951538 -0.010305469530199677 0.9998598245455339 0.013195778019360574 0.35827485321142843 -0.003169708432599941 -0.013229076712584192 0.999907467957803 1.5179681498147632
0.9999309847578229 0.011405588491435142 0.0028174939954935716 124.81589168147353 -0.01144321769170402 0.9998403747398108 0.013721436113436715 0.3585761047862697 -0.002660543198460083 -0.013752730322335831 0.9999018871462191 1.5374309550536303
0.9999193633985947 0.012535629146605293 0.0020309363476334118 126.12161117958078 -0.012564261058052514 0.999812144773883 0.01475854012810876 0.3465911484678952 -0.0018455472398353338 -0.01478286726405508 0.9998890242376095 1.5511206283394263
0.9999094399780776 0.013369457599242724 0.0015393005650385545 127.47734072586263 -0.013389983332004241 0.9998094977702526 0.014201285672917 0.3400025858136071 -0.0013491438381898664 -0.014220610813083944 0.999897971814628 1.5733020334009826
0.9998940240631679 0.014399287010492375 0.0021450352805285774 128.81474621783303 -0.014428128387117017 0.9997965051119696 0.014098846659783558 0.33214600843776504 -0.0019415854372431998 -0.014128301365722896 0.9998983055023692 1.5854700048169221
0.9998778009363924 0.015255463026679447 0.0034138017583778667 130.17111144924 -0.015300768043212686 0.9997895715708307 0.01366378701175711 0.31894356127949136 -0.0032046359998740724 -0.01371435109862939 0.9999008185225432 1.609025582526824
0.9998712897424967 0.015556255777074994 0.0039251566687757465 131.4960306007877 -0.015600119556326453 0.9998132807618881 0.011403503057321946 0.2993953270531078 -0.0037470279561987252 -0.011463268222817211 0.9999272739870372 1.6211855623078588
0.9998709903962756 0.015535249972058063 0.0040814914279896225 132.8197383875997 -0.015577315395975391 0.9998236894621373 0.010485095868616633 0.28055753227163893 -0.003917883232740719 -0.010547321869813372 0.9999367000927354 1.64143565685013
0.9998729940668513 0.01533095427322996 0.004354029956549601 134.15906770958986 -0.015367049608720576 0.9998467920190656 0.008381305119506405 0.2701130108339353 -0.00422486947887389 -0.008447149238368853 0.9999553970791053 1.6434613578705761
0.9998815491237637 0.014752125817054854 0.004388907123678225 135.49455332077946 -0.014781338765672235 0.9998683035445598 0.00669982023778034 0.24782257373427258 -0.004289492529067395 -0.0067639005612087095 0.9999679244370997 1.675130119322245
0.9999003909615117 0.01359031280073532 0.00380940323334111 136.83664092964815 -0.013616722072045517 0.9998828231002485 0.00699463716643999 0.24048292914018587 -0.0037138975522607548 -0.0070458120224460245 0.9999682812459182 1.6920415067490546
0.9999073002625475 0.012521305302407876 0.005348625541923172 138.1796431404791 -0.01255504340548808 0.9999011998519551 0.00632150454455755 0.22881710954740989 -0.00526894360855483 -0.006388070768584511 0.9999657148048154 1.717972428515259
0.9999202421158822 0.011457866254257485 0.005312881310086869 139.51655399237166 -0.011471783328330622 0.9999308258925975 0.0025964624040244397 0.2047015358593123 -0.005282763877304989 -0.002657203538915357 0.9999825156847341 1.715774162120289
0.9999362296047308 0.010021445977043927 0.005206471396649786 140.88858398272785 -0.01002712213378043 0.9999491597351046 0.0010652543229753807 0.20326600934005898 -0.005195531309615299 -0.0011173923158663843 0.999985878844708 1.7366695040659237
0.9999483620865325 0.008950891795622855 0.004811932722320026 142.19891420539255 -0.008954532014978653 0.9999596368933721 0.0007354865520068676 0.19665658095616315 -0.004805155237222319 -0.0007785371786318766 0.9999881521113176 1.7393049005790298
0.999959685303362 0.007927994308572321 0.00421600216368914 143.54091456643965 -0.007929327171452677 0.9999685175328833 0.00029952244614432844 0.1846595983116142 -0.004213494821291336 -0.0003329404314992195 0.9999910677661377 1.7476378483587334
0.999973246303916 0.0070112874664725626 0.0020853116002423283 144.893002217758 -0.007008465325757525 0.9999745188638931 -0.0013575848788403104 0.17699203711727346 -0.002094776881979303 0.0013429337243833553 0.9999969042146213 1.766003545030033
0.999981046498631 0.006048817526615126 0.0011482377943845983 146.18794859588434 -0.006044718614834819 0.9999754636541874 -0.0035402636145046313 0.18098430637310225 -0.0011696240294252539 0.0035332557397433936 0.999993074017769 1.8086659409219008
0.9999783791656557 0.00496895255847397 0.004307053714522343 147.57787472832857 -0.004911978709443105 0.9999016123291022 -0.013139182882489553 0.1633924288355449 -0.004371917929939144 0.013117742646246868 0.999904401011157 1.8148310350162216
0.9999806431621497 0.003640719064095071 0.005045638285648354 148.89370567451115 -0.003530879290270577 0.9997602459378379 -0.02160980179806243 0.13806541874609551 -0.00512310379075069 0.02159156796090406 0.9997537486804132 1.823747199574985
0.9999948397135622 0.0025269513897367593 0.0019836993020480305 150.20739179353728 -0.002479088804107548 0.9997143670492352 -0.023770537100543797 0.11509053489159139 -0.002043199683923965 0.023765496671033157 0.9997154727736441 1.8469767583569285
0.9999955866157468 0.002861649127425419 -0.0007985695336550499 151.59744245046159 -0.00287886763622041 0.9997434852176288 -0.022464992455861657 0.12338990968009701 0.000734077762705981 0.022467192285203413 0.999747311274533 1.8752568638661173
0.9999867482215379 0.0036634808107067905 -0.003616944796963273 152.93916308080026 -0.0037376164579108104 0.9997785940490387 -0.020707320071445198 0.13974209561212647 0.0035402831141380232 0.02072056441502755 0.9997790378907704 1.8822935924190594
0.9999841997121471 0.004359261861333281 -0.003549248100805258 154.3201508940982 -0.004427773807657868 0.9997994705332296 -0.019529811585929136 0.14073264208090125 0.003463400809170602 0.019545218277061988 0.9998029752392903 1.9095921073829951
0.9999874745418782 0.005004722855293238 5.923257758485224e-05 155.62923843574865 -0.0050025252646236865 0.9997859675625174 -0.02007470562817084 0.13580072015520586 -0.0001596882379624838 0.02007415787082033 0.999798481037776 1.9446667947359706
0.9999800002994491 0.005469961178152969 0.00317466940380301 156.9847375911236 -0.005377228711075768 0.9995788079051174 -0.028518278320636515 0.12704139886648344 -0.003329326133427905 0.028500637040143568 0.9995882298605778 1.9530953241702635
0.9999778665784946 0.005616894985254119 0.0035660684018852407 158.31652745925658 -0.005502744057911182 0.9994964125375565 -0.03125125809287726 0.10150777731746295 -0.0037398076094126 0.03123094323390074 0.9995051985976688 1.969385761664855
0.9999791491012735 0.005419638022658808 0.0035112514003628323 159.64359565032294 -0.005298396105643983 0.999419146895137 -0.033664459272419935 0.09636461360069219 -0.0036916610625700326 0.03364515333744334 0.9994270234967129 1.9911696510385803
0.9999728820527586 0.006435780585705218 0.0035799284004851936 161.00142991773646 -0.006316906072367916 0.9994588742508467 -0.03228088256078361 0.09316726097294514 -0.003785743886321687 0.03225739309806175 0.999472425199287 1.990732718478007
0.9999649500494618 0.007705240934469603 0.0032753526098951097 162.3265240765732 -0.007601646355903754 0.9995045095586129 -0.030544235866630205 0.09443403982668508 -0.003509080400496388 0.03051826722044254 0.9995280494916612 1.9927764432300212
0.9999616740509003 0.008558774906544449 0.0018433126213627665 163.6801663172168 -0.00850323943977014 0.999563876289003 -0.028279889270161514 0.09866924492406791 -0.002084549915667124 0.028263131287983006 0.9995983443671 2.017208925784838
0.9999571620998035 0.009230045077314548 0.0006929885845051704 165.04146140358245 -0.009209825425026715 0.9996446733005272 -0.025014121162312584 0.09529357907428573 -0.0009236238130562186 0.025006667306001897 0.9996868577256074 2.026810044030948
0.9999523379542478 0.009490487976298768 0.0022918241218817877 166.37073415739647 -0.009437014893705579 0.9997064944160692 -0.02231295077370822 0.0894358114920733 -0.002502912249738252 0.022290259314455625 0.9997484082357743 2.0552765667482773
0.9999545514853674 0.009302174795539162 0.0020891404383193354 167.7173031020313 -0.009252491284370975 0.9997006367886335 -0.022650126035708224 0.08431458623946027 -0.0022992104580538747 0.02262976686742628 0.9997412701708355 2.055649511946467
0.9999603791124281 0.008895290896257391 -0.0003376465610763268 169.0879070580536 -0.008900065095767937 0.9997838382300546 -0.018790041385561913 0.076220983650193 0.00017043069072078014 0.018792301983817643 0.9998233945750263 2.0839769608057908
0.9999622821519651 0.008228127306984922 -0.0027806823719664425 170.51298068594247 -0.008271077828133874 0.999840888306215 -0.015804662052703165 0.07721427781408804 0.002650197161470845 0.01582706517517547 0.9998712319408666 2.1062028901751333
0.9999585612656062 0.007951582164340266 -0.004432616913584295 171.8574618756844 -0.008001105527659008 0.9999044911749725 -0.011269021184408966 0.0772666478442965 0.004342587011691563 0.011304020046122501 0.9999266778463523 2.1095340699673404
0.9999585139486796 0.00838709253516018 -0.0035534575211875748 173.231112503478 -0.008408364968938308 0.9999465619731254 -0.006014365858145377 0.07407673934199367 0.0035028245884364865 0.00604399511359449 0.9999755998738017 2.1490865996944866
0.9999575437926871 0.00919028719222438 -0.0006702487752830104 174.58333111961085 -0.009189575214828652 0.9999572155603897 0.0010577126657090859 0.08346606168472152 0.0006799407822294803 -0.001051508457707763 0.9999992160049407 2.203821815182726
0.9999565445186601 0.009173192613961738 0.0016618097268573347 176.01052964630836 -0.009172871113755797 0.9999579081348866 -0.0002009826660032562 0.07922111506413694 -0.0016635834308937833 0.00018573036576471596 0.9999985989962185 2.205674458466174
0.999962935052714 0.008334865666817327 0.00215836398168924 177.38835703676276 -0.008331118253282428 0.9999637827563592 -0.0017394379099501453 0.0744779033185412 -0.0021727837930102536 0.0017213918522106274 0.9999961579029591 2.2258859355608025
0.9999742211689947 0.006867026840038669 0.002097841710112622 178.82170455136801 -0.006856722030906713 0.999964582786436 -0.004880423725461949 0.0608546431667577 -0.0021312814111182597 0.004865913596372412 0.9999858901626659 2.2310273022620226
0.9999871720224781 0.004662214362391903 -0.0019797847675650988 180.09934311385112 -0.004674803956098997 0.9999685747813009 -0.006402785161629898 0.054648275169032604 0.0019498713954559403 0.006411958132509404 0.9999775421450463 2.253286795990821
0.9999801825772862 0.003093907388363782 -0.005482899759224466 181.51396967852457 -0.00311286245053164 0.999989196942281 -0.0034519684378831257 0.0670858708137827 0.005472160456487534 0.0034689675415459156 0.9999790106417905 2.2896287081643742
0.9999716289827704 0.002535474850335635 -0.007093137305027089 182.89917231078388 -0.002533451088343161 0.9999967475061674 0.0002942833151078411 0.08749106691306291 0.007093860382586079 -0.00027630484956564944 0.9999748000827334 2.312022558632508
0.9999789173923532 0.0023664795337828125 -0.006046862445374473 184.23085743831658 -0.0023426131087864906 0.9999894510244459 0.00395094971490332 0.09715640758262788 0.006056148498809682 -0.003936700959349086 0.9999739123851766 2.327525461172801
0.9999926348423294 0.0026858874389686367 -0.0027415816166593034 185.68991471584184 -0.0026663284066785462 0.9999711467579161 0.007113110746081989 0.08897234089263069 0.0027606075279461195 -0.007105748399956089 0.9999709432707299 2.361078434856382
0.999995446367886 0.0030100989704817337 -0.00021574911436929875 187.05176517965188 -0.003008441461859312 0.9999687550347611 0.007310145976673851 0.09886100993038585 0.00023774663617417714 -0.007309463620377345 0.9999732572514722 2.393778017358118
0.9999947367585645 0.0032278164662003384 -0.00032810978299128453 188.50580001893016 -0.0032258087067683124 0.999977120346104 0.005945834045854734 0.0992931326831295 0.0003472943369915143 -0.005944744332099866 0.9999822695435501 2.3999194162111044
0.9999953421711573 0.0030329412247023877 0.0003419115637397311 189.92106788965265 -0.003034897180336595 0.9999781475333815 0.005873146925745699 0.09352388147492254 -0.0003240911826988698 -0.005874157236073269 0.9999826944710949 2.4311078255664578
0.9999947646075389 0.003136888654842759 0.000794158095041247 191.27490056764205 -0.0031382989195122162 0.999993489851113 0.001780824327005813 0.09499535144355181 -0.000788566677326156 -0.001783307309183147 0.9999980989870113 2.4366452477771534
0.9999933434914179 0.00347588390480296 0.0011095962939069192 192.73961295663284 -0.003476203246290915 0.99999391708872 0.00028600095941959153 0.100234168973524 -0.001108595438199502 -0.00028985623789070227 0.9999993434995424 2.4696892980547887
0.999990961254251 0.0039052672740597775 0.0016811595156560964 194.12170334459591 -0.0038998850447704058 0.9999872978726336 -0.0031929594464038947 0.08874107928915201 -0.0016936075213872463 0.003186374257202291 0.9999934893351339 2.4780140930575545
0.9999862386254206 0.004203111448079398 0.0031394926243473423 195.56114691604236 -0.004176501168195165 0.9999557029634446 -0.008434983632198334 0.08357322287053422 -0.003174806730396651 0.008421755460615873 0.9999594964983263 2.489283240160434
0.9999839283485968 0.004399545293509765 0.003575897889838638 196.98081631705102 -0.004356577710064974 0.9999192710958625 -0.011936143505131055 0.07675849865286277 -0.00362812281550134 0.011920372994553206 0.9999223677028665 2.5150785092369965
0.9999887617651858 0.004732223838829273 0.0002870555170382503 198.39912421334284 -0.0047291322769149585 0.9999392749627488 -0.009953978846661696 0.07741557930893153 -0.00033414254157065974 0.009952509457999189 0.9999504167228745 2.535313753590159
0.999976118980027 0.004883389481067163 -0.0048901918999975005 199.83556832601047 -0.004899036386628459 0.9999829025890338 -0.003192800039682365 0.0923972702524163 0.004874516604247947 0.0032166810204165316 0.9999829458801224 2.5665326359779095
0.9999597936284885 0.006557226188767532 -0.0061166911954027795 201.3021310750232 -0.006515442013566407 0.9999554745482943 0.006826268106631513 0.10247417195454205 0.006161180230964712 -0.006786140700361442 0.9999579931939924 2.5765492553374187
0.9999673116711709 0.007712201820747247 -0.0024284835200651393 202.71670035905427 -0.007680448194337612 0.999888270902429 0.012824056584586015 0.12382711701323766 0.0025271139003339867 -0.012804985545740794 0.999914819392386 2.597958587201009
0.9999627475787137 0.008625836940431977 0.00031367484217465413 204.1729695650535 -0.008629649097822783 0.9998438114132737 0.01542342163808358 0.11065349324996171 -0.00018058592963072413 -0.015425553982101825 0.9998810027563616 2.6186569534415614
0.9999674611143022 0.008045632512115975 0.0005869498245755027 205.66089483135704 -0.008053469229175717 0.9998570902637804 0.014864073554086065 0.10725635953821827 -0.00046727507028166033 -0.014868316876046972 0.9998893512820717 2.6441641085578134
0.9999770966542001 0.0067410084721064596 0.000604128972474456 207.08276852416935 -0.006747595064733075 0.9999092612244596 0.011659300081811213 0.09486906331181225 -0.0005254787139209043 -0.011663109462502786 0.999931845552379 2.672003554700164
0.999983937922325 0.005667774926272899 1.4991495445485046e-05 208.52426874205963 -0.005667678816516602 0.9999430671137032 0.009041014770087355 0.08412180263328863 3.6251794885584616e-05 -0.009040954519587021 0.999959129078375 2.685003116804272
0.9999865098040286 0.0051395129692469585 -0.0007520747280629946 209.99182540793961 -0.005131073731046715 0.9999282638839293 0.010823084977839136 0.08875042963612229 0.0008076461627538746 -0.010819080021420822 0.9999411458756791 2.706008374764904
0.9999860188811117 0.005233738532839282 -0.0007549988575159239 211.47679708308786 -0.005225020165836101 0.9999245087799778 0.011120966926780926 0.08284298602999707 0.0008131460948581793 -0.011116866558964465 0.999937875105918 2.725682578116432
0.999987692143975 0.0049613742720971505 1.8052662886867084e-05 212.8929104375334 -0.004961211688633757 0.9999093886414423 0.0125140275402241 0.08726291513168302 4.403574716782574e-05 -0.01251396308245697 0.9999216963286794 2.744008478381459
0.9999901692911791 0.004428612032008915 -0.00022071807562238106 214.35649339276534 -0.004425632030221192 0.9999176484768004 0.01204616311358345 0.09720679116927089 0.00027404768205701343 -0.012045067874276349 0.9999274179848117 2.775642437166561
0.9999901581917323 0.004324845398435159 -0.0009895614958077956 215.84036949678529 -0.004311684264011254 0.9999070238580124 0.012936499457724742 0.09199516647393514 0.0010454178503492555 -0.012932105462447677 0.9999158303326467 2.8023692138860468
0.9999909203421462 0.003967536666895881 -0.0015549553253966656 217.30561736945273 -0.003949632615378338 0.9999277532832439 0.011352912231122728 0.09443547817586471 0.0015998860805327335 -0.011346667648295386 0.999934344593588 2.817698972151922
0.9999928997342737 0.0034613958334143817 -0.0014897046429762728 218.75327641367298 -0.0034434504336201934 0.999923444023571 0.0118848113637319 0.0851769681933391 0.0015307286337180768 -0.011879597254314289 0.9999282634463961 2.83913405949836
0.9999922051873149 0.0033100699454249897 -0.0021524408394777523 220.25700660716208 -0.0032809579668228632 0.9999049560905404 0.013390821498118793 0.08684388914758975 0.0021965608188709617 -0.013383655051253118 0.9999080222190629 2.867912628538314
0.999993690352066 0.00307961189876497 -0.0017706627599221939 221.74309530675467 -0.0030608142416531066 0.9999399509571412 0.010522637312393295 0.09277825002966598 0.0018029620723918694 -0.010517151248463781 0.999943067808054 2.88346359072392
0.9999930137454469 0.002622839961301128 -0.002663300740800881 223.23462780654592 -0.002585705805012963 0.9999007143857171 0.013851913096115933 0.09541605046858573 0.0026993676645597742 -0.013844929810939011 0.9999005107173121 2.910607351829691
0.9999940951000182 0.0022563920774123013 -0.002591999206908436 224.73078552562117 -0.002223667291870984 0.9999186530889634 0.01255955845276377 0.10166709686360079 0.0026201276439681573 -0.012553720545970332 0.9999177661345872 2.927684573839183
0.9999958167975792 0.0016915745892590133 -0.002346265703494136 226.17240102836146 -0.0016606101310865744 0.9999123258120465 0.013137087315550027 0.10826900552656764 0.00236828235963372 -0.013133136127857126 0.999910952022285 2.9554534044466148
0.9999957536290225 0.001809991207631321 -0.0022839999456413995 227.6715955123267 -0.0017815798974417367 0.9999217703486606 0.012380595941613998 0.10941230259672825 0.00230623003892155 -0.012376474240621793 0.9999207489538253 2.992416527420833
0.9999944369541967 0.0018855833793160264 -0.002751478871275749 229.18273897963476 -0.0018525069560987627 0.9999265839857172 0.011974759147151851 0.11204670048913604 0.0027738562754828183 -0.011969595397269633 0.9999245144046568 3.017610016221839
0.9999958533478512 0.001826130440606761 -0.0022267767550139504 230.69197183720246 -0.0018028052252883043 0.9999439571862201 0.010432275882209768 0.12131680423254855 0.0022457026567322506 -0.010428218178421076 0.9999431029239618 3.039923154268847
0.9999956132448375 0.0023331555844174684 -0.0018247948104796123 232.19455553022115 -0.002311705179378296 0.9999292305795118 0.011670040780961535 0.11312865584500463 0.0018518936916268444 -0.011665771199735204 0.9999302377026462 3.0716456949299125
0.9999963687812548 0.002044431616370391 -0.0017557686837731872 233.69648667766342 -0.002024973237236488 0.9999372967920517 0.011013717246822331 0.11763431441308964 0.0017781753831974665 -0.01101012186901039 0.9999378057203039 3.0928732544409745
0.9999959190790702 0.002239752501412237 -0.0017735089337650787 235.14666533781906 -0.0022231422342416153 0.9999541618637501 0.009312991462019336 0.1132790626838671 0.0017942864353436207 -0.009309010693824102 0.9999550604182622 3.1086200580516468
0.9999947007279413 0.0024819997910545902 -0.0021067019419314247 236.70773235595814 -0.0024619542333726677 0.9999521752720446 0.009464985475889224 0.12450514375139764 0.0021300932814576606 -0.009459748714591765 0.999952986823315 3.1305710904564017
0.9999948883839919 0.002797362040464506 -0.0015485385052302252 238.19019941842927 -0.0027783874985639967 0.9999226579692119 0.012122649986461995 0.13038223276452027 0.0015823301790194434 -0.012118285580106287 0.9999253189042687 3.163593745799455
0.9999944903122172 0.003292785692896253 0.0004206038393171961 239.69026954392723 -0.0032977029889447373 0.9999191504176179 0.012280789189049733 0.1327820653718149 -0.0003801318267332611 -0.012282108552273652 0.9999244998045125 3.1741893866066224
0.999990570958885 0.004090845250720699 0.00145704442546429 241.255309097382 -0.004105683308149796 0.9999382092817735 0.010330584830163643 0.12594151123766797 -0.0014146935697531109 -0.0103364695856314 0.9999455765383479 3.2006937448313555
0.9999899230474324 0.004457005900772869 -0.0005374960379923266 242.7246487847093 -0.0044495520962630885 0.9999036112535918 0.013151794104559529 0.1362181829380503 0.0005960618533527967 -0.013149269957931578 0.9999133669522778 3.230879609181429
0.9999855462015369 0.005176081641817986 -0.001454498831578271 244.27836329390385 -0.005159506192202126 0.9999242177896751 0.011177574583026859 0.12525815588696232 0.0015122446450411553 -0.011169908528888451 0.9999364711118351 3.2428375227738155
0.999985300492468 0.005168911076195173 -0.001637423975240662 245.7716274146784 -0.0051478637029296745 0.9999072715649715 0.012607449019941255 0.13623461574519216 0.0017024389223597 -0.012598834461200982 0.9999191822702147 3.257883658383855
0.9999858215529615 0.0052563112957456914 -0.0008531615387291166 247.28899458727048 -0.005245176587684459 0.9999072749618829 0.01256700445077117 0.13839083427354595 0.0009191385167411926 -0.012562351287235676 0.9999206681104873 3.290588292529024
0.9999877460583052 0.004948117074809581 0.00015450127684367112 248.86611071101666 -0.004949737283335947 0.999898854565188 0.013333444418118724 0.13363558176083165 -8.851020575352799e-05 -0.013334045771598546 0.999911093742491 3.3274984723170844
0.9999893985548927 0.004603421269600822 0.00010625647604778609 250.3385683286504 -0.004604345970544639 0.999921711538051 0.011634895487208148 0.13943153445450984 -5.268783203630758e-05 -0.011635261382079645 0.9999323066670879 3.3401562094410786
0.9999886407191074 0.004721769272408394 0.0006506363731140917 251.92465517564173 -0.004730259458844459 0.9998945239219971 0.013731921797582317 0.13536447495405027 -0.0005857287801463103 -0.013734843491683614 0.9999055010330001 3.37786246851089
0.9999890891162457 0.004666828152887795 -0.00020582383820294466 253.42153310962533 -0.004663062817492084 0.9998681817414081 0.015552330574236717 0.14165462928432537 0.00027837676102988163 -0.015551201115078838 0.9998790340087431 3.378110981329736
0.9999870024131333 0.005095734612939686 0.00016880032711281937 254.98306158555252 -0.005097732781554575 0.9998679236180307 0.015432058846958715 0.12738200619431175 -9.014035616096942e-05 -0.015432718766394384 0.9998809044412208 3.4023995853202136
0.9999870456919047 0.005036120468049765 0.0007388768556350312 256.4923674667949 -0.005045996273132768 0.9998887625449847 0.014035685158571771 0.13300180695038316 -0.0006681092635438551 -0.014039231705841738 0.9999012219230066 3.42914359606237
0.9999879726846589 0.004824932197207044 0.0008800655193449442 258.04977538479704 -0.00483598637148406 0.9999034945689363 0.01302362409791486 0.124147156845602 -0.0008171424850082847 -0.013027723443538516 0.9999148017206455 3.4278995545649464
0.9999853076730942 0.004972513255849191 0.002158367407913062 259.5751907622497 -0.004994451921625314 0.9999346764317547 0.01028096879309833 0.1185034519984239 -0.0021071041620457395 -0.010291597603991938 0.9999448200429901 3.472848747792902
0.9999883861162172 0.004622355006065538 0.0013643558485105524 261.1461766541006 -0.004634191396731009 0.9999505086219983 0.0088036683663856 0.10904113572918057 -0.0013235946441144217 -0.008809888807739577 0.9999603161908043 3.484977109963379
0.9999896633032708 0.004530992386517151 0.0003786748004742712 262.6531656393605 -0.004534421952450495 0.9999435578785779 0.009608333606208228 0.10349292739643072 -0.00033511814084835704 -0.009609951359105778 0.9999537671966175 3.5298475625145187
0.9999865831947369 0.005036197184578784 0.0012124967768281998 264.19867358468053 -0.0050449016313540915 0.9999607291033947 0.007286234867013294 0.10787559627501292 -0.0011757542454692105 -0.007292254035986414 0.9999727199444137 3.532891660863537
0.9999768422965142 0.0054291731077086665 0.004103528976233193 265.7454880430711 -0.005438589512632399 0.9999825954350487 0.002287044183374479 0.0989609944793543 -0.004091040797320078 -0.0023093086303383466 0.9999889651785385 3.547472648651963
0.9999785463947806 0.005695871872361743 0.0032347787861477196 267.3245468230963 -0.005707441420012597 0.9999773087006508 0.0035787143278856767 0.08944676566189128 -0.0032143214865345323 -0.0035970998619899307 0.9999883644372888 3.5819293314889844
0.9999813879351075 0.005627731393084289 0.002356357940414011 268.8145193622314 -0.005634851815487187 0.9999795452633202 0.0030261361471028898 0.09917160688559067 -0.0023392794603380182 -0.0030393575522790254 0.9999926450115899 3.5980747852155965
0.999976874540495 0.006547552923345992 0.0018384599367627231 270.43141949523863 -0.006552631101515823 0.9999746950484322 0.0027698896083758395 0.08604951625437196 -0.001820277415820397 -0.00278187230316639 0.9999944738730402 3.607813195942701
0.9999685113693753 0.007630641098639378 0.0021793545235370836 271.9058776253664 -0.007640094806424393 0.9999612959531494 0.004362974564077511 0.09337648741528055 -0.0021459778806765324 -0.00437948765515967 0.9999881073626895 3.623055429056336
0.9999625637938554 0.008498291295434952 0.0016278992221784 273.44642038944465 -0.0085097551542766 0.9999380883460605 0.007169626352908968 0.09594466083057582 -0.0015668688630186608 -0.0071832109730954165 0.9999729728358072 3.651775496109708
0.9999541996424557 0.009467178290520153 0.0014039774326309333 275.02702416506816 -0.009475931523794457 0.9999348457938981 0.006364816485154851 0.07880744007761643 -0.0013436291051445223 -0.00637782896829669 0.9999787587536443 3.653081886825411
0.9999468095695708 0.010258926317487205 0.0010641721894419686 276.53013689043735 -0.010266997803142162 0.9999162520625904 0.00787893503035177 0.07904355378538175 -0.0009832536532794064 -0.007889441799937348 0.9999683944607144 3.67912450791798
0.9999354073063034 0.011353434046588116 0.0005298589689212777 278.1409081920941 -0.01135750148945029 0.999899910790748 0.008436560944551872 0.060930489586983 -0.0004340219974920725 -0.008442033878383649 0.9999642712061776 3.709778744879175
0.9999255666190674 0.012196281318118207 0.000334579656205166 279.6288054567375 -0.012198683249374757 0.9998895337005869 0.008491909267326509 0.05260918047490304 -0.0002309729820764369 -0.0084953586170569 0.9999638871146543 3.735521833547198
0.9999127145860086 0.013199121399714159 0.000588560544753766 281.19412385878417 -0.013203133027778705 0.9998852136821508 0.007432142224863143 0.03191012086294125 -0.000490395238570092 -0.007439264350419488 0.9999722080430208 3.74775204704376
0.9999028864372207 0.013864059624734595 0.0014161727423959427 282.78270171788824 -0.013873583440613286 0.9998795860205044 0.006952491782165411 0.012795001937900344 -0.001319612454791959 -0.0069714639916262046 0.9999748283395852 3.7854843109841068
0.999901568407149 0.013924999103761253 0.0017169440537291782 284.29060992691797 -0.013934063833728994 0.9998884115044032 0.005385759396636873 0.011468957245576127 -0.0016417557677539571 -0.005409153275804354 0.9999840227217822 3.798705968429729
0.9998997314772825 0.014160519188710073 -8.177997623125212e-05 285.846375794351 -0.014160069028501707 0.9998914546070443 0.004070804455777722 -0.00856688372166952 0.00013941580400112308 -0.004069238272120085 0.9999917108972046 3.8336944265759367
0.999905346768942 0.01363790028927155 -0.0018180150113651157 287.4097118713776 -0.013628655965089316 0.9998946053742347 0.005003786575044149 -0.01452961386669964 0.0018860645447326052 -0.004978535849348034 0.9999858283702473 3.8597306022315307
0.9999112289439682 0.01305244682540584 -0.0026772866176689026 288.9177586649116 -0.013042205347167065 0.9999076966627914 0.0038077597342124066 -0.04947058448036915 0.0027267400766341566 -0.0037725039935188253 0.9999891664924043 3.875210930546305
0.9999204794861574 0.012309792062177421 -0.0027392925289206867 290.47689068607696 -0.012305008036215887 0.9999227477584283 0.0017565000607004668 -0.05764810404506718 0.0027607030629369315 -0.0017226533663311603 0.999994705477973 3.900493189623615
0.9999339841223852 0.010996288289213646 -0.0033330228013172558 292.0735830927374 -0.010985886398670439 0.9999347756362993 0.003123263232506036 -0.06145214048301346 0.0033671497099335766 -0.0030864408376832697 0.9999895680384803 3.9364487106986816
0.9999339206814724 0.010743100240087074 -0.004091462795908118 293.69321557349775 -0.010733902881226989 0.9999398285837836 0.002263303066296081 -0.07773801206007688 0.004115531498512207 -0.0022192361444784074 0.9999890686359625 3.940719434352816
0.9999402695152645 0.010218210603751023 -0.003878862436029535 295.15322844423395 -0.010212209920527288 0.9999466313995896 0.0015636883168509226 -0.09484650332486066 0.0038946335231103473 -0.0015239831595402005 0.9999912546142842 3.961079544513069
0.9999500619866828 0.00936946570462635 -0.0034765852843120348 296.75622489125266 -0.009362258633351484 0.9999540024133702 0.002083547638954709 -0.09785114538426953 0.003495947097926385 -0.0020508949001323343 0.9999917860582641 4.004602717099551
0.9999607987711526 0.008588216678555005 -0.0021548678011546357 298.3540860753988 -0.008586809167469213 0.9999629138215052 0.0006615813831249163 -0.13492071882777032 0.002160469689611504 -0.0006430520097320764 0.9999974594241892 4.026763698840601
0.9999705491838624 0.007588758662897668 -0.0011452104090354793 299.913730497613 -0.00758768869191172 0.9999707752292772 0.0009357711649089883 -0.1253377068805473 0.0011522782820580387 -0.0009270541056139656 0.9999989064121251 4.045188902339917
0.9999649411753045 0.008348028194009758 -0.0006533341730927348 301.49256154227027 -0.008347204419521775 0.9999643756882131 0.0012536079375074372 -0.13551191289796546 0.000663776052918998 -0.001248110473589455 0.9999990008102996 4.06785924897991
0.9999533241767141 0.009592852068837062 -0.0011518060273891038 303.10616990681586 -0.009588641345433451 0.9999475214445361 0.003607258526567644 -0.13312413652728747 0.0011863494796920265 -0.003596045899909969 0.9999928304886979 4.094482756989519
0.9999492277428319 0.010032044718588611 -0.0009486913504573124 304.6913115584738 -0.010028269050491891 0.9999420937337165 0.003904228385001795 -0.15235760458310518 0.000987803809033273 -0.003894516426405928 0.9999919284601448 4.129456207506621
0.9999475356366214 0.010124715989807884 -0.0015543810257568776 306.2776090188055 -0.010122814889475423 0.9999480113052069 0.0012260935833582657 -0.16201850117875324 0.0015667140648245657 -0.0012102945457475225 0.9999980402951555 4.15210432923424
0.9999349199353901 0.010769960009928817 -0.003763489762118205 307.895480833214 -0.01077641440107083 0.9999404894570303 -0.0016989517624953774 -0.18810323988059316 0.0037449681522581267 0.0017393981198756782 0.9999914748175202 4.177653011422698
0.9999317743669672 0.010446947609525388 -0.005225695836181967 309.49374991748505 -0.010457136307683855 0.999943467387896 -0.0019262213046059538 -0.17858113637287673 0.005205277280892717 0.0019807357005995367 0.9999844907669885 4.204109248490333
0.9999453439102102 0.008876065055485759 -0.005524912797730515 311.08037966896336 -0.008881510314940196 0.9999600960336428 -0.0009618289419398249 -0.20218276467582436 0.005516155075535201 0.0010108459421330003 0.999984274988194 4.234612252216097
0.9999628181107619 0.006462543179598138 -0.005709459837402535 312.70831553053347 -0.006461582961108416 0.9999791063427728 0.00018661068122271108 -0.20443351549640082 0.005710546525490916 -0.00014971159428253818 0.9999836834892951 4.257070462148144
0.9999773123652813 0.00631898700817561 -0.002333486211510202 314.3277219618602 -0.00631416662071519 0.9999779284045796 0.0020673663370101665 -0.20921457177034541 0.0023464983687713293 -0.0020525854126112655 0.9999951404074569 4.283170541519873
0.9999757288988507 0.00685926213418373 0.001221530264471319 315.9197270965577 -0.006859906076379346 0.9999763334056746 0.000523752963205775 -0.22231194501088275 -0.0012179087961419095 -0.0005321198340283558 0.9999991167729332 4.311389102522833
0.9999750409668523 0.006939747524661047 0.0013256498919692924 317.5474398184702 -0.006938804823120845 0.9999756710109096 -0.0007144045827687877 -0.22157146119324614 -0.001330575427682409 0.0007051883260569592 0.9999988661385852 4.3276618886236715
0.9999717833818736 0.0074966670392821785 0.00048210307741018205 319.2030268523635 -0.007495771584307243 0.9999702260873555 -0.0018331249708829754 -0.23553892800171158 -0.0004958310508633732 0.001829459511747336 0.9999982036131185 4.355566016888961
0.999966790242888 0.008147671211386492 0.00018402490951587095 320.82002561069305 -0.00814716128804327 0.9999633794249111 -0.002619841991083215 -0.24375541359982414 -0.00020536378158698393 0.002618255706148176 0.9999965512754404 4.375104424979429
0.9999657331802502 0.008277978503993923 8.68168875859777e-05 322.4385667796647 -0.008277691781405057 0.9999615293411706 -0.0029016644256988277 -0.26107213229135406 -0.00011083346342485352 0.00290084635145012 0.9999957863943171 4.39026697007108
0.9999603816787621 0.008886861652814436 0.0005086873581301018 324.0550253040841 -0.008885339471727635 0.9999562604734844 -0.0029202538173068544 -0.26388405472628007 -0.0005346170000514218 0.002915618261891062 0.9999956066677564 4.428997628411213
0.9999592401852787 0.009021550567932251 -0.0003599908752404942 325.69676945197585 -0.009022123141773749 0.9999579844391325 -0.001621928001536211 -0.27167464826148596 0.0003453434445385596 0.0016251097740577118 0.9999986198771114 4.44655837098888
0.9999499302816344 0.009968920857552358 -0.0008703715818432448 327.30529806751497 -0.009969856340839904 0.9999497195720438 -0.0010771686656040065 -0.2769149048911896 0.000859589610009987 0.0010857922117064143 0.999999041080028 4.472683409400914
0.999941254956202 0.010837491655506161 0.00018817872541153 328.93400105863435 -0.010837207863395143 0.99994022621832 -0.0014487636730979047 -0.2991075573605729 -0.00020386844147547944 0.0014466392334497222 0.999998932835724 4.4970575420424455
0.9999377207806985 0.010951276663550691 0.0021503719073920906 330.5600582162669 -0.010944603737724273 0.9999353292817804 -0.003090777112864623 -0.31004417645618565 -0.0021840807965647514 0.0030670496532638584 0.9999929114736256 4.522325316071982
0.999938566880115 0.01106387008166388 0.0006732344005149193 332.17436128990045 -0.011061601157869708 0.9999334212979037 -0.0032854149347293694 -0.3149704773282329 -0.0007095389814445303 0.003277766051015558 0.9999943763862618 4.544879269043341
0.9999394121782101 0.010957764495631525 0.0010485084424554354 333.8345427124053 -0.010954551330526073 0.9999354284844623 -0.0030226919694059206 -0.350543239089069 -0.0010815626854198384 0.0030110228915301847 0.999994881968555 4.589478355979119
0.999938185594525 0.011070521384992048 -0.0010337050806867199 335.41147548066846 -0.011071839754892433 0.99993788798306 -0.0012784914623232217 -0.3457865882151217 0.0010194873081050585 0.0012898574501407547 0.9999986484557801 4.586802384343267
0.9999368681106026 0.010562515300645583 -0.003833153229784734 337.02682916384697 -0.010560491970149619 0.9999440864497867 0.0005477074490658651 -0.35041393179761926 0.0038387240728901813 -0.0005071928873562738 0.9999925034483345 4.628030686860424
0.9999471504795999 0.009597121127290064 -0.003686667030878611 338.6035898603447 -0.009591273276351868 0.9999527216044881 0.001600635097507918 -0.35870840528649767 0.00370185422008798 -0.0015651906737386056 0.9999919231941267 4.641584188586215
0.9999620818483848 0.008688041536174518 -0.0005939694520988482 340.23834865404393 -0.008686588771676709 0.9999593759009219 0.0024061843966242066 -0.36885963244446707 0.0006148503526065429 -0.0024009335901861205 0.9999969287337533 4.677362498697284
0.9999667893739467 0.007840303779981534 0.0022248114074643935 341.8534393395624 -0.0078482342594607 0.9999627990643554 0.0035785061671459372 -0.3748351208715047 -0.0021966720669694415 -0.0035958481638246912 0.9999911222144989 4.699712182320225
0.9999769420907463 0.0066334514903539305 0.0014534813948818373 343.4574734517746 -0.006639600987517568 0.9999688507132585 0.004267704527206061 -0.36732986471295 -0.0014251265090167095 -0.004277256659367147 0.9999898369933082 4.729819142610139
0.9999884382248283 0.004800485752066781 0.0002806300287655555 345.0571617457689 -0.004801646195331107 0.9999792609246532 0.004292075768131296 -0.38034669026366086 -0.00026002016018653897 -0.0042933736302261626 0.9999907496234091 4.752800692537441
0.9999954749666154 0.002951295753653474 0.0005830091489490642 346.65261749127774 -0.0029532136620683777 0.9999901390740518 0.003316667563201227 -0.38428272042922007 -0.0005732149330434633 -0.003318374305753565 0.9999943298922286 4.76802836074183
0.9999961937205272 0.0018876061955473494 0.0020123337964542817 348.26989897842344 -0.0018896549629007578 0.9999976977697004 0.0010166904249656456 -0.3869299503905174 -0.0020104100524533236 -0.0010204891717032335 0.9999974584234059 4.816303573193435
0.9999983191466407 0.0015623320412398167 0.0009595949594222838 349.86247064269463 -0.0015632811959586184 0.9999982888479931 0.0009891678261121845 -0.37948652339752525 -0.0009580479088205445 -0.0009906662802219226 0.9999990503618118 4.835857773890099
0.9999991596658456 0.0012961569784013735 2.5390745496111396e-05 351.4851004785377 -0.0012961768796730718 0.9999988398620467 0.0008001250260026323 -0.3776866730749633 -2.435362840329699e-05 -0.0008001572645275149 0.9999996795775752 4.85787607726323
0.9999985670250373 0.0016475709671263607 -0.00038917577015388653 353.0692300088982 -0.0016472737189016826 0.9999983522512599 0.0007628787978529534 -0.37006256733801307 0.0003904320258487804 -0.0007622366256485288 0.9999996332790125 4.879278582572962
0.9999989580298271 0.001432285014364501 -0.0001802745068272931 354.66315227981346 -0.0014322451622520063 0.9999989499161113 0.0002209988007609291 -0.36273936076753766 0.00018059085079446036 -0.00022074037319648972 0.9999999593303154 4.907132370721839
0.9999991357579752 0.001152000723270458 -0.0006335437129984672 356.2642600154332 -0.0011523102900963947 0.9999992167840027 -0.0004884796581578697 -0.374120305661894 0.0006329804878773955 0.0004892092749329348 0.9999996800049424 4.93894620793656
0.9999973477056504 0.0017001303914540315 -0.0015537497599385764 357.87842048554256 -0.001701494513663112 0.9999981678436518 -0.0008770551633356562 -0.34422498588954853 0.0015522558050879217 0.000879696533819343 0.9999984083166953 4.960278194877127
0.9999979614162988 0.0015884462186177208 -0.0012465961082016308 359.4645457535876 -0.001589859194636339 0.9999980939919917 -0.0011332961329621621 -0.3411375422299464 0.0012447935522224875 0.0011352757349277589 0.999998580818002 4.991560108966089
0.9999965387893179 0.0017684509813262427 -0.0019480735383295715 361.0765035659704 -0.001770234257622075 0.9999980153792358 -0.0009140614107282913 -0.34589661473142064 0.0019464531993435826 0.0009175067934830907 0.9999976847479332 5.004101024422337
0.999995343731402 0.001374902271333577 -0.00272436401010205 362.61567429205866 -0.0013796628070780114 0.9999975235061705 -0.0017462852185611008 -0.3361638785486154 0.002721956291717994 0.001750035791085754 0.9999947641506309 5.046150291134262
0.9999972902978791 0.0014135914169200357 -0.0018496367766445516 364.2027509482495 -0.0014197214958851143 0.9999934905918868 -0.0033171018567755713 -0.33097321401582286 0.0018449357098901237 0.0033197188375090163 0.9999927878135253 5.063706220924053
0.9999986870950328 0.0015986232292262757 -0.00026497543571482455 365.82110513096615 -0.0016004381072236887 0.9999742420512304 -0.006996701503712156 -0.3422052421686949 0.00025378352093932954 0.0069971163944927955 0.9999754876776163 5.095624654110329
0.9999979106050806 0.0017186477424197906 -0.0011068131778715477 367.40364568170594 -0.0017257402855197933 0.9999777782159228 -0.00643932409601444 -0.3235976113119031 0.0010957216526877708 0.006441220713812986 0.9999786548070793 5.118596480500518
0.9999951132535673 0.002257525941396318 -0.00216264782368924 369.02151993076023 -0.0022688094282585477 0.9999837534697893 -0.005229273395963977 -0.3236308226710491 0.0021508074678199952 0.0052341544776032525 0.9999839886988896 5.151765471833949
0.9999966932421871 0.0022662097987047264 -0.001215647086645616 370.6134328196153 -0.0022699883811575657 0.9999925689227576 -0.0031159672677197026 -0.316390619504907 0.001208576617523666 0.003118716468732869 0.9999944064594297 5.181142294444131
0.9999956195316957 0.0028818077734925262 -0.0006753527794251731 372.22582946853066 -0.0028833320240860857 0.999993273599266 -0.0022669699297658674 -0.3158450414911503 0.0006688152651658688 0.002268907265672415 0.999997202369067 5.197120570452636
0.9999946035572148 0.003141810021588503 -0.000960149070197186 373.80352499940153 -0.00314360175902547 0.9999933098005044 -0.0018703267664341911 -0.32087238212792357 0.0009542664352299326 0.001873334999628805 0.9999977899933328 5.221430420923739
0.9999926736602369 0.003473860707433701 -0.0016077679049130934 375.4136127168638 -0.0034771466979732477 0.9999918625363872 -0.002045559055187409 -0.3082059517030738 0.0016006488345337183 0.0020511345135884413 0.99999661537953 5.246957831079479
0.9999902993324967 0.0039650523460546105 -0.0019182285569568696 377.0391004001725 -0.003967796270056021 0.9999911075759791 -0.0014287623056494726 -0.29709629544996063 0.001912546381923202 0.0014363595858148126 0.9999971395146474 5.266733598576907
0.9999899055028073 0.004192196741042776 -0.0016169041316190266 378.6126992665839 -0.0041945487953772165 0.9999901457332798 -0.0014540277634621918 -0.3088867377291563 0.0016107926277630809 0.0014607952690605386 0.9999976357093512 5.295783706715821
0.9999875184862137 0.004625240271824876 -0.0018894507700071565 380.2388201368342 -0.0046263627058988 0.9999891242070654 -0.0005901149885443724 -0.30932342587392936 0.001886700797121799 0.0005988489075930003 0.9999980408681249 5.3226113720760155
0.9999887427673588 0.004529164275404155 -0.0014145704377406657 381.8687945593275 -0.004527626239380553 0.9999891577190883 0.0010885976781623795 -0.3023137649526578 0.0014194855382848313 -0.0010821807773336973 0.999998406971517 5.358077161960327
0.9999850907150087 0.00499791752514082 -0.0021998109254447173 383.4724574370712 -0.004993774074756655 0.9999857543433422 0.0018850280812755219 -0.3038315618095532 0.0022092008025763506 -0.0018740146180857892 0.9999958037417084 5.37885845614215
0.9999809220052174 0.005599623172688321 -0.00260765141826338 385.0948981001997 -0.00559313440629752 0.9999812605977512 0.00248903612779307 -0.29877967998572447 0.0026215402168133775 -0.002474403697107691 0.9999935024055083 5.413620669356796
0.9999811822276877 0.005642648665238686 -0.0024074273730557913 386.7101779588175 -0.005633107966968901 0.9999763263131622 0.003951570303617254 -0.30305573288363086 0.0024296677032733796 -0.003937934645551945 0.9999892946354871 5.43831395155455
0.9999782339497103 0.00642520737030525 -0.0014994455865146746 388.2988515586097 -0.006416716773213454 0.9999637309738616 0.005600221664086441 -0.30706490221539534 0.0015353737885949357 -0.005590478251734559 0.9999831944489098 5.471591860583454
0.9999789040218853 0.006334855881365025 -0.0014356573934665479 389.9200414070105 -0.006326367852729251 0.9999629253334805 0.005841663145020909 -0.2991326167729109 0.0014726102610786382 -0.005832457412641489 0.9999819067660918 5.483470576692195
0.9999774947132563 0.006526115138814625 -0.0015555989825438105 391.5637619400718 -0.006515022200164151 0.9999540484916337 0.007032452696092586 -0.31719319610285934 0.001601422096427117 -0.007022159666822323 0.9999740620240521 5.518216606445077
0.9999706605669495 0.0075750330933711104 -0.0011388059241327398 393.20566004063 -0.007565369557490864 0.9999372409887127 0.008263126971032689 -0.3073562335899399 0.0012013279140591934 -0.00825426904790181 0.9999652113217378 5.546847438092774
