1.0 8.809142651444726e-20 8.673617379884037e-19 -5.551115123125783e-17 -8.809142651444726e-20 1.0 1.7347234759768075e-18 0.0 -8.673617379884037e-19 -1.7347234759768075e-18 1.0 -5.204170427930421e-18
0.9999993011580781 -0.0003480319849955573 0.0011298482609536818 1.3160940844717768 0.0003481171165631284 0.9999999365833229 -7.515200288644408e-05 -0.058402083065748844 -0.0011298220340017183 7.554526988583102e-05 0.9999993588973364 0.018140396604628333
0.9999976844684006 0.0012037922336848642 0.001783799903291163 2.5652097675998258 -0.0012028053760217308 0.9999991230587825 -0.0005542029350592417 -0.11574037075546209 -0.001784465484192614 0.0005520560876714074 0.9999982554569841 0.031373844761168695
0.999998079788125 0.0003668897399309225 0.001925048566042563 3.894519990005444 -0.00036598952511373537 0.999999823530806 -0.000467963700123467 -0.11676274440616392 -0.0019252199174110292 0.00046725825392350615 0.9999980375970714 0.04683318994271285
0.9999976448955538 0.0006883753383901004 0.002058237775237946 5.222707479183744 -0.0006868031748214901 0.9999994719595113 -0.0007644488847208351 -0.10632222670108449 -0.0020587629161647673 0.0007630334801252969 0.9999975896346767 0.04723798164194728
0.9999971489586248 0.00038278719576602323 0.0023570211252339846 6.555573984858001 -0.0003803881594382708 0.9999994092970806 -0.0010181897357332131 -0.11143968937447493 -0.002357409482928424 0.0010172902499045637 0.9999967038651064 0.0497201114322784
0.9999950669745409 0.0005447634019249264 0.0030934219594844436 7.894351754420888 -0.0005381023114798924 0.9999975359386478 -0.0021537322338339828 -0.0998540881147424 -0.0030945876116014862 0.0021520570319112603 0.9999928960637898 0.06134501627740534
0.9999951669924957 0.00043408361084323346 0.003078565099093199 9.225246361995193 -0.0004270145642469431 0.9999972718684099 -0.0022965004461834564 -0.09433384461043202 -0.0030795535735684823 0.002295174755045271 0.9999926242341146 0.0582985239249363
0.9999961999467236 -0.0001101156823936913 0.002754626408199892 10.543255177108366 0.00011701796847444613 0.9999968539545699 -0.0025056711191882423 -0.10257987386349168 -0.0027543418283349254 0.00250598393829069 0.9999930667987622 0.0511664769430223
0.9999993042216924 0.00018406802268429776 0.0011651931574232976 11.87192870749881 -0.00018423390256902368 0.9999999729104314 0.00014225683015756162 -0.06006565569569783 -0.001165166940925277 -0.0001424713992609839 0.9999993110437128 0.0966292678169654
0.9999997670792977 0.0001307877550116925 0.0006698775363171081 13.20760584547706 -0.00013163544281923864 0.9999991905282712 0.001265549253341684 -0.0669288058109174 -0.0006697114757244793 -0.0012656371381951905 0.9999989748240614 0.09394988796396296
0.9999998978157993 0.00023894778533385574 0.0003837607935847024 14.533632102367253 -0.00023969331751489878 0.9999980820329737 0.0019438306221389566 -0.052203797692775535 -0.0003832955835219301 -0.0019439224084079247 0.9999980371231564 0.08446628660382273
0.9999993223133307 0.0005393235495099499 0.0010317475410009567 15.901021495262212 -0.0005412007897954372 0.9999981972340887 0.0018200632620021147 -0.044825030036054876 -0.0010307640780228653 -0.0018206204111535641 0.999997811430972 0.09935187789332209
0.9999930669642197 0.0010435283837092583 0.0035745030431936892 17.22206407789824 -0.0010470234959608113 0.9999989755257713 0.0009760579935082273 -0.04332330111250087 -0.003573480836987069 -0.0009797938151358421 0.9999931350958303 0.11936834830981043
0.9999795438588768 0.0009150297547572318 0.0063304489841202365 18.59807872868164 -0.0008948821540264468 0.9999945282605267 -0.0031847503727715303 -0.051396367875483 -0.006333328486905207 0.0031790202192455985 0.9999748910751322 0.14344608515386342
0.9999903664582697 0.0004118924850718265 0.004370049797927737 19.94671739783931 -0.000388550806941726 0.99998566239557 -0.005340789413901511 -0.07583308664673007 -0.004372186972906331 0.005339039976808457 0.9999761890331189 0.15849453625254414
0.9999972379407035 0.0010080528746934485 0.0021231910808699682 21.28225507151931 -0.0009949471128505596 0.9999805030291954 -0.006164709378385786 -0.05756065917614289 -0.0021293640380859835 0.006162579888256995 0.9999787439830479 0.15268443463675424
0.9999986924284473 0.0013555326604766866 0.0008818574726651541 22.635017169375686 -0.0013519291297016164 0.9999907867979958 -0.004074138774443228 -0.032171880754371183 -0.0008873719761061919 0.0040729412384097234 0.9999913118225799 0.1953969332440411
0.9999951874893634 0.0020540783320441773 0.0023250291006415226 24.004210142517685 -0.0020498599399409903 0.9999962514262235 -0.001815270703758842 -0.03503414893276834 -0.0023287490933177916 0.0018104959837366697 0.9999956495065133 0.17384372811375176
0.999975468399951 0.0028259334299353704 0.00640911058948071 25.392206699626776 -0.0028143260108078405 0.9999943847018303 -0.0018193773419912529 -0.03541369334538521 -0.006414216039666148 0.0018012953831158414 0.9999778063374902 0.18312278768581686
0.9999672916297462 0.002737457418787907 0.007610650271187948 26.77052206884223 -0.0027158111488601324 0.9999922420963202 -0.002853089023889509 -0.050247388809341625 -0.007618401438211112 0.002832326615140781 0.9999669683971923 0.19798550244901425
0.9999688899047438 0.002701787332563288 0.0074107737709348965 28.140294567087253 -0.0026498057394121347 0.9999718823531931 -0.007015200107990004 -0.0626207690834578 -0.0074295189762026035 0.006995344753574695 0.99994793234426 0.2271172712471544
0.9999834607608178 0.002876135080992636 0.004980567418874898 29.491699055939836 -0.002842283412741257 0.9999729046215752 -0.006790541045579463 -0.03775540715914792 -0.004999962981836025 0.006776272551036225 0.9999645406215634 0.23289455647557744
0.9999896413010307 0.003209262181863731 0.003227681347947336 30.894963597602143 -0.0031865841646111347 0.9999703742756595 -0.007006871795552015 -0.048826293932134855 -0.0032500726142160956 0.006996513935204589 0.999970242467623 0.2602091050800981
0.999990551875438 0.0038946895741873155 0.0019306871776285195 32.27391952395315 -0.0038852661104593882 0.999980638276279 -0.004860841472054703 -0.02610300895901236 -0.0019495812647997834 0.004853294312757861 0.9999863222400623 0.24325831876376044
0.999989522506187 0.004575560792031584 0.00013827974061334945 33.65061551001055 -0.004574991577403304 0.9999820496527847 -0.003869085716613312 -0.033362994987734776 -0.0001559804953499379 0.0038684125496430224 0.9999925054991318 0.27166249501352174
0.999988391282135 0.004786545753288823 0.0005534263450288862 35.04600627727541 -0.004784447907573861 0.999981591220213 -0.0037317929887120452 -0.02162738451751777 -0.0005712785550074448 0.003729101827861639 0.9999928836948642 0.2640434837838578
0.9999891864034068 0.004296326079908791 0.0017800726017612603 36.441820522037524 -0.004289950869443556 0.9999844259308397 -0.0035699043834228586 -0.02251332727982009 -0.0017953823520927305 0.003562229355911382 0.9999920435304602 0.2966174072509337
0.9999886756069487 0.003914402431049404 0.002706679047925238 37.84393145233973 -0.003906202423500724 0.9999877856457842 -0.0030282242102946345 -0.015435029419324635 -0.002718499675799138 0.0030176170812367857 0.9999917518393158 0.27746652879226613
0.9999881039769934 0.0035299156382784386 0.0033662442104397086 39.23846976659922 -0.0035275815992197694 0.9999935337266687 -0.0006990514365770892 -0.02775639887966652 -0.003368690035982478 0.0006871684195098897 0.9999940898460374 0.2936287980752092
0.9999840214573299 0.004085515293298185 0.003907095444757699 40.63127860514717 -0.00409499700820923 0.9999886826821204 0.002421880917853651 -0.003768154396977882 -0.0038971565953881265 -0.0024378417638831343 0.9999894344931877 0.3315900933143702
0.9999845895223844 0.003912231159480301 0.003938929436170608 42.05636292536123 -0.003931565985007583 0.999980202751615 0.004912931278224 -0.008305777000720778 -0.003919630933375135 -0.004928341728595104 0.9999801737740366 0.3336187206662946
0.9999845427170386 0.0037715111759423956 0.004085343369282801 43.44439123363411 -0.003791738321130027 0.9999805362906236 0.004954771480194508 0.001766363598927095 -0.004066576877334964 -0.004970185445898014 0.9999793798919726 0.33450886994993484
0.9999855442237012 0.0034921979689565303 0.004088507915313513 44.87834553604196 -0.003510912293633652 0.9999833525064206 0.0045791052495077695 0.015558997028345938 -0.004072448709852275 -0.004593393447689127 0.9999811577715554 0.3445498556632214
0.9999907828343025 0.002608637700761737 0.003410169465718783 46.268320325913415 -0.002623056871870303 0.9999876104100424 0.0042306735941533115 0.0010784606295475758 -0.0033990909204800915 -0.004239579667785078 0.999985235963589 0.3660349643261188
0.99999160933865 0.001248401077121699 0.003901633894608721 47.70961238877961 -0.001261335571601117 0.9999937117148631 0.0033144476624512127 -0.011972350102110485 -0.0038974715999904245 -0.0033193411216619487 0.999986895758962 0.3739881653604384
0.9999893737857031 0.0001967926478528905 0.004605821135393972 49.11083100526896 -0.00021608514719603382 0.9999912044375188 0.004188598191501998 -0.017197774286245516 -0.0046049563392775005 -0.004189548932098011 0.9999806208406535 0.39557319884562736
0.9999887581978439 -0.000381651386164162 0.004726290316261335 50.53041703613029 0.0003580722504570613 0.9999874918881768 0.004988772540095194 0.009701592613900332 -0.004728135171248736 -0.004987024103891439 0.9999763868854052 0.4053909343026453
0.9999861521756725 -0.001856738875531787 0.004924223557160278 51.99044376574685 0.0018304589577465432 0.9999840880655664 0.005336013088576048 -0.0010661015636328499 -0.0049340527861798066 -0.005326925607284038 0.9999736391458915 0.4147029903484325
0.9999801081337799 -0.0028640512350831377 0.0056196572205636204 53.40350299508678 0.0028307156904375953 0.9999784051038093 0.0059309674355750705 0.01860381262472534 -0.005636522459258411 -0.005914941805695157 0.9999666209819214 0.42576956134070326
0.9999738488295071 -0.003478128876047623 0.006340684239379191 54.8539859231686 0.003445329719737932 0.9999806670284381 0.0051764150222310575 0.036754970962956865 -0.006358565893674336 -0.0051544339050658625 0.9999664996643108 0.4413864195818598
0.9999650800356756 -0.003647110302523071 0.007519128652051729 56.23624713530901 0.003638674499342737 0.999992735558919 0.0011352873106914377 0.04813510265505703 -0.007523214547831803 -0.0011078880048155525 0.9999710864955227 0.44482021724481074
0.9999625899724282 -0.004260793240961636 0.007527569102383218 57.6741330831449 0.004256758474883422 0.9999907876428343 0.0005519390821220624 0.056836446171009886 -0.007529851454038585 -0.0005198753904939419 0.9999715151276353 0.46029677247562917
0.9999625334462369 -0.0037854290180527415 0.007784743472511716 59.1084647551796 0.0037842140382196004 0.9999928252507088 0.0001707958383453415 0.0874124516841469 -0.007785334154451639 -0.0001413303036812644 0.9999696838393896 0.4782071397641977
0.9999543226471278 -0.004147883233497012 0.00861090494693813 60.53409969760736 0.00414468394855621 0.9999913349629715 0.00038935066533852955 0.06097042679603109 -0.008612445314224625 -0.0003536434013146801 0.9999628496709536 0.4972502205254518
0.9999512248330449 -0.003286358588920343 0.009313850015880643 61.9815437065843 0.0033106169216506236 0.999991164978819 -0.002590324285210582 0.09135538354761812 -0.009305254993355685 0.0026210325311793936 0.9999532701171486 0.4883581925576702
0.9999545049485992 -0.0031718922733884377 0.008995950889583187 63.39599727436254 0.0032140341742063314 0.9999839119152322 -0.004673959246308307 0.08120345040550143 -0.008980980866743211 0.004702659897880754 0.9999486121659232 0.5038116795404919
0.99996495757472 -0.0025610807492728906 0.0079702250899346 64.799953991913 0.0026008830325960743 0.999984179899719 -0.004987520199189156 0.09826171699271606 -0.007957325558205662 0.005008075047587626 0.9999557991002795 0.5139766319102101
0.9999684244005915 -0.0018347054496284513 0.007732015113264245 66.2520758831007 0.0018765657120606454 0.9999836044448297 -0.005410114846731982 0.10646702614030105 -0.0077219623753914625 0.005424453653559514 0.9999554723084592 0.5110163702740842
0.9999709644988523 -0.001387118493611937 0.007493067564067059 67.63082662273068 0.0014151164837301418 0.9999920328738691 -0.003732510431913741 0.10272905479395 -0.00748783043160496 0.0037430056200264262 0.9999649605382961 0.5154041206060256
0.9999621725561948 -0.00043317924266982917 0.008687106102648735 69.0838060587193 0.00044597956821838266 0.9999988177433948 -0.001471602540530894 0.13691991707392517 -0.008686458364586147 0.0014754211453972149 0.999961183533403 0.527339698787288
0.9999521400103759 3.4957135024625376e-05 0.009783479272134049 70.44376185302872 -5.2523618743858075e-05 0.9999983871149014 0.0017952740362269478 0.1340995400523585 -0.009783400734869229 -0.0017957019781654796 0.9999505290385452 0.5356027675533966
0.9999411907591759 0.001038215824234404 0.01079523649688524 71.90012654490623 -0.001104734236152587 0.9999804309935687 0.0061576937390639035 0.15313084697100268 -0.01078863222975212 -0.006169257477115355 0.9999227698561485 0.5564048723981293
0.9999418312353153 0.0015676206202818762 0.01067130317041977 73.24923674041847 -0.0016652753465384526 0.9999567656393133 0.009148426650714794 0.1600971108065383 -0.010656500541188708 -0.009165665156122852 0.9999012099094898 0.5532236660413624
0.9999458690350793 0.002047989355273463 0.010201212637759168 74.66129455378092 -0.0021800617816476148 0.9999137364718731 0.012952488003691054 0.1678150245515077 -0.010173806087609994 -0.012974026146815329 0.999864074919803 0.5593582293079064
0.999943214610912 0.002931545636187017 0.010245662193264157 76.09827613684133 -0.0030691873102773196 0.9999049104075273 0.013444338294222143 0.1834035015235513 -0.010205275246163737 -0.013475020708630029 0.9998571278808048 0.556086463040219
0.9999385502890132 0.0032566306872553836 0.010596697715475629 77.471289472252 -0.003405058103730452 0.9998959285562228 0.014019188136245359 0.18476778308651118 -0.010549939583550204 -0.014054409032614982 0.9998455742571086 0.5615419200230153
0.9999345161624631 0.0034245565727820354 0.010919514605554643 78.88997669569557 -0.003572432603452021 0.9999017892119341 0.013551739964547786 0.18310213303421033 -0.01087203349125171 -0.013589861774600358 0.9998485458031693 0.5835560945201447
0.9999496923274419 0.0028255807428589205 0.009624391290868744 80.26294444878401 -0.002948950777861009 0.9999133629167933 0.012828497563584352 0.16854576546900185 -0.009587309506004187 -0.012856234047913157 0.9998713921012748 0.5761224641847279
0.999946910787039 0.0029008996595655955 0.009887385327920254 81.6603812228096 -0.0030268093130319264 0.9999142198346733 0.012743288343250532 0.1850573308482802 -0.009849570185555493 -0.012772539042093937 0.9998699156458195 0.5998296263584951
0.9999467301553612 0.002707443772016193 0.009960250991954836 83.01817318223425 -0.0028341226933706314 0.9999149997056285 0.012726394314648944 0.20328077327493826 -0.009924948370661088 -0.012753944954968956 0.9998694076167773 0.5876117533494981
0.9999541322088699 0.002551811645333334 0.009231561933542966 84.3958088299052 -0.0026664949487354237 0.9999191636519715 0.012432053982759834 0.2156472806563609 -0.00919909142766104 -0.012456099665169163 0.9998801039614884 0.5940903243800396
0.9999560497950679 0.0016903470019428008 0.009221778855320347 85.79535736610617 -0.001801053571323737 0.9999262572882839 0.012009837279404184 0.2171382412756027 -0.00920079802390165 -0.012025918362335887 0.9998853547298638 0.5880876161101115
0.9999477252833415 0.0005191347073759473 0.010211620822694212 87.16426871647985 -0.000640221722811807 0.9999294856134645 0.011858073913497781 0.21911432199878067 -0.010204744818785241 -0.011863991737519645 0.9998775469442425 0.6096365704388813
0.9999363253906408 -0.0006037528257119739 0.011268568976941307 88.54608357853606 0.0004785326310981848 0.9999381482931164 0.011111732297646297 0.22161252089953026 -0.011274580736489207 -0.011105632384471695 0.9998747665375687 0.6113531110704495
0.9999268028464107 -0.0020652313305929383 0.011921567384629983 89.91398578268156 0.0019609311901213726 0.9999597609154635 0.00875393047473908 0.20960463049004593 -0.011939166563154451 -0.008729912338625955 0.9998906164837917 0.6217499942439506
0.9999203358226818 -0.0028517912341242233 0.012295905619841412 91.29301062966407 0.002757993641116335 0.9999670222384068 0.007638580151376876 0.21837351327665286 -0.012317283764314162 -0.007604059600661948 0.9998952259103244 0.6318284557199552
0.9999242140867077 -0.0029494510739918175 0.011952690970738516 92.67156279089961 0.002866071604269822 0.9999714838408316 0.006986926271602595 0.2355917489003785 -0.011972957723095983 -0.006952139492828149 0.9999041534266337 0.6408624177855269
0.9999254381955783 -0.003053641891173938 0.01182342254092123 93.9976064384279 0.002979543827769588 0.9999758441284694 0.006279608119417991 0.24646915626028887 -0.011842312610258891 -0.006243911494850632 0.9999103825850022 0.6510159753082454
0.9999274817655472 -0.003442638885438605 0.011540340008667873 95.374688121164 0.0033814599335590593 0.9999801493380784 0.005316639776391656 0.2616381572134579 -0.011558414196113979 -0.0052772310257028915 0.9999192736886175 0.6496295573264348
0.9999343751026136 -0.0031681014412717466 0.011009478707157955 96.74566520890974 0.0031124154464152753 0.999982296411641 0.005071462647969811 0.2683441638149975 -0.011025350708003267 -0.005036863762168801 0.9999265331239126 0.6472703609353975
0.9999396944963814 -0.0030541321787574214 0.010548916869430311 98.08473420478325 0.0029777302762507723 0.9999692793382507 0.007250758728666342 0.2708610096191165 -0.01057073757527697 -0.007218909638865838 0.9999180700691135 0.6636416324302622
0.9999389240565766 -0.0024914255752389075 0.010767588178379408 99.4274675962713 0.0023985873681056967 0.9999599157474288 0.008626336246225257 0.3076011102123912 -0.010788648442399738 -0.008599982383611105 0.9999048181541021 0.6583201910328512
0.999926482199156 -0.002425530758953236 0.011880530180013754 100.77850195359044 0.002319862256371725 0.9999577034172143 0.008899978409060639 0.30310936718876996 -0.011901614845570655 -0.008871762908670146 0.9998898156231816 0.6646846755160818
0.9999086712430083 -0.0025408742231086082 0.013273776072532205 102.08968729354959 0.00241732971789013 0.9999536908984811 0.00931517984474475 0.3329368038225007 -0.013296830076239656 -0.009282242007579624 0.999868508501611 0.6648223649387399
0.9999203766918798 -0.002571332292829091 0.012354291829517796 103.45414225629484 0.00245768622536831 0.999954610024476 0.009205306579112088 0.31201063995405937 -0.012377400970586304 -0.009174210649296414 0.999881309858413 0.674166568655222
0.9999464979515617 -0.00253181862709558 0.010029512891816018 104.77289643521401 0.002437701395647553 0.9999529870474432 0.009385164186187423 0.31123682603882624 -0.010052802908307205 -0.009360213103104486 0.9999056593320949 0.67611366403492
0.999955699410688 -0.002689629339895352 0.009020261088010283 106.0770582696084 0.00262255371984061 0.9999688859886215 0.007439708775320113 0.3359220747612871 -0.009039990490506534 -0.0074157230725667616 0.999931640475109 0.6853156682167877
0.9999492057601387 -0.0020062698199341663 0.009877286119041638 107.4431616345572 0.0019376223660643324 0.999973938525969 0.006954702612473268 0.34366539553208103 -0.009890981712363973 -0.006935210903140335 0.999927033003156 0.6853267024262375
0.9999241314605648 -0.0015367729844617962 0.012221687756988436 108.76504333381185 0.0014988761357578688 0.9999940426625358 0.0031093423369564993 0.3472965756647677 -0.01222639330157296 -0.003090787639577156 0.9999204780074274 0.6892749829475986
0.9999111768491797 -0.0008097347934755755 0.013303486071427327 110.1146479216747 0.0007825093458230093 0.9999975893719034 0.0020515675727569966 0.361784109054678 -0.01330511522731485 -0.0020409752438781455 0.9999094000602463 0.7009128822129574
0.999923822575663 -0.00025275085376022326 0.01234038746068479 111.42926727915744 0.00022912408539621154 0.9999981382881802 0.001915965116392447 0.3543393718445245 -0.012340848748258536 -0.0019129916831143964 0.9999220189169719 0.6956804406373438
0.9999532993925236 0.0013795962241089153 0.00956534099048978 112.78349728989171 -0.0014077889652020978 0.9999946834915816 0.00294127842972048 0.38477575772998796 -0.009561232359658183 -0.0029546070517258616 0.9999499253127301 0.7072610896472461
0.9999654556183561 0.0019964364995041103 0.008068569345108806 114.12507508454739 -0.002045595934417592 0.9999793692630605 0.006089054567381734 0.36390640018317905 -0.008056246473791377 -0.006105349257405829 0.9999489094964795 0.7134945494957614
0.9999687064637791 0.003170074939058604 0.007248221715511565 115.42000347656352 -0.0032363449627509935 0.9999529046985596 0.009149560437285452 0.37648444601019604 -0.007218875566079325 -0.009172731861022401 0.9999318720921777 0.7114963731793031
0.9999417512793699 0.005107171265949672 0.009508462021123265 116.78752313569194 -0.005199303654232713 0.9999395323595592 0.0096901427263531 0.3924592053651442 -0.009458397848365645 -0.009739015669269126 0.9999078408953177 0.724680842665719
0.9999179137388128 0.005209341502165212 0.011705919243443798 118.08170030340017 -0.005328221113407929 0.9999343182249931 0.0101473787593184 0.39060642017303093 -0.011652289216580692 -0.010208917524999963 0.9998799938787559 0.7168137765442796
0.9999040463401092 0.006127965308968632 0.012423612753501186 119.44914691113331 -0.006255493740349865 0.9999278773386013 0.010252264100357487 0.3830196481513355 -0.012359891210739842 -0.010328996189906948 0.9998702640477751 0.7230723623932198
0.999902486571202 0.007253316755723042 0.011933429715232048 120.77948723874711 -0.007372948581687047 0.9999227000714079 0.010011668747856117 0.3862743473266645 -0.011859889457285631 -0.010098677039402105 0.9998786725118777 0.7300277383039938
0.9998947178699795 0.008432365595805166 0.011808826621332666 122.08227534904243 -0.008572225813352222 0.9998931173600842 0.011843597449163133 0.37451437868006665 -0.01170769491910818 -0.011943578458385368 0.9998601306249236 0.7288058281477844
0.9998875873985977 0.009721440004991477 0.011415172816964268 123.44460361431311 -0.009876526119745037 0.9998586131716127 0.013609110857999011 0.38021143531045276 -0.011281258707156868 -0.01372032327493284 0.9998422305200024 0.7237835712494316
0.9998778565014599 0.011224464184353768 0.010875820972236026 124.79115050714314 -0.011382597743303852 0.9998287872451836 0.014588785571096243 0.3936327720103378 -0.010710207591830492 -0.01471079874104229 0.999834428219863 0.7292815155718928
0.9998765756062729 0.01192785116712746 0.01022545453308681 126.11966317904698 -0.012088323676876062 0.9998024445120337 0.015777971303209685 0.3666850515215872 -0.010035237145002955 -0.015899632520806475 0.9998232322271507 0.7311855696272104
0.9998665023498392 0.013093852269708 0.009773868806059136 127.45873610359281 -0.01324061056594274 0.9997982450843302 0.015104812416393058 0.3693228754518675 -0.009574116697640501 -0.015232207950012995 0.9998381449666878 0.7387839772402538
0.9998490863000016 0.013823190585549514 0.010522548507255827 128.7651863062514 -0.013978089438845041 0.9997928793513596 0.01479227548273387 0.35232001337812835 -0.010315892626991873 -0.014937128249868382 0.9998352187030397 0.7343495703559932
0.9998276384778705 0.014692572577458079 0.011349962414945064 130.13780385193624 -0.01486420210784605 0.9997741613145172 0.01518821462683328 0.34404231986618156 -0.011124245208626237 -0.015354304898293971 0.9998202320865629 0.7522879656409447
0.9998190696648684 0.014985847397242198 0.011715473198451088 131.46483748966583 -0.015137882411766173 0.9998009265818685 0.012998143026022339 0.3199775954753942 -0.011518352771320944 -0.013173138723324903 0.9998468862608972 0.7406664120831027
0.9998128147896301 0.015192600745821459 0.011979994366231246 132.81479688087757 -0.015341622118365221 0.9998048346496162 0.01244697722465042 0.30917340835760054 -0.011788554330966717 -0.012628439881147016 0.9998507651109511 0.7559072209412296
0.9998054739962045 0.01505089571154292 0.012746948870425554 134.1373409930363 -0.0151849762235094 0.999829694768615 0.01048799103688841 0.30117299831482613 -0.012586924339028915 -0.010679512965423863 0.9998637493871377 0.7504722573281671
0.9998151200890573 0.014263544853597253 0.012894841197680853 135.47527043957257 -0.014384454107813976 0.9998529809824991 0.009332947038883425 0.26685617850189625 -0.012759824502091776 -0.009516706815901632 0.9998733015587805 0.762351686369821
0.9998376768455657 0.013172938034362085 0.012292016254665371 136.81804842364437 -0.013286539840444651 0.9998693457637348 0.009206479298255361 0.25180695601291214 -0.012169133869358905 -0.00936830323718144 0.9998820665835176 0.7600504368173011
0.9998224472693339 0.012716385941627337 0.01390566305300094 138.1519238326273 -0.012802590225156873 0.9998992663634984 0.0061278715117529334 0.27121007002327957 -0.01382633790584949 -0.006304811997309526 0.9998845341967201 0.7672661280673426
0.9998444577331413 0.011171141588559384 0.013647927898725477 139.5044360679621 -0.01124745616846167 0.9999214662291392 0.005527757583938004 0.22533424096943783 -0.01358510471284575 -0.005680402254823994 0.9998915831029704 0.7651148341924242
0.9998514703151992 0.010187697588664115 0.01390137138473406 140.8590320369333 -0.0102514872626838 0.999937212752156 0.004525214067035159 0.24070765810883954 -0.013854397043444633 -0.004667051670100565 0.9998931314451917 0.7706640158556423
0.9998736822833896 0.008751585912352896 0.013267600426370704 142.19094463090835 -0.00882289891616363 0.9999468936630926 0.00532600302728771 0.22485992284276315 -0.01322028485964975 -0.005442388956168561 0.9998977970126144 0.7619545974743421
0.9998842455595578 0.007706824218011998 0.01311870200388364 143.54121360825866 -0.007774027203500299 0.9999568810593541 0.005079421530855398 0.21274724438396875 -0.013078990130483093 -0.005180818711511129 0.9999010446712441 0.7671659736286615
0.9999146908495244 0.007259795137913279 0.010858471248540339 144.89438654235607 -0.007291654818933657 0.9999692180085601 0.002897379048476578 0.20115517024297422 -0.010837102624842491 -0.0029763080997370185 0.9999368474042719 0.7650323891749935
0.9999335293526017 0.005887922999575285 0.009913084242583553 146.1980403066919 -0.005885738985751877 0.9999826477686715 -0.00024947574758326963 0.2019792520302956 -0.009914381122444629 0.00019111333837320096 0.999950833052631 0.7873509256851062
0.9999046975898349 0.0053614861253286124 0.012722036169921597 147.58601886359241 -0.00524512603866221 0.9999442703044775 -0.009162147023742701 0.20353829962385414 -0.012770449898865437 0.009094545165869392 0.9998770948759685 0.7795349058174631
0.9998904372860703 0.003854926293862864 0.01429170973467502 148.9039049934107 -0.003625634215458433 0.9998648567688457 -0.016035054572761383 0.18489083738741038 -0.014351592260338818 0.01598148121685294 0.9997692854142441 0.7863231242845832
0.9999312641648553 0.0026957894819307155 0.011410506769780818 150.20767768781295 -0.002493313944408432 0.999839847056183 -0.01772184031761219 0.1492712420139241 -0.01145645369425987 0.017692172216475798 0.9997778436787914 0.7947296845637011
0.9999638512013967 0.002600490241844695 0.008095291284005348 151.6125667483817 -0.0024567352394022283 0.9998400157299593 -0.0177174320113906 0.1714540097582214 -0.008140070173794678 0.01769690356013841 0.9998102614306121 0.7937798641786695
0.9999784321870043 0.00344265276955279 0.005593147837235388 152.92559352361792 -0.00336968074632302 0.9999097647868631 -0.013004135324893475 0.14723621408403068 -0.005637411860840072 0.012985007731556145 0.9998997995607973 0.8052823125538797
0.9999709897635821 0.0046849484407549095 0.006005904540475248 154.29940208215316 -0.004596753294975376 0.999882623331016 -0.014615382986105851 0.1737614970789753 -0.006073671903137845 0.014587351328904352 0.999875152051905 0.8011811366979065
0.999943995711473 0.004968771039255901 0.009344343472559316 155.63322161114655 -0.00482711862231211 0.9998740176512205 -0.01512110286364461 0.16764913420524105 -0.009418299548211327 0.015075149762647316 0.9998420052654589 0.8232331721759684
0.9999102162759582 0.00566171185825913 0.012145139184067755 156.95033373052854 -0.005352143221996855 0.9996637537091172 -0.02537191524360595 0.1741098903282645 -0.012284703899466327 0.025304634734205092 0.9996043024672667 0.8057305699174351
0.9999024675413483 0.005511381778779952 0.012832773496457645 158.30271579757294 -0.0051702318263887725 0.9996363073683925 -0.02646737035948197 0.14376099050991478 -0.012973978094025366 0.026398440517824542 0.9995673055030574 0.811796586132241
0.9998967696374506 0.00523598284174807 0.013380379376989599 159.63707782932494 -0.004862008960995007 0.9996008260112116 -0.02783072953709025 0.11875233469212858 -0.01352075949991172 0.027762801036357684 0.9995230942510339 0.8243886109056333
0.9998955133189585 0.006417694070696855 0.012952823917244529 161.00163416139813 -0.0060617800979379825 0.999608020585173 -0.027332398428176266 0.13075967781694597 -0.013123157648235522 0.02725102538634596 0.9995424775109522 0.8057427075100484
0.9998951216424776 0.007555090490392054 0.01235582143189513 162.33994651449422 -0.007241280172905671 0.9996549847740522 -0.02524827276957727 0.12910297050460098 -0.012542311470872291 0.02515615280744417 0.9996048511281326 0.7997091472173041
0.9998954246040889 0.009056034021166323 0.011275109915922892 163.69388403091986 -0.00879550877952063 0.9996980313032512 -0.022945266041452094 0.15283126762955104 -0.011479498295571983 0.022843696202915965 0.9996731399125771 0.8041162356635617
0.9998988623244146 0.009741585143856514 0.010361787549755058 165.0486548558544 -0.0095139584300914 0.999717193833274 -0.02179488355359291 0.16027012338719707 -0.010571173886175445 0.021694097653720837 0.9997087657961488 0.7863521938759171
0.9998839771443744 0.010123413712241446 0.011381948196991358 166.3983152745423 -0.009871661988858891 0.9997100842606832 -0.021961277674023345 0.16060739014345501 -0.01160097149060851 0.02184637091849902 0.9996940299602501 0.7907230451166525
0.9998896241565148 0.009735442977569298 0.011223219421090534 167.7209954163676 -0.009485110998281844 0.9997097442111353 -0.022146331494326835 0.13481887133696938 -0.01143556616410923 0.02203743359234093 0.9996917421621374 0.7771972961258029
0.99990984437583 0.00963001800762217 0.009357663889901746 169.10274140144267 -0.00943830070713033 0.999748969883561 -0.02032032717552861 0.14220412170241453 -0.009550999951066981 0.020230174738039616 0.9997497278969387 0.7736124341929577
0.9999405803450013 0.008210600740697769 0.007170900555647921 170.53128094590707 -0.008090840252264022 0.9998299191891539 -0.016573201206237644 0.1268788792960251 -0.007305756861166587 0.01651419782147913 0.9998369402992663 0.7943183504863021
0.9999539105994009 0.00795892468188544 0.005369561888398901 171.87255175584357 -0.007900193079475147 0.999909691070081 -0.010871828431429429 0.12400851753253321 -0.005455605032650752 0.010828906779703065 0.9999264828734582 0.7898860055148103
0.999946784243691 0.00817350220676779 0.006294643943639507 173.23622423263495 -0.008116415458997429 0.9999261815245768 -0.009041863844144644 0.11138296805122501 -0.0063680829767036665 0.008990292729108696 0.999939309236239 0.7871381391593982
0.9999243957706935 0.008972776930667599 0.008407854468650205 174.62142172242656 -0.008934082093427744 0.9999493781258616 -0.0046285378739292435 0.11523743794779577 -0.008448959685157433 0.004553071474837955 0.9999539412494874 0.7998811489201479
0.9998953249096585 0.008970732418873039 0.011351880182486136 175.9899213806314 -0.008947970371171093 0.9999578558700731 -0.0020543393007532323 0.11974717994798557 -0.011369830695537443 0.0019525479750713635 0.999933455039064 0.8183834434409442
0.9998946686907946 0.008067191134046003 0.012065320175322095 177.42384791051907 -0.008000707158438702 0.9999526003438151 -0.0055484908405217335 0.10970674555442694 -0.012109509019410016 0.005451375317221833 0.9999118172611321 0.8066806384324579
0.999904671671672 0.006903195288296126 0.011957987455152278 178.81416554008388 -0.006811105606638105 0.9999469668669723 -0.007724784395531938 0.11300941837477609 -0.012010678980855165 0.007642600889348922 0.999898661986336 0.8022319635125956
0.9999535750912025 0.004954854803760005 0.008264204510816832 180.1510856772919 -0.004874609451684576 0.9999410526378056 -0.00970203237939767 0.10449681575045769 -0.008311789519501577 0.009661297194010224 0.9999187834476921 0.8013168497763427
0.9999846410996162 0.0032820073845476134 0.00446609363983058 181.57009679056665 -0.0032501204798232155 0.9999693108457289 -0.007128399791310129 0.11829028690420947 -0.0044893520399489645 0.007113774964524216 0.9999646193361121 0.8200625288748797
0.999989662310617 0.001960128420062409 0.004102824450888554 182.9612209159016 -0.001945650150147646 0.9999918771773786 -0.003529876025540267 0.11087133756812863 -0.004109710134690251 0.0035218568737694542 0.9999853532961218 0.8338690790108334
0.9999825962339113 0.0017870806769483014 0.005622594769349971 184.28995056304782 -0.0017873290350850957 0.9999984019599395 3.9146998118568456e-05 0.12138698120566935 -0.0056225158253743876 -4.9195743697146915e-05 0.9999841923228447 0.8344656960719593
0.9999631669467014 0.002831956580808829 0.00810214612605823 185.74267964874338 -0.0028495282115887023 0.9999936115029682 0.002158041292955138 0.14003470609705182 -0.008095982886280509 -0.002181049099665791 0.9999648484251484 0.8354032580873689
0.9999404042985186 0.003019900197932414 0.010491332332447737 187.11679137441635 -0.003067119685873185 0.9999852268264701 0.004487639206282465 0.15590876783729152 -0.010477625119647328 -0.004519549934203859 0.9999348944007527 0.8500321856135659
0.9999345837748159 0.003296289675941966 0.01095274602361155 188.5665873400116 -0.0033167661007790384 0.9999927847642384 0.0018518860916126566 0.15560869407781858 -0.01094656264396195 -0.0018880926449366298 0.9999383020329033 0.8360197262050068
0.9999337780094579 0.00249251864492177 0.011235076614633596 189.96574233396973 -0.0025089812342921 0.9999957991754305 0.0014514284887996954 0.11733117903435913 -0.011231411705477609 -0.0014795209687079873 0.9999358311455816 0.8336043161293248
0.9999205032704059 0.0033596575431596646 0.012153182326070832 191.33576031957801 -0.003329608343108693 0.9999913519675983 -0.0024919266234341864 0.15059479252500485 -0.012161449245033713 0.002451263186149029 0.9999230422692801 0.8337879945239154
0.9999199530908359 0.0037603343271899944 0.012080864893219311 192.78804789235957 -0.003708650590040826 0.9999838876836322 -0.004297706822206428 0.15381893228692603 -0.0120968310569939 0.004252559097344376 0.9999177878303306 0.8299072828505576
0.9999089233150514 0.004039482059794279 0.012877408886231716 194.14388700116575 -0.003960038103108622 0.9999730081185835 -0.006188790874911617 0.14088582311733772 -0.012902060810449131 0.006137232190496102 0.9998979303948395 0.8384059447751905
0.9998862908157448 0.004641071175849981 0.014348027637021749 195.6070856185328 -0.004481956654160317 0.9999283264810168 -0.011101980247838223 0.145066023981474 -0.014398524343913631 0.011036410612778796 0.9998354265265379 0.833551297450503
0.9998737310550452 0.005061402978602243 0.01506333780910777 197.0204480925196 -0.0048393031299080475 0.9998795831433853 -0.01474450264427397 0.133455782181428 -0.015136151798920406 0.014669744813674716 0.999777823066616 0.8364292908466491
0.9999078901472574 0.005162470802185902 0.012552295267267874 198.43488190414735 -0.0050162000829178524 0.999919477482697 -0.01165659845144526 0.1346228469680094 -0.012611461374013417 0.01159255993931794 0.9998532710333377 0.8538225866477615
0.9999624768856403 0.005250774422495293 0.006890151573032046 199.8661366025847 -0.005207944631105607 0.9999670977922939 -0.00621937662281822 0.14468994814651734 -0.006922581415528821 0.0061832597245456795 0.9999569216549903 0.8451838950114258
0.9999604044169531 0.00647109861501764 0.006108558013019292 201.33460103104653 -0.006499703787609638 0.9999679503588695 0.004674623595023133 0.14309920788889405 -0.006078112285655666 -0.004714142318230417 0.9999704162690247 0.8396266073708755
0.9999287196766103 0.0075349079814193125 0.009261788574904157 202.76302861407967 -0.007636608333964606 0.9999103946732115 0.010994764100053912 0.16348089189806217 -0.00917811413354094 -0.011064709041531798 0.9998966618780052 0.832861009967438
0.9999001303430282 0.00812650825394773 0.011562404749608606 204.17872772895322 -0.008263079317999423 0.999896078128376 0.011813317217321647 0.12601740250277985 -0.011465202142993486 -0.011907678492936285 0.9998633688323266 0.8312276063963393
0.9998915765049688 0.008391010675832453 0.012100668338816102 205.6423780965167 -0.00850922887933383 0.999916248177622 0.009751392427097836 0.16093943838229685 -0.012017830847830726 -0.009853302503537364 0.9998792347936258 0.8264946713089992
0.9998958385679091 0.007175444430391878 0.012522979350149399 207.0984144236673 -0.007266556307531548 0.9999473499919502 0.007245302167989782 0.15040053595182273 -0.012470331752098 -0.00733554642152595 0.9998953348149447 0.8349118444930997
0.9999108038696704 0.005687145394119476 0.012084729288467237 208.5424709303734 -0.00576583251149254 0.9999623398543431 0.00648645114654186 0.11923234791346815 -0.012047384785039774 -0.006555551105224047 0.9999059382109639 0.8376687363785955
0.9999197329653913 0.005277887229089578 0.011518312932781166 210.04337902718572 -0.005349068556665555 0.9999667338856794 0.006157807043346629 0.13750191397527176 -0.011485429552113086 -0.006218925019970141 0.9999147013018658 0.8262981615016696
0.9999181497497163 0.005452567145197864 0.011574252141328777 211.4985645956173 -0.005537593869767354 0.9999578248768974 0.0073269039571932535 0.15044794082885685 -0.011533813560026881 -0.0073903977559755165 0.9999061721810557 0.8364201736567393
0.9999142779360032 0.004899550748409936 0.01214212428635229 212.93411034676384 -0.004999848668132574 0.999953519685645 0.008243784421365693 0.13456137264929469 -0.012101169076467092 -0.00830378653109137 0.9998922986183206 0.8230362719469162
0.9999174900379185 0.004436078186867008 0.012055468742000766 214.3749290407631 -0.004534183558329115 0.9999567303590533 0.008122720547384018 0.14502918747947216 -0.012018914082758589 -0.008176712050177585 0.9998943379599265 0.8338267323620513
0.9999243204082892 0.0043018018792773585 0.011525968792799955 215.8304256162819 -0.004402220250726115 0.9999524536660922 0.008701198999321159 0.14944063398735818 -0.011487989941031876 -0.008751280349362395 0.999895715152016 0.8363151458142011
0.9999298091313118 0.004028299197341508 0.011142244665915653 217.31547840521998 -0.004120922536109685 0.9999570433336588 0.008302378265224805 0.14641733390731218 -0.011108321568527414 -0.00834771184122881 0.9999034557890807 0.8326872791341122
0.9999324237337874 0.003196789812719102 0.011177141887201637 218.80031081666024 -0.0033021615000022823 0.9999501622534296 0.009421716338743747 0.12707415698690747 -0.011146465596826855 -0.00945798838195224 0.999893145671309 0.8424016318003532
0.9999386682873572 0.003346020792710948 0.0105576421876039 220.27479391844875 -0.0034451015843292494 0.999950066956905 0.00938055797672581 0.14271345459979 -0.010525727470364211 -0.009416354800866847 0.9999002656882754 0.8320361941938299
0.9999374241652211 0.0033359161907097206 0.010677987497249089 221.76695722551938 -0.003427122842736804 0.9999577060751407 0.008534687455524239 0.14206277828514616 -0.0106490648811827 -0.008570748165198412 0.999906565481518 0.8398727545722359
0.9999402169424755 0.0028570281870126577 0.010554616571617043 223.25847332779537 -0.0029716232283904975 0.9999366383541837 0.010857657773346392 0.14167802251365968 -0.010522927179436715 -0.010888373013138119 0.9998853490959367 0.8472805754673529
0.999944648751128 0.0022475000038238435 0.010278529939443707 224.74881943681646 -0.0023537375276713028 0.9999438173368697 0.010335477222644112 0.1337516280067415 -0.010254723479161232 -0.010359098102719913 0.9998937592228807 0.838925990307203
0.9999416847699661 0.001787201273969067 0.010650491585280414 226.20730853198043 -0.0019181714351083348 0.9999225172347808 0.012299599392063796 0.14542676544166994 -0.010627684496038636 -0.012319311606824668 0.9998676346816046 0.8567251417564096
0.9999414194431635 0.001777525988941328 0.01067698849628581 227.69987846159705 -0.0018946403153558425 0.9999380462608091 0.010968772866253461 0.15112624483043924 -0.010656829738088607 -0.010988359362282797 0.9998828371056575 0.8584388042234937
0.9999427682527275 0.002143562075965102 0.010481667839543239 229.20228831026208 -0.002243200782860436 0.9999523246421661 0.009503498985939924 0.15452527015189327 -0.01046079678226306 -0.009526467569591104 0.9998999040635645 0.8589741553333615
0.9999391585731631 0.001892427061966798 0.010867284472652318 230.70716587603718 -0.001996667650064179 0.9999520279589527 0.009589322138347746 0.15358416047204873 -0.010848616054114997 -0.00961043706565704 0.999894967998698 0.8649163353947772
0.9999261612060025 0.003120103901104921 0.011744662084272632 232.19511858748683 -0.003212032705462887 0.9999642913534516 0.007816576225470788 0.1946537422097134 -0.011719854168311058 -0.007853723297638403 0.9999004770719122 0.8673113181030461
0.999929586919626 0.0025317106655974248 0.011593603574895504 233.70670382833316 -0.0026412316531575926 0.9999519433598966 0.009441126316308151 0.1585570210771227 -0.011569144225070754 -0.009471082930258194 0.9998882204976852 0.8763776014893576
0.9999303834124064 0.0025687930930670846 0.011516493857196707 235.16303290017694 -0.0026681400198294083 0.9999592922965754 0.008619441894138732 0.15142525363628567 -0.011493883484376523 -0.008649569456155607 0.9998965324425676 0.8672099383247192
0.9999308069702593 0.0032708626267251746 0.011299678291143847 236.70858105746962 -0.003369862884566226 0.9999560097529312 0.008753432648684984 0.18318506591750078 -0.011270549939797881 -0.008790905338640253 0.9998978421255752 0.8653235648377414
0.9999222556847029 0.0031990377659773046 0.012051918676599223 238.19315326847402 -0.0033262031942295238 0.9999388547153636 0.010546241171034306 0.176278495378954 -0.012017443934806084 -0.010585508391134205 0.9998717558034005 0.8754361066313624
0.9998966084255893 0.0037785397479723425 0.013874260210075246 239.70580122628758 -0.003943825148490279 0.9999213540222825 0.011905125511449559 0.18345883246942582 -0.013828185065366306 -0.011958612278112565 0.9998328724792857 0.8699335485520229
0.9998771465414137 0.0047920125290130625 0.014924089256041422 241.2417247945959 -0.00494586707155798 0.9999348316899931 0.010289352361341167 0.1826779841187616 -0.014873809972935236 -0.01036190084044141 0.9998356868945326 0.8697590884402392
0.9998974315274379 0.0049460283809620535 0.013441102190200269 242.7227920793931 -0.0051136072016290425 0.9999092706167856 0.012462004493465241 0.17842577627900685 -0.013378245259380476 -0.012529458801656923 0.9998320034965461 0.8773187467150602
0.9999033910232547 0.005862347350818808 0.012603233860196615 244.27297056117672 -0.006010670977302721 0.9999127455830037 0.011763207685908503 0.16616107510089928 -0.01253317416295926 -0.011837825146434366 0.9998513816768987 0.8705796877678396
0.9999010215680099 0.005807802418976386 0.012814698526004304 245.76451488829005 -0.005966821251477245 0.9999052401541412 0.01240595649041716 0.16569712822949265 -0.012741432863032491 -0.012481191583792638 0.99984092522023 0.8598460641800815
0.9998879901318195 0.0058407054798733414 0.013780179594177905 247.2778472954367 -0.00601346476694411 0.9999034284506098 0.012528847281902173 0.16659019807106973 -0.013705671513907714 -0.012610310551841423 0.999826552276013 0.8540566184286265
0.9998753457227645 0.005873653125452846 0.014655825283632986 248.8427277794337 -0.006065500411037776 0.9998960530829683 0.013080242118013476 0.1705506433259677 -0.014577473050780044 -0.013167506524168161 0.9998070384086071 0.8602815403622999
0.9998855980887235 0.005431630044492438 0.014116944776236963 250.33217644456218 -0.0056147195238154994 0.9999002209239297 0.01296237327595663 0.16761601200572346 -0.014045129384396646 -0.013040153041130945 0.9998163275068273 0.8486678362063392
0.9998717399502146 0.005725354933541591 0.014957404848947295 251.89042938622362 -0.005943070724635217 0.9998764512534151 0.014552049314070609 0.18425155232960808 -0.01487224123299259 -0.014639075782375404 0.9997822332392917 0.8513442802466952
0.9998733318968891 0.005229928710892278 0.015032232272438726 253.41846307601452 -0.005473255802348973 0.9998539250929006 0.01619172465311184 0.1569465035391879 -0.014945354874863863 -0.01627194893057132 0.9997559002304839 0.8478258558199865
0.9998825651478129 0.005346935114261557 0.014361970558164443 254.96014933562017 -0.005585635099538516 0.9998460782270387 0.01663191313545618 0.1375177879373176 -0.014270830177831593 -0.01671018069604375 0.9997585274790813 0.8294865626668763
0.999861931640306 0.006178100011634752 0.015425587079984433 256.4803087130883 -0.006418152341529734 0.999858317272367 0.015561256433580205 0.18345224722860523 -0.015327262542178246 -0.015658111684266514 0.9997599204616306 0.8361202788843278
0.9998586745026925 0.005461493572665717 0.015899783321625942 258.0355326493158 -0.0056807551360557075 0.9998889433931003 0.01377787724264953 0.12802859609289463 -0.015822769757634095 -0.013866252853062871 0.9997786589985864 0.8180495628458972
0.9998414133243397 0.005687042946253628 0.016876188672631336 259.5498401440427 -0.0058895700998479366 0.9999109470705981 0.011975428694563904 0.13092506499931453 -0.016806581021307117 -0.01207292304734335 0.9997858687556387 0.8300497061365628
0.9998491562255346 0.005575369187282544 0.016449317721781227 261.10842315499485 -0.005749554067868434 0.9999277016986201 0.010560966041805848 0.14101186643554448 -0.016389247179393662 -0.01065394922744703 0.9998089247164939 0.8168290333048335
0.9998675546697221 0.005469940176703824 0.015328172534701836 262.6366981363606 -0.005646401202905849 0.9999180149756459 0.011492670734858278 0.11144719800923909 -0.015264051632713044 -0.011577697596125314 0.9998164659806952 0.8289644689490238
0.99983706479363 0.006619540484022377 0.016793616306171922 264.15495090699926 -0.006788009009425095 0.9999270126787378 0.009994611001095347 0.11574876600778096 -0.016726230852959625 -0.01010697774587642 0.9998090228650159 0.8173872234032074
0.9997852677905538 0.007089903675868171 0.01947181488299409 265.70429227147804 -0.007213141431155649 0.9999543521971422 0.0062661082569532445 0.13134819288638955 -0.019426499933462668 -0.006405215676354918 0.9997907702676969 0.8142051088816786
0.9998025686819575 0.007042503845051727 0.01858027977593861 267.28970978610135 -0.007205615622300987 0.9999359619101246 0.00872646448326304 0.10063565221893775 -0.018517633770635318 -0.008858623960098485 0.9997892888109324 0.8258466691204962
0.9998158109840004 0.007409893969249447 0.017704168372732743 268.7786586825707 -0.007547565084609331 0.9999417002030381 0.007722075909435722 0.1386180855212941 -0.017645916459599818 -0.007854276950934571 0.9998134485822237 0.8159175878234823
0.9998198675405257 0.0080724136375496 0.01717756121543338 270.37380044026236 -0.008195520596188773 0.9999411499976579 0.007108444521756533 0.11534438977018181 -0.017119168011416427 -0.00724794311689517 0.9998271857712067 0.7870512057733604
0.9998025574102666 0.009093084869723109 0.017668106956958946 271.86779828937523 -0.009256268230937578 0.9999150547216519 0.00917631949274177 0.10853935995043815 -0.017583165082756404 -0.009338048433583409 0.9998017969363351 0.7859267994082698
0.9998027352111523 0.010061041339631241 0.017125014203225826 273.41128307194936 -0.01025085452819162 0.9998865953353263 0.011032517852754088 0.11535018563417605 -0.017012073528535798 -0.01120588755483989 0.9997924871884004 0.7797462084315652
0.9998009373472748 0.010582643060304552 0.016914294113824415 274.9933785589685 -0.010777107823818164 0.9998763959486776 0.011447566188363224 0.08264196660735516 -0.01679105793166603 -0.011627574576898978 0.9997914081862247 0.7635102932985878
0.9998002144065506 0.011036959449547669 0.016664837194655027 276.51822255242894 -0.011246495149811376 0.9998582151298296 0.012532596867228412 0.05577947794345356 -0.016524152609455847 -0.012717514045607918 0.9997825849738728 0.7585166365026552
0.9997982515875137 0.011780765333790001 0.016268672063230863 278.09939234462564 -0.012001059198098893 0.9998367084178439 0.013510406296445605 0.032551856074035976 -0.0161068525998875 -0.013702921889928542 0.9997763746113448 0.7631019111413961
0.9997829376374489 0.013733054590760352 0.015667827566076854 279.5866503847723 -0.013930085077475913 0.9998243799323108 0.012536427828717691 0.05202645435781287 -0.015492912533394248 -0.01275196081304991 0.9997986583090892 0.7486466965030142
0.9997636602852396 0.014935686705544668 0.01579711479017145 281.12589670847467 -0.01512308562771689 0.9998158831244429 0.011810678777575115 0.04962317635630607 -0.01561780567675178 -0.012046788564764332 0.9998054605927691 0.7330551282308699
0.9997397520506954 0.015166339830685441 0.01704142909953166 282.7258763608587 -0.015351517603789552 0.9998239533968817 0.010788564366529184 -0.024195606566548806 -0.016874805980358402 -0.011047368463592045 0.9997965775962403 0.7368850245822843
0.9997288209480392 0.015299404639097427 0.017555989961622956 284.22181857446265 -0.015493037878086646 0.9998200485550776 0.010946976049588534 -0.017347727870258272 -0.017385348519705156 -0.011216003076464302 0.9997859525577648 0.7421477208797849
0.9997554536407093 0.01561184702672504 0.01566215655884508 285.815170163563 -0.015753234272371967 0.9998358985209844 0.00894492250919917 -0.01971384083117698 -0.015519939613909675 -0.009189464682447461 0.9998373293757493 0.7340671114661655
0.999773521561462 0.015977435762952248 0.014057991714087167 287.33524492468507 -0.01612857756121909 0.9998126245161203 0.010704431046959976 -0.045920962830179754 -0.01388432823165561 -0.010928742133846656 0.9998438818260216 0.7443687469783675
0.9997913720147746 0.015031649453118665 0.013829749077011127 288.8800009624719 -0.015165117669912145 0.9998389446136827 0.009597084966536778 -0.07791522729096115 -0.01368326170444208 -0.009804812518134405 0.9998583069618475 0.7306645930657748
0.9998084984407036 0.013911157940749158 0.013763943130261556 290.41975577201896 -0.014038878726570206 0.99985887919021 0.009226678091152525 -0.1077594704833619 -0.013633646975266636 -0.009418141496316094 0.9998627017150451 0.7348551454845992
0.9998354476540543 0.01265502207938906 0.0129972316508949 291.971516542441 -0.012772544837874522 0.999877930024618 0.008999285974435077 -0.12432092244093618 -0.012881758916442028 -0.009163812844845446 0.9998750346025065 0.7291226590509653
0.9998205541866828 0.013869010928975377 0.012903873902301247 293.55850805664187 -0.01398401935720734 0.9998629149770367 0.008865577039329163 -0.07169241372927179 -0.012779148189600907 -0.009044434171079557 0.999877438280349 0.7156882389046029
0.9998281352584414 0.012875792762128949 0.013338437178865913 295.07834797275365 -0.013001264133359124 0.9998716411464313 0.009363138473642025 -0.13819961135116152 -0.013216167241771505 -0.009534945825156727 0.9998672000478608 0.7202618751140919
0.99984124414095 0.01141134907487638 0.013684576243653906 296.69668970731186 -0.011544921731789252 0.9998860935340356 0.00972186913368087 -0.1494066879584257 -0.013572077839591076 -0.009878313091660668 0.9998590988902282 0.7202516550109641
0.9998321661483227 0.011096254703897988 0.014577814194830074 298.27822891196564 -0.011240706670478553 0.999888160421849 0.009864743370142662 -0.17327182604207483 -0.014466722113216472 -0.010026952665527868 0.9998450750849064 0.712554905085385
0.9998344785128371 0.009045871422608874 0.01578568298074501 299.81496047268723 -0.009190286981715956 0.9999163600942754 0.009100079175960963 -0.20032953311432738 -0.0157020445215474 -0.009243647874117893 0.9998339866056877 0.7071163022697751
0.9998137522903645 0.010481431163940812 0.01620494775731054 301.42227566576804 -0.010623646769416335 0.999905588769162 0.008715025961756776 -0.20323361085419414 -0.016112071883537 -0.008885558449022498 0.9998307096657257 0.6899060450238989
0.9998091485612831 0.010838561623038104 0.016253985206888723 302.99822334325114 -0.010999839793595144 0.9998908266431066 0.00986601842082991 -0.21567464065238984 -0.0161452772561326 -0.010042926710303128 0.9998192184817284 0.6849096892871627
0.9997994995910465 0.011462485927518895 0.016418648965558807 304.6030617326528 -0.011626037802728776 0.9998833981227357 0.009900777926014846 -0.23957269758554564 -0.01630324699261885 -0.010089676649535043 0.999816184387213 0.6798038070749699
0.9998049869271703 0.012281908424493594 0.015464243952201178 306.1903527305096 -0.012382526731232416 0.9999026743755779 0.006427659629873541 -0.23699581876914244 -0.01538379495804439 -0.006617892566334446 0.999859761341894 0.6741733852903448
0.9998320164254766 0.012326867438785586 0.01356419071350182 307.80880078947325 -0.012378836589973184 0.9999163321395654 0.003754081144151556 -0.2820040897021009 -0.013516779766067894 -0.003921359420499581 0.9999009548975593 0.6647943750547516
0.9998452743709327 0.012138449670735327 0.012731274787115785 309.40593922264765 -0.012175358211912712 0.9999218854004522 0.0028255529752991833 -0.27810051372945055 -0.012695982456101394 -0.002980123620865045 0.9999149618305941 0.6608049749956181
0.9998639817645912 0.010395306297925597 0.012804513923987257 311.00203876374707 -0.01044797997768567 0.9999372017343732 0.004053677591685338 -0.30528345606529356 -0.012761570602522029 -0.004186907522714217 0.9999098019927363 0.6745557192343722
0.9998831860175796 0.007919399929734183 0.013072774154215955 312.6381775258259 -0.007984052973999121 0.999956117240186 0.004900866458058894 -0.307923126184572 -0.013033388563324056 -0.005004667689695005 0.9999025372924468 0.6591265018257615
0.9998619834648074 0.007579646391750745 0.014783875756962767 314.2444647055629 -0.007667114626756741 0.9999533852789477 0.005868783730250749 -0.3180681906307018 -0.014738703305293324 -0.005981323411110868 0.9998734891950732 0.6301537147667791
0.9997919780937292 0.007668986077634583 0.018899396603307753 315.8814465705481 -0.007793168746748642 0.9999484688660055 0.006505853780703227 -0.3168236476799378 -0.018848529393901633 -0.006651786607539151 0.999800223381959 0.6027113999720403
0.9997765469027777 0.007906659540548413 0.019604616753909402 317.48498136650954 -0.008013752719002648 0.9999533621010521 0.0053901196796614925 -0.3068088225431139 -0.019561084594584426 -0.005546021791541319 0.999793281439604 0.5965918760307952
0.9997974900282435 0.008279556618810703 0.01834197032546433 319.1314267659504 -0.00836341462343575 0.9999549009097133 0.004499938053152753 -0.3312088763070999 -0.018303885627396363 -0.004652428273667316 0.9998216454358735 0.5901948920037252
0.9997832507338823 0.009026987531453538 0.018760731544854446 320.7440617343183 -0.009100339478969148 0.9999512632533516 0.003828177032688102 -0.3222303643068879 -0.018725260301491936 -0.003998076304057679 0.9998166732018967 0.5780385216737526
0.999780041751549 0.009303735947430043 0.018796505331881767 322.37172004096317 -0.009374780225534195 0.9999492286528293 0.003695079476081898 -0.3273464537848039 -0.018761172964233734 -0.003870479819366925 0.9998165020517384 0.5611492646505026
0.9997689195989446 0.009953074021572673 0.01905370623999686 323.98641166623145 -0.010020649997872104 0.9999438251986922 0.0034544204474238147 -0.3311726298482482 -0.019018253799419804 -0.0036445527199546906 0.9998124940497055 0.564635411741427
0.9997774745216915 0.0099624500657405 0.018594381616927426 325.639556819232 -0.010049175346130935 0.9999390331814513 0.004576460969690077 -0.3703301322872736 -0.018547655212749013 -0.004762300791845214 0.999816635677401 0.5521383435144163
0.99978034557972 0.010626800714167882 0.01806465330631149 327.2418891771236 -0.010721115692952135 0.9999293567941683 0.005132163237793929 -0.37526883467919975 -0.018008838685329077 -0.0053247091735031836 0.9998236490508832 0.5440057088032043
0.9997540490341504 0.011345859120289872 0.019055522051204254 328.8739763167484 -0.011437089048390558 0.9999236168832795 0.0046854448198424305 -0.39529517200472114 -0.019000906134197425 -0.004902232132726749 0.9998074483050206 0.5386239538183683
0.9997393617435564 0.011138720846920127 0.01992830847013914 330.5130611008387 -0.011224626679733589 0.999928164106474 0.0042040911689386175 -0.41285339368003193 -0.01988004870434792 -0.0044266832448823 0.999792572556409 0.5223618757756373
0.9997537136534812 0.011320759213735267 0.019088018412027945 332.11371409843593 -0.011399113678389496 0.9999270230186673 0.00400110539386913 -0.40709889605623917 -0.01904132987531184 -0.004217706468013535 0.9998098012665856 0.5125979816451377
0.9997438370022758 0.011312663424441616 0.019603163576634795 333.7540462136103 -0.011399262974675034 0.9999257309910791 0.004311531698868676 -0.4316251134679446 -0.019552932762151132 -0.004533888860729542 0.999798543043646 0.5177599167070408
0.9997742743146718 0.01120033803742099 0.018054164240385223 335.3380157812552 -0.011318506370928582 0.9999150997448489 0.006456370170630014 -0.43212881753057486 -0.017980317908828897 -0.006659258975025107 0.9998161643211221 0.5033859830876359
0.9998332173913089 0.010533925029826086 0.014918908284778785 336.9828015405136 -0.010654806627336222 0.999910861278005 0.008046402550979955 -0.4509818254965717 -0.014832818231128895 -0.008204018633837207 0.9998563304703222 0.5083163224031612
0.9998299037605242 0.009719090148766084 0.01567491093758617 338.5559208247888 -0.00986296884629409 0.9999096977528046 0.009127879569333436 -0.4462788403121818 -0.015584780773502482 -0.009280928109590152 0.9998354759567529 0.4995593033612857
0.9997798083783118 0.009335251156893107 0.018793292549836353 340.15218273471675 -0.009514043792923817 0.9999101162625456 0.009446817799084373 -0.4254309776431626 -0.018703414921675033 -0.009623537897285771 0.9997787604208279 0.490348174514984
0.9997289819801893 0.00838500113636576 0.021717604490309638 341.76340217523455 -0.00861211488104672 0.999908984832213 0.010385255369461837 -0.44572446684511074 -0.021628547480818633 -0.01056947528292806 0.999710204072217 0.473526992602593
0.9997615014498011 0.006854705775687445 0.020735313539180275 343.3639513900469 -0.00708051223614393 0.9999162180144208 0.010836203127065385 -0.4492144254020739 -0.020659297309278738 -0.010980435349564365 0.999726274274224 0.4604245151272283
0.9997982467354553 0.0052052866448164935 0.01940027875199495 344.96474757084184 -0.005412043594038369 0.9999289580417692 0.010620200263572766 -0.4479784922257385 -0.019343619331604927 -0.010723052757841762 0.9997553903484124 0.4568814860563486
0.9997879692566852 0.003077319320290149 0.02036041835018018 346.5553153942766 -0.003285230700920519 0.999942724769649 0.010185992317490471 -0.46837845417455826 -0.020327906651574187 -0.010250721245415593 0.9997408158743514 0.4356585381934125
0.999750418253283 0.001954472114543554 0.02225491498835784 348.17460122826503 -0.002108043732574638 0.9999741160237545 0.006879203015784451 -0.46633063391723845 -0.0222408937322023 -0.0069244004263399415 0.9997286608498972 0.464598572759421
0.9997689767869997 0.0022758517391982306 0.021373197073365366 349.7917605400946 -0.002425597202075946 0.9999726772960741 0.00698291769497994 -0.4452113340119669 -0.021356721014448986 -0.007033147245918502 0.9997471806948636 0.43864557485309635
0.999783893926473 0.0014186563223505873 0.02074012679464798 351.37767855223603 -0.0015582031146592007 0.9999762485892828 0.006713736691169008 -0.45876751018543294 -0.020730109702374627 -0.006744603142063832 0.9997623582032801 0.42546521058087317
0.999790599993911 0.001788516430265797 0.020385224374387067 352.9792404035444 -0.0019228094480358204 0.9999765682373253 0.006570066980509128 -0.454203669513976 -0.02037299603990487 -0.006607888110470806 0.9997706121141376 0.4090030830603002
0.9997886486216261 0.0018603933116947734 0.02047430155264282 354.55535684913707 -0.001992275599071471 0.9999773886888149 0.006422845867377386 -0.45185547542828974 -0.0204618895823454 -0.006462278841441594 0.9997697485055723 0.4011192460173881
0.9997933752271639 0.0016075333818013598 0.02026382708921964 356.14991884115443 -0.001726794587526863 0.9999812845702185 0.005869300618318174 -0.4664406388632439 -0.020254012746314873 -0.005903079342351452 0.9997774395443968 0.3976919195524043
0.9998091571698531 0.002115823722134061 0.019420930185881514 357.7662532882848 -0.002221220955243909 0.999982914976741 0.005407026177881621 -0.4205949130427877 -0.01940915806458421 -0.005449132462802365 0.9997967751191373 0.37832613815197313
0.9998066465914913 0.0026087821961195204 0.01949009201953986 359.34971977207556 -0.0027044228642483324 0.9999844240203634 0.004882398348500478 -0.4216166828133244 -0.01947705132837752 -0.004934163770622045 0.9997981288737424 0.36163367009211134
0.9998172811633479 0.0028787458471361046 0.01889754241901827 360.9633030069767 -0.0029794557490253146 0.9999814989172223 0.005303269435460917 -0.4254937481392861 -0.018881926029158103 -0.00535860481964201 0.9998073605569306 0.34540569061659204
0.9998242406067522 0.0024987184674214514 0.018580750823145115 362.531461604057 -0.0025908835651731106 0.9999844524615554 0.004937829231067291 -0.4241451803690855 -0.018568123693118718 -0.00498510192313394 0.9998151696895446 0.35310995230750775
0.9998128848169172 0.002824208192670374 0.019136854552370287 364.1095183723991 -0.0029018361059525155 0.9999876695191264 0.004029907805483648 -0.4114709082581806 -0.019125237287111293 -0.004084685764041247 0.9998087520325679 0.32599913088981164
0.9997797835893978 0.0029494431679980494 0.020777033256352672 365.6964257042198 -0.002935033935206211 0.9999954307059605 -0.0007239772094198444 -0.4251731218098127 -0.020779073649612564 0.0006628364800771251 0.99978387201738 0.32865511712416773
0.9997894737278636 0.0028960263826238635 0.020313080863139533 367.2837340284579 -0.0028876529627714746 0.9999957332433317 -0.00044153765184185305 -0.4169724095409716 -0.02031427289685496 0.0003827875684285416 0.9997935705886238 0.3069059715528961
0.9998000999954295 0.0038365389394766935 0.019622462080356846 368.8944960904815 -0.0038443686051158714 0.999992545115035 0.00036130926205227146 -0.41507010657787835 -0.01962092962010625 -0.00043667301350593644 0.9998073956705472 0.30013092997996393
0.9997907721005472 0.0036846021420288443 0.02012053005382284 370.49695294020904 -0.0036971750516468084 0.9999929927181629 0.0005877169469210296 -0.42358391247808735 -0.02011822356047651 -0.0006619831018796561 0.9997973889039437 0.27304622033055764
0.9997782428791062 0.004245975719881543 0.02062611829096944 372.11309553684146 -0.00428256091294288 0.9999893335296117 0.0017298841087873612 -0.41065283167456196 -0.020618553237165344 -0.0018178331026465586 0.9997857624237391 0.27011734103898255
0.9997758601933242 0.004354527151226572 0.020718770909197954 373.6959768744092 -0.004396468504911248 0.9999883768530583 0.0019791976837132243 -0.4298381613884797 -0.020709911621827847 -0.002069843490489784 0.9997833841930666 0.25112080071039683
0.9997826954864196 0.004416029267250616 0.02037303343686931 375.2871009040791 -0.004460245918401706 0.9999877943165532 0.0021254233136587387 -0.41035785557390125 -0.020363398838513916 -0.0022158301888116697 0.9997901890318378 0.24130815482589033
0.9997841724340858 0.005366109928340484 0.02007021211963721 376.91959208372884 -0.005428946784968584 0.9999805270303136 0.003077677205690978 -0.3910045512845809 -0.020053306138795315 -0.0031859730716715462 0.9997938359924462 0.22375362053268613
0.9997787246067321 0.005480997083733418 0.02030912343515384 378.50992702192787 -0.0055464485896944615 0.9999796006457212 0.003167838453237665 -0.4062699758243077 -0.020291346228825856 -0.003279780997572955 0.9997887298348735 0.20049647086832897
0.999772915373857 0.006362026838306686 0.020338198036384033 380.1381944158295 -0.00643698757187771 0.9999727214303263 0.003622373010399194 -0.40323140249211786 -0.020314597605121342 -0.0037524671531729693 0.9997865952864173 0.18336914063321508
0.999767835241816 0.006079513532201869 0.020671602044951883 381.7389187689781 -0.006169817605019441 0.9999716888191429 0.004307541167770349 -0.39581383124824043 -0.020644829052667808 -0.004434081122737666 0.9997770401234383 0.17100993970438275
0.9997769351603149 0.006422174717786897 0.020120526666607786 383.3566478290481 -0.006538798344615861 0.9999621714492086 0.005735833574303283 -0.4070203301669531 -0.0200829290108765 -0.005866118177966985 0.9997811083531566 0.1637350506552148
0.9997786041035899 0.007122113402947907 0.019799451440703764 385.0063374334727 -0.007239930294589114 0.999956472886335 0.0058852138490949986 -0.3929336887168976 -0.019756674467296547 -0.006027257535201111 0.9997866502312369 0.13969987317404942
0.9997778493075834 0.007014498564483832 0.019875835675312353 386.5960452226133 -0.007159621840313366 0.9999481614643069 0.007239765138187583 -0.4084765351695692 -0.01982402201892625 -0.007380460286544647 0.999776243444978 0.13445124689399693
0.9997554804734117 0.007486284850936591 0.020807085391967347 388.22679838625055 -0.007659727104168974 0.9999364776459845 0.008268570228969029 -0.4153631301106284 -0.02074386280487901 -0.00842592499802669 0.9997493165508342 0.12031701575509178
0.9997529721039903 0.0074504554586701625 0.020940044954499207 389.81551413310746 -0.0076442347885652875 0.9999285591497603 0.009189247585163197 -0.41639911387674916 -0.020870084900051652 -0.009347048204781624 0.9997385019324413 0.09474171782976967
0.9997576199663312 0.007373901070246569 0.020744322169286303 391.47482027448325 -0.007592873503035167 0.9999160782471986 0.010496891668915874 -0.43329623429891867 -0.020665178228697498 -0.010651856446097343 0.9997297076525374 0.09165645706194149
0.9997518922500747 0.007823041316688966 0.020855550027571567 393.1330794105155 -0.00803877752836563 0.999914839850032 0.010280617857607794 -0.436183471568628 -0.0207733482675424 -0.010445720283546648 0.99972964091774 0.07294850440429305
