1.0 -2.1684043449710093e-19 -2.5135375298442207e-37 0.0 2.1684043449710093e-19 1.0 2.3183291766350204e-18 -8.673617379884035e-19 -2.51353752984422e-37 -2.3183291766350204e-18 1.0 0.0
0.9999995295397155 -0.00043795438269228005 0.0008655150527340376 1.3229969388795335 0.0004380674950230034 0.9999998955329614 -0.00013050262823914883 -9.86459097629952e-05 -0.000865457808118253 0.00013088172085390113 0.9999996169263053 0.01638626271902344
0.9999991265080042 -0.00038896365970504643 0.0012632064360283822 2.6205887572793536 0.00039036749806347563 0.9999993063425473 -0.0011112729820306668 0.017414738575012374 -0.0012627733149898016 0.001111765126078582 0.9999985846899281 0.02467139262428871
0.99999942015976 -0.0008114536291936542 0.000707971151666384 3.945272693602264 0.0008131175266566 0.9999969008291328 -0.0023531196351864753 0.01441100268563415 -0.000706059510074917 0.002353693934504808 0.9999969807978577 0.05799678738693745
0.9999994478882032 -0.00020206840918091652 0.0010312088279171609 5.246513513534789 0.00020577272744773585 0.9999935226585143 -0.0035933686980193524 0.019290332211175633 -0.0010304760421290303 0.003593578908731193 0.9999930121304615 0.06932095006823348
0.9999971139651416 -0.0006269175415933096 0.00231927484003644 6.578377299135796 0.0006352688496552028 0.9999933115518034 -0.0036018446865994326 0.020418754171119484 -0.002317001268070695 0.003603307654609777 0.9999908237974335 0.07076361864011654
0.9999939338999474 -0.0007025771656648917 0.0034115317137524137 7.906120279960876 0.000719612859301848 0.9999872664627323 -0.0049949043759972105 0.02278191562183912 -0.003407978967126941 0.004997329058498645 0.9999817060234856 0.09949584831521874
0.9999916059724258 -0.00022249398706016213 0.004091268888077515 9.224301085207204 0.00024233951996566026 0.99998820520369 -0.004850847870199131 0.04054046678646156 -0.0040901413479110665 0.004851798628186737 0.9999798651942077 0.11696172686904063
0.9999948301044485 -0.0010074542462703755 0.0030536536013542176 10.549580863752475 0.0010200709346472523 0.9999909391225268 -0.004132932147437397 0.03233976214071788 -0.0030494621925316067 0.004136025723893095 0.9999867969486136 0.1242679056358032
0.9999991323013553 -0.0004983339654649751 0.0012194506122151197 11.872067739941249 0.0005005737878025551 0.9999981871848547 -0.001837131701195461 0.05777039162215753 -0.0012185328964508424 0.001837740532130768 0.9999975689407035 0.1294539548368831
0.9999996356489361 -0.0008369851366315683 0.00016780308669387813 13.226981194142455 0.0008365990685575745 0.9999970331712895 0.002287739193505207 0.06014544592977263 -0.00016971739255231615 -0.002287597976058969 0.9999973690422922 0.1487517687855453
0.9999997834251673 -0.0005612655979473547 0.0003437012470267288 14.56755122303328 0.0005597530980599041 0.9999902290877887 0.004385020572480639 0.0739263296277482 -0.000346159049945642 -0.004384827234957711 0.9999903266852294 0.15833043598250984
0.9999994122674938 -0.000151262060314971 0.0010735848621312837 15.915315101907057 0.00014510728292534285 0.999983568958381 0.005730685572888097 0.08126349257598456 -0.0010744340573205049 -0.0057305264197955695 0.9999830031847584 0.17858892759675332
0.9999916310070599 -0.00014971263399667176 0.0040884596081350415 17.27675004078591 0.0001377259703722618 0.9999956923323563 0.0029319529819893035 0.08120793192710621 -0.004088880946813562 -0.0029313653574286388 0.9999873439947848 0.18903409044724917
0.9999827477341094 7.134936760981052e-05 0.005873597143861052 18.629806007281843 -6.254798500071673e-05 0.9999988750889977 -0.001498635542458568 0.08432443773454848 -0.005873697463285232 0.0014982423059336618 0.9999816273052734 0.2072894609619905
0.9999900652356501 -6.904755570606452e-05 0.004456979070542469 19.962739056244672 8.49456467468314e-05 0.999993634913652 -0.003566919738194583 0.08244029670170362 -0.0044567044143965125 0.003567262902657214 0.999983706077827 0.22244684024552838
0.9999977950147606 0.0005103631801416146 0.002037030937691562 21.307243579636644 -0.0005027622601343305 0.9999929166124318 -0.0037301414278233347 0.0783498470185316 -0.002038920235453424 0.0037291090606383485 0.9999909682341572 0.22627822549196036
0.9999995014876424 0.00010774952888597928 0.0009926804650841705 22.682528024139653 -0.000106519320192909 0.9999992264572617 -0.0012392491729932347 0.10366593288497192 -0.0009928132257179675 0.0012391428155638983 0.9999987394226962 0.27206175847420405
0.9999966603995623 0.0009480746890668871 0.002404234619677185 24.04338748862498 -0.0009493981940398014 0.9999993983970086 0.0005494075811271605 0.09429056392229929 -0.002403712293860797 -0.0005516883223313316 0.9999969588989776 0.24823749598946743
0.9999685633795599 0.0018019689451988462 0.0077217330010619974 25.435738941365887 -0.0018056104605285721 0.9999982619352096 0.00046464763509685873 0.11418012734230774 -0.007720882299580842 -0.00047857547002564207 0.9999700790233854 0.2586613912211735
0.9999624090943998 0.002028080799329954 0.008430141540654003 26.797744942809192 -0.0020124692530510105 0.9999962452828979 -0.0018599429055114328 0.09892504285047721 -0.008433882002351905 0.001842907587923816 0.9999627359686923 0.2632595939363348
0.9999736138427788 0.002019320535825951 0.006978105959821885 28.174008367172995 -0.0019842177790270555 0.9999853623640184 -0.005033680314469854 0.09802390983472552 -0.0069881684308767955 0.005019701413080262 0.999962983364737 0.2999139929790954
0.9999878647041599 0.0017818184093250455 0.0045929911355530265 29.531235754221886 -0.0017598203353041792 0.999986983750967 -0.004789087703402404 0.11033585363749322 -0.004601464636670394 0.0047809467472061 0.9999779842933534 0.2982391531825474
0.9999911724437252 0.0025659400305514785 0.00332730918065146 30.916844706275455 -0.0025501188382412404 0.9999854646810585 -0.004750507395879101 0.11687807809731654 -0.003339450334243819 0.004741980426685498 0.9999831807051047 0.33089500371020625
0.9999948741030443 0.002667554834088622 0.0017708525753119412 32.30303888826137 -0.0026624652898812147 0.9999923365082946 -0.0028702270401536716 0.1183501674500328 -0.0017784954924138126 0.00286549749415036 0.9999943129227757 0.3192257275234002
0.9999946271640417 0.0032776252470380217 -5.306401013939113e-05 33.681449210242356 -0.003277692182858344 0.9999937641049397 -0.0013147186729221376 0.12740446600279917 4.8754524122670484e-05 0.0013148855366456017 0.9999991343491362 0.34034619063135696
0.9999930849301386 0.0037147567430104614 0.00017514064346810178 35.067216036579005 -0.0037147315389410474 0.9999930899909149 -0.00014401394319050738 0.13871649307277245 -0.00017567441001121867 0.0001433623468519878 0.9999999742928692 0.35606588361779073
0.999993740325236 0.003118704155612119 0.0016712255186248249 36.475694487329825 -0.0031159310949410734 0.9999937687620319 -0.0016593403868215755 0.1318585899989739 -0.0016763900965808755 0.0016541225763302893 0.999997226793528 0.36370721659248084
0.9999891746162108 0.0031275520732320663 0.003445151436218777 37.86357933896565 -0.003129830771299742 0.9999948867483244 0.0006562290369859423 0.13355547400776982 -0.0034430814298072824 -0.0006670046740316284 0.9999938501286059 0.39448338172063596
0.9999898620482034 0.0028433234512862055 0.003491606015346339 39.25580146052322 -0.0028534391093516594 0.9999917367161515 0.0028955801947940954 0.13433422561903233 -0.003483344092141809 -0.002905513924700294 0.9999897120984641 0.40107554959062264
0.9999884045966949 0.0030795256740418333 0.003702322754671075 40.6504182742381 -0.0031017002822558374 0.9999771976888665 0.005998629650222179 0.14162752866094028 -0.0036837653991387788 -0.006010043589225272 0.9999751543156158 0.42338180750027904
0.9999855634428324 0.0031854548819053585 0.004327329790570815 42.07949941439116 -0.00322099274923012 0.9999609418504771 0.00823043007479639 0.15149000326420314 -0.004300943109414879 -0.008244249553601056 0.9999567661842523 0.43969266185393174
0.9999860505039232 0.002887740437121626 0.0044226409229030875 43.46261250123853 -0.0029270220888799685 0.9999560980417591 0.008901378027641536 0.1538481914246987 -0.00439674189102945 -0.008914199025576185 0.999950601638139 0.439415287398838
0.9999878432600722 0.002364265570647316 0.004327075268669002 44.89694739125734 -0.002398314863295544 0.9999660708011066 0.007880693650480965 0.1583161535360575 -0.004308296401800933 -0.007890975535869253 0.9999595847269062 0.45668238106616216
0.9999915282072717 0.0014767476704871413 0.0038422298217427276 46.29463442481257 -0.0015059611160638696 0.999969898105522 0.007611502082293084 0.1512252302761865 -0.00383087389537714 -0.007617223847935617 0.9999636504923807 0.47972739852094054
0.9999905760398043 0.0007648546625199896 0.004273503121049448 47.717737426202625 -0.000789543554067873 0.9999829926059084 0.005778504989007947 0.1620238884410726 -0.004269010723414479 -0.005781824649449453 0.9999741726920582 0.4722646753421398
0.9999841664679524 -0.00023404394340954538 0.005622458254810458 49.12383435430956 0.0001913436822734375 0.9999711474132975 0.007593927082114591 0.1693968933452889 -0.0056240733449864425 -0.0075927310215608635 0.9999553591209182 0.501888823644249
0.9999823463152165 -0.0011939347475085542 0.0058207884116228525 50.54984591176877 0.001145539756158431 0.9999648117022493 0.00831042092509395 0.18005344101725532 -0.005830505688295973 -0.008303606271004823 0.9999485263383885 0.5087685320740681
0.9999804646391971 -0.0024514727291029713 0.0057498366441222385 51.99886145146674 0.002402864497454477 0.9999614485271204 0.008445572908340304 0.18168041118914766 -0.0057703190711172365 -0.00843159184268803 0.9999478044762217 0.5225678431447294
0.9999649385600519 -0.0037075024726976606 0.0075084003627073105 53.4068431632241 0.003637226493727789 0.9999496561955901 0.009351772973851704 0.19313630456040862 -0.007542694082692682 -0.009324135334500418 0.9999280815469875 0.5385091430821576
0.9999539313662116 -0.004570091904915215 0.00844093627735763 54.86263773699564 0.0045122206625322885 0.9999662731792809 0.006862387968646951 0.19674587638560104 -0.008472013335117004 -0.006823984460726897 0.9999408273623641 0.5363209508560322
0.9999485382953551 -0.004849632599299451 0.008910770148228397 56.25854664572605 0.004809365096113285 0.9999781523113679 0.004534854718174431 0.2125994522707165 -0.008932567847771071 -0.004491766199889939 0.9999500153847944 0.5371116635549742
0.9999497514191299 -0.005366610535464455 0.00846723852154855 57.68773475514472 0.005338771965973042 0.9999802804963998 0.0033069823460453686 0.2197369414020779 -0.00848481883810692 -0.0032616115192274668 0.9999586840162857 0.5606142647194445
0.9999482150369998 -0.005294496283032901 0.008691119227510603 59.137076488159884 0.005282151501317119 0.999985008589245 0.0014427308427238203 0.23008466865480498 -0.008698627468456562 -0.0013967483224847895 0.9999611907340648 0.5625358353235334
0.9999452938765069 -0.005042667266307146 0.009164101759996117 60.541265560442426 0.005032822751148906 0.9999867335642326 0.0010969916553831736 0.24348682497909893 -0.009169511948940764 -0.001050810343390651 0.9999574070170392 0.5823194420485179
0.999936125397081 -0.004484909156313585 0.010374522433962672 61.99084005449627 0.004492829716853441 0.9999896331777653 -0.0007402824689577217 0.24838170097421303 -0.010371094783509541 0.0007868461463984393 0.9999459091701577 0.5891281278146027
0.9999419029740496 -0.003855669112635408 0.010066006771810994 63.39774354694477 0.003883259344096418 0.9999887531932161 -0.0027228264622681107 0.26554733171276945 -0.010055395243488113 0.002761757189002847 0.9999456293837812 0.5912072709487898
0.9999474785386913 -0.0036841351287419254 0.00956385447749547 64.83953367320798 0.0037174973805448068 0.999987059371968 -0.0034729385007396057 0.2653874579416528 -0.009550935940481588 0.0035083097009025125 0.9999482343530105 0.600049774260897
0.9999525101149855 -0.0028978515497611827 0.009304835900503588 66.29349980120254 0.0029292023470165354 0.9999900736262333 -0.0033574428678125414 0.2795396934730871 -0.009295014166206877 0.003384539170395165 0.9999510726061821 0.6120061892267404
0.9999503396470731 -0.0023543173480342107 0.00968377145165558 67.66777523301177 0.0023695738566825177 0.9999959690342952 -0.0015643001306269299 0.28578256523305856 -0.009680049557769898 0.001587168858596291 0.9999518876103858 0.6166588635615177
0.9999414572784816 -0.0017425581158535524 0.010679209099897126 69.12963531142556 0.0017334718827238763 0.9999981277090549 0.0008600311717534514 0.30270310036140735 -0.010680687759608853 -0.0008414687144836658 0.9999426057726435 0.6251781662782387
0.9999313704973918 -0.000954408985952667 0.011676617605077362 70.493942054413 0.0009125239126850778 0.9999931327836867 0.0035918916432306205 0.328737621913881 -0.011679965552879328 -0.0035809899407098105 0.9999253746733944 0.6274979759634752
0.9999197128192078 -7.241408499938568e-05 0.012671332674722872 71.93439881908466 -2.0351362479199317e-05 0.9999732037752026 0.007320609085262996 0.3430864401894619 -0.012671523246052585 -0.007320279213082216 0.9998929172720783 0.6385537900253431
0.9999199412741336 0.00025342125790409845 0.012650961228267806 73.2984167940555 -0.0004044702719654528 0.9999286506202314 0.011938595922563078 0.34551672307945436 -0.012647033096034389 -0.011942757071513505 0.9998487001078706 0.6361839500286945
0.9999272845187556 0.0010497583491387646 0.012013479194480934 74.70465512873572 -0.0012500584287633368 0.9998601377225721 0.01667760016680639 0.36117155477760826 -0.011994291511902257 -0.016691404998010088 0.999788744670753 0.6570736976763507
0.9999240210586106 0.0015686936687203388 0.012226663901207066 76.13381527089402 -0.0017938481263984275 0.9998286198961908 0.018425877058580186 0.36284961081853956 -0.012195663937596022 -0.018446409858078387 0.9997554679742787 0.6601023986432742
0.9999156173921656 0.0019476119221919336 0.012843866358887136 77.50281010551359 -0.002185448987759492 0.9998259237479081 0.01852959833251078 0.37039277534346354 -0.012805542080143185 -0.018556104371414306 0.9997458122355856 0.659787186853705
0.9999137525583576 0.0020266389840773533 0.012976138836021141 78.9251134256574 -0.0022538018437817096 0.9998440503504811 0.017515574669230434 0.3712615169949248 -0.012938617465264377 -0.01754330964136011 0.9997623840017761 0.6707863585211844
0.9999274049498759 0.001969603490888577 0.011887198673180737 80.29494801714883 -0.0021623215632961905 0.9998660892482979 0.016221218720303122 0.37772382339705957 -0.011853657480452801 -0.016245745086135254 0.9997977628355309 0.6715130488858239
0.9999247518974009 0.0016732799803533907 0.01215280531517202 81.68731522596802 -0.0018741043425950625 0.9998615742615786 0.016532393900184957 0.3881313432391467 -0.012123459730381878 -0.016553925494128426 0.9997894724765313 0.6867057345784039
0.9999223735646057 0.0011929073125149312 0.012402573001957455 83.10154586697912 -0.001384550281427885 0.9998796090645441 0.015454785584168367 0.3873106489695888 -0.012382643717854984 -0.015470757870193974 0.9998036436148243 0.6836169465408419
0.999927102288187 0.0010647713620829241 0.012027317718252096 84.4199628974798 -0.00125633695125519 0.9998723005960705 0.01593123090618403 0.4023555025542218 -0.012008818718516969 -0.015945179919578535 0.9998007499048588 0.6889349002809217
0.9999269397830735 0.00016565892422673928 0.01208667254369418 85.84071487948354 -0.0003609713832061251 0.9998693707674648 0.016158932536966444 0.4030014709691808 -0.012082416799555169 -0.01616211490475645 0.9997963798924695 0.6912939344591296
0.999911089478304 -0.0009652003811247757 0.013299681444878543 87.20512696602336 0.000759677214032042 0.9998803586674448 0.015449635645934814 0.41320378425702986 -0.013313002247481616 -0.015438158545821964 0.9997921920238588 0.7012282808329332
0.9998944623824715 -0.0021112866028592404 0.014373815281583165 88.57991536733729 0.001917651710311795 0.9999074117298402 0.01347184395878106 0.41556884793658744 -0.014400927358556631 -0.0134428582010075 0.999805932596222 0.6973860673166933
0.9998807744490573 -0.0031340347727991857 0.015120010357021211 89.96087963643384 0.0029496535645401304 0.9999212090588473 0.01220144328111227 0.41629809836191545 -0.015157058784696286 -0.012155389764869313 0.9998112372186369 0.699217820249867
0.9998736541722802 -0.004071391229539909 0.015365528485135442 91.33886959390306 0.0039033201131926194 0.9999324024747902 0.01095237750848402 0.4278885464275045 -0.015409081227166955 -0.010891017144896346 0.9998219571310105 0.7125931829639954
0.9998798377951623 -0.00447497647414292 0.01484198626450655 92.71936642219977 0.004322829154436477 0.999937944583105 0.010267430594684287 0.4394259479008558 -0.014887011749222464 -0.010202037466652058 0.9998371343937509 0.7114071983777854
0.9998786030994188 -0.004703958781939464 0.014854354100159879 94.0368783937482 0.0045989556227454915 0.9999642538557664 0.007095112251448275 0.4461478202893765 -0.01488719822985976 -0.00702593641150049 0.9998644945923455 0.7189088397377928
0.9998849159994395 -0.004864185426012069 0.01436991499401187 95.43482291404293 0.004756509822325514 0.9999604281720874 0.007517825763201608 0.46501776556655705 -0.01440591444872127 -0.007448609939922262 0.9998684852713676 0.7125328376747098
0.999892416101518 -0.004775458768146614 0.013869074093913835 96.7640755633909 0.004669141383725853 0.9999595454713591 0.007688077747502072 0.4733148798428801 -0.013905227125348182 -0.00762249396632031 0.9998742632172937 0.7120579638424099
0.9998999958586665 -0.0046097775333162495 0.013369675872358842 98.11055972542529 0.004497093767906237 0.9999542181988199 0.008446162088769459 0.48487695395397057 -0.013407998712755765 -0.008385192751537698 0.9998749492376726 0.7174474094738491
0.9999016350970845 -0.004167513698179413 0.013392235054408584 99.49270013103944 0.004020090721443491 0.9999312384864719 0.011016223014346408 0.5086708215326087 -0.013437224444371206 -0.010961301404757488 0.9998496341304255 0.7161925747861021
0.9998816972778202 -0.0041610115162104885 0.014808019178386417 100.81670182315574 0.0039971308703938896 0.9999306318349853 0.011079461308738542 0.5140837529197818 -0.014853093739367582 -0.01101896098771812 0.9998289694268319 0.7174962557476895
0.9998553445769303 -0.004095660420528483 0.016508043090201666 102.15938741340841 0.00391468021871226 0.9999320485707149 0.010980597431781189 0.5306236150503542 -0.016551894143374088 -0.010914385319079274 0.9998034361780186 0.7195530716993592
0.9998687302962193 -0.0038606739846115375 0.01573586261413008 103.49742723356461 0.0036950424404548388 0.9999376123611172 0.010541254522644981 0.5409497094320556 -0.015775577237916547 -0.01048172609508994 0.9998206162011654 0.7223466942069522
0.9999043560474463 -0.0037517579245432194 0.01331176433900597 104.82924134467284 0.003610215185385547 0.9999368651932347 0.010641051350414217 0.554186455293379 -0.013350846552066108 -0.010591975264442784 0.9998547719325745 0.7254884229166657
0.9999190144020941 -0.004022419743359467 0.012074136679405736 106.16507333384145 0.003911854754225607 0.999950331736403 0.00916686711147854 0.567802751951331 -0.0121104099652564 -0.00911889245829209 0.9998850852827076 0.7271022403542319
0.9999049192390151 -0.003460027030483172 0.013348434161622872 107.50047439726329 0.003352694178009444 0.9999619385109437 0.008054872511990276 0.5700093298707336 -0.013375796176960691 -0.008009353431082984 0.9998784617813549 0.7291601732653886
0.9998795445381532 -0.0029086462624423365 0.015245858161978508 108.84239414722086 0.0028401900518467108 0.9999857970432248 0.004509881627679466 0.575886089885659 -0.015258759276054442 -0.004466037253121613 0.9998736044003808 0.7177092005545661
0.9998607631566332 -0.00216057587651654 0.016546486385844536 110.1775878374044 0.0021044038035827944 0.9999919666699891 0.0034114630466675158 0.5917280956715748 -0.016553724187221137 -0.003376167556435333 0.9998572776692504 0.7311895289466925
0.9998856563131536 -0.0014361617388818008 0.015053628754345955 111.48978766228673 0.0014035683082262932 0.9999966486013186 0.002175495836550282 0.5978919839043711 -0.015056702667517949 -0.002154118286092208 0.9998843210487858 0.7327718692040046
0.9999149484055405 -0.0007659976159677905 0.013019569992813056 112.83472281475215 0.0007165694774625568 0.9999925206123617 0.0038006904003779194 0.6086573569645078 -0.013022383934187913 -0.003791037719132783 0.9999080185445474 0.7218419306418621
0.9999353216567209 0.00025954216959196344 0.011370362401088378 114.17787166040642 -0.0003350773471372097 0.9999778871137593 0.006641762316811041 0.613384534154917 -0.011368387152156469 -0.006645142689497282 0.9999132971674067 0.739265322096469
0.9999383939613814 0.0016882633904652022 0.010970781588271573 115.49470880804267 -0.0017864729276612019 0.9999583674181434 0.008948292849488108 0.6276824904345446 -0.010955217771084115 -0.008967340584915983 0.9998997799811851 0.7308149894405042
0.9999093712548187 0.003221949926159505 0.013071660776900694 116.85644987416761 -0.0033581261026013275 0.9999401847604641 0.010409125337312369 0.636929865531018 -0.013037341211768253 -0.010452078256603874 0.9998603811504113 0.7347352759653748
0.9998768467691729 0.003963762215904555 0.015184857063263566 118.16120081267132 -0.004127498277661287 0.9999335184259147 0.010766730531533857 0.6413892695760998 -0.015141170790394022 -0.010828080045258608 0.9998267338042275 0.7262082443544732
0.9998567657663228 0.004928271453873335 0.016191358552805308 119.5277597606119 -0.005091450258605015 0.9999365109221302 0.010052425535192727 0.640118461005146 -0.016140789496574055 -0.010133423180415444 0.9998183778312308 0.7349539659080314
0.9998597059909857 0.005918172399343149 0.01566982996305681 120.83553273217885 -0.0060834374055597495 0.9999261566639491 0.010520123981965668 0.6369207806381588 -0.015606412943149255 -0.010613974501332932 0.9998218758460593 0.7348899880153288
0.9998545580984992 0.00729055863281198 0.015417859918821285 122.15783014449966 -0.007480631893126437 0.9998962885392463 0.01230659627678853 0.6357180460121238 -0.015326538948321136 -0.012420141716657522 0.999805399707165 0.7302781736641341
0.999852544690967 0.008352017269691397 0.01500442209899038 123.52215973133225 -0.008564407991278193 0.9998632449687275 0.014147164958585505 0.6354804009178325 -0.014884212802725727 -0.0142735828765337 0.9997873399083976 0.7257730223597146
0.9998532491346386 0.009571849593396405 0.01420774050536262 124.84739288250655 -0.009782190515314138 0.9998424775437578 0.01480975515943545 0.6382401135865012 -0.01406374571827942 -0.014946564639465615 0.9997893834512597 0.7293085088944802
0.9998439374511102 0.010669669421178076 0.014080443767982394 126.17192345299608 -0.01088910468476792 0.9998190038824337 0.01560086134487184 0.6296810178253789 -0.013911439229091363 -0.01575175006088303 0.9997791527275386 0.719328601317316
0.9998449777062683 0.01150318476598346 0.013330314917184932 127.51834570496183 -0.011703379423095583 0.9998184193892456 0.01503858903187148 0.6188793536381242 -0.013154902722207411 -0.015192267448610438 0.9997980513804471 0.7245799768340817
0.9998197873094622 0.012518122142565705 0.01427198383145999 128.8410969882637 -0.012740622911131129 0.9997970254268385 0.015607193068643313 0.6166957637486608 -0.01407371423249775 -0.015786214418579064 0.9997763379886686 0.7255352407971812
0.9997914751886695 0.013406652218048048 0.015403500133680791 130.22022307626818 -0.013633204537835529 0.9997990290541149 0.0146982052128376 0.6068627182120616 -0.01520335075217097 -0.014905139340289746 0.9997733217820692 0.7275021012134074
0.9997786687923584 0.013721749658801057 0.01594763349468175 131.5476104960787 -0.013932728049361224 0.9998158750883903 0.013194506824381646 0.5884747139633005 -0.015763645418558653 -0.013413780508764257 0.9997857660396954 0.7223788951384683
0.9997757785208049 0.013743591795057646 0.016109201336170064 132.895303418104 -0.013934692301564945 0.9998331458670544 0.011811213995607769 0.5733478754354175 -0.01594418494558897 -0.012033042431578074 0.9998004745229223 0.727930643456792
0.9997635998177239 0.013593055116969056 0.016969777019543348 134.22538366951898 -0.013758407442672068 0.999858632130827 0.009665504545185078 0.5613759186350696 -0.01683599430230974 -0.009896696724594976 0.9998092841586309 0.7094883224114757
0.9997665875264942 0.013060291002782522 0.017210440568199516 135.56046017652085 -0.013210873868142098 0.9998751870467361 0.008665052792369277 0.5415959812215044 -0.01709512437126241 -0.00889039522052559 0.9998143415632493 0.7248689567954304
0.9997890897700465 0.011923426347878201 0.016721479626771098 136.90959986624804 -0.012067396425487808 0.999890754947406 0.008535579313479915 0.5333911928547317 -0.01661787953656907 -0.008735563795961089 0.9998237524708417 0.7194221130852547
0.999773242052036 0.010905215075662986 0.018290455459464526 138.23538093706733 -0.011020918995368842 0.9999198157953322 0.006237092618069824 0.519774369740376 -0.018220972017393616 -0.006437255935753649 0.9998132615217498 0.7204114549159623
0.9997821239278158 0.009879730205698021 0.01838737625241935 139.5715139704019 -0.009983021583093579 0.999934853674781 0.005534228624280814 0.5021109927792906 -0.01833150169672154 -0.005716584422269952 0.9998156213563009 0.7137563074163812
0.9997884158031778 0.008588450773535644 0.01869123160957256 140.93497074204637 -0.00865936159478833 0.999955601752196 0.003716178302278452 0.4997334916952987 -0.018658485537224996 -0.003877246150836342 0.9998183974501283 0.7091757988161177
0.9998001431917638 0.0074725461269969234 0.018542781024116675 142.27388954683502 -0.00752381914047987 0.9999680589304712 0.002696899027936679 0.4955398762177515 -0.018522036045472617 -0.0028358725650917964 0.9998244305914538 0.7051488333802214
0.9998163413808268 0.006417822715230246 0.018058102321503747 143.61491643791237 -0.006474799796353433 0.9999742377603712 0.0030985130565585974 0.48856282347334723 -0.01803775139686668 -0.0032148665851629414 0.9998321379898649 0.6899879751577601
0.9998596237106195 0.005661447387337327 0.015769619105697928 144.98043288223184 -0.0056792822622106975 0.9999832825926461 0.0010864107059537264 0.4718938469288204 -0.015763204821498726 -0.0011758183177188906 0.9998750616077187 0.6931329488897954
0.9998789307909377 0.004483063941103932 0.014900533482771167 146.290680737581 -0.004426634935452572 0.9999829142300858 -0.0038178725821173256 0.4907269571569289 -0.0149173946625891 0.0037514511332317926 0.9998816919770437 0.6916147963349848
0.9998318116394853 0.003654124736498155 0.017972084078227438 147.6728812188076 -0.0034418874768992348 0.9999241459674747 -0.011826061128414425 0.46890135505368263 -0.018013934725681895 0.011762214231459258 0.9997685474508948 0.6858061162482234
0.9998003666427279 0.0022612200521473116 0.019852298228230755 148.98291819875817 -0.0018990498199511513 0.9998317759349399 -0.018243175177731216 0.45916476299826137 -0.019890210427448738 0.01820183272804724 0.9996364703303356 0.6954945462089394
0.9998657614202737 0.0013890479444502054 0.01632573689804838 150.29906716028657 -0.00103260385144056 0.9997613505994296 -0.0218214476350751 0.42892202881975255 -0.01635215180770622 0.021801660336138468 0.9996285783919171 0.683954794914821
0.9999077042840049 0.0013622717168517277 0.01351765990326727 151.68728531145928 -0.001091135050010652 0.9997984813809427 -0.02004510046528912 0.448350800973895 -0.01354224271653599 0.020028500795874905 0.9997076906866708 0.6856803627038588
0.9999355917117944 0.002467505004867879 0.011078079573399707 152.9969625873142 -0.002280270458769006 0.9998548838151877 -0.016882288871848356 0.4478840505821243 -0.011118129097041877 0.01685594049493001 0.9997961114524365 0.6742207521520808
0.9999294854077266 0.003570540156571058 0.011325875472978706 154.35895518125523 -0.0033823341323590233 0.9998566024766091 -0.016593200407073155 0.45033061425827725 -0.01138349805886513 0.016553722449120838 0.999798174755796 0.683919940162754
0.9998898265659151 0.0036131375976217843 0.01439722079725633 155.6965600942024 -0.003322099647321421 0.9997906870341434 -0.020187762969896526 0.46190504235912055 -0.014467148437669573 0.020137709812590665 0.9996925398639255 0.6783710332778895
0.9998173060989023 0.0044887249300816345 0.01857971403536566 157.01396617442984 -0.003962376750137628 0.999592478946511 -0.02826969409206204 0.45180410031729457 -0.018699037291365263 0.028190909564447583 0.9994276455163251 0.6707644868893974
0.9998145406178406 0.004374192377021052 0.018755020932675073 158.3486656731452 -0.0037992599475057793 0.9995250513082578 -0.030581651869641336 0.43653698370327765 -0.018879883288504398 0.03050472501553603 0.99935629870369 0.6574384945720407
0.9997982801854843 0.004430662530847358 0.01959000172754973 159.69916094436354 -0.0037745265617359215 0.9994347883234102 -0.03340444338969132 0.4272618188906549 -0.01972693304551942 0.03332376206970166 0.999249906176698 0.6616233259717782
0.9997914935252624 0.005483112660738424 0.019669899594940313 161.09021979066438 -0.004865458557314214 0.9994977992694966 -0.03131256247036228 0.4268334217391396 -0.019831711664716208 0.031210330517040866 0.9993160753642787 0.6436677740691028
0.9997889276891726 0.006544261581114998 0.019474925172955952 162.43277216297912 -0.005956791424992121 0.9995299827903186 -0.030072082387230775 0.4344475607607422 -0.01966257119639829 0.029949726936037282 0.9993579924883791 0.6220090989327781
0.9998166787134326 0.007419033890974833 0.017651257818217587 163.79335113513622 -0.006970207416789986 0.999654222826413 -0.025354506382240384 0.4324172311272829 -0.01783326035831773 0.0252268254333499 0.9995226771332144 0.6292463454310565
0.9998307942071724 0.008061135740109592 0.016534843381009422 165.13784475233032 -0.0077189221623868345 0.9997568248079909 -0.020656947753608188 0.4330219513993129 -0.016697340977113593 0.02052582130936087 0.9996498834411327 0.6297051407474858
0.9998053025853483 0.00816993456656329 0.017961322094943586 166.49867878924374 -0.007853822023796822 0.9998142567055233 -0.017600271816102877 0.43560674623840534 -0.0181017789688958 0.01745578006163734 0.9996837606666426 0.6275413287739272
0.9997940611100717 0.008091844875480404 0.018610680147197516 167.82502552161182 -0.0077308884232979444 0.9997821851153733 -0.019385966318854437 0.42698834900902743 -0.01876349469626189 0.01923809690277088 0.9996388482318718 0.6113377367745074
0.9998453258944879 0.007461499460889904 0.015926403006968442 169.21504219269693 -0.0072326773748294625 0.9998704862580532 -0.014377033354483875 0.42947944633035634 -0.016031614545542933 0.014259619065018938 0.9997697988032964 0.6226028415855698
0.9998821359468284 0.006835115583090227 0.013747560124396582 170.62237122997152 -0.006670444151632404 0.9999058845900741 -0.011988625315739805 0.4295194044822206 -0.013828209906855439 0.01189550995573714 0.9998336248864932 0.6122931164235518
0.9999045871855097 0.006519216776566384 0.012178519532172463 171.98170131983028 -0.006429362411547017 0.9999519302037595 -0.007402741435210419 0.42972119446335083 -0.012226194189377048 0.007323735003106701 0.9998984363830398 0.5986323182529217
0.9998897363383813 0.00680925743079114 0.013196559339596655 173.33813936659627 -0.00676259517012531 0.9999707345244062 -0.00357734556404624 0.43296373648276565 -0.013220532202875867 0.0034877081243732443 0.9999065223411195 0.6029386732062115
0.9998518942658903 0.007510983370308164 0.015484658915258704 174.74041747973024 -0.0075371387881123155 0.9999702645106535 0.0016314513115910701 0.4405663355189381 -0.015471944667677671 -0.0017479197076277885 0.9998787745046376 0.6176381030905124
0.9998108894392826 0.007494938949840648 0.017944671876876143 176.0795636348096 -0.0075378073325605005 0.9999688933021141 0.0023224747064839023 0.4384875544431495 -0.017926706871251762 -0.002457298981243817 0.9998362840297751 0.6143807752572675
0.9997915488200653 0.006786210429742413 0.019256330283265843 177.48429689153673 -0.006756970633481265 0.9999759182668064 -0.0015831090662174437 0.43673207283641247 -0.019266609868714257 0.0014526646070319822 0.9998133263313238 0.5947418896978152
0.9997979905003341 0.005294501942520559 0.01938933832482528 178.8932405964686 -0.005237041365159834 0.9999817471690908 -0.00301309249646362 0.4281341406056658 -0.019404937238586915 0.002910941056305773 0.999807468882351 0.5925538573465435
0.9998717047184779 0.003180665060121381 0.015698964078571267 180.23079897402843 -0.0030978902965120925 0.9999811874495457 -0.005294130968076391 0.42186648812374133 -0.015715507598411328 0.005244818087569129 0.9998627479330113 0.5819080054496099
0.9999344701929964 0.0014254214198002465 0.01135885089380114 181.63671507045598 -0.0014118811130856609 0.9999982833198536 -0.0011999787783309216 0.43483371441827673 -0.011360541869741262 0.0011838627969098553 0.9999347661509245 0.59531851314669
0.9999426546669894 0.0008764539511031119 0.010673294055991952 183.0352825793319 -0.0009115557325289146 0.999994191110792 0.00328432806205516 0.46160902375236773 -0.01067035349370259 -0.0032938690235504316 0.9999376450475176 0.5868054797364729
0.9999322876857231 0.0005022837166332429 0.011626166808728654 184.36750426110743 -0.0005756298141420969 0.9999799499049982 0.006306222190375164 0.4754863646899467 -0.011622766190259936 -0.006312487549715603 0.999912528077842 0.5790384817844928
0.9998900782767725 0.0007090680020170803 0.014809746325930595 185.82594378985763 -0.0008164841934242643 0.9999733974842159 0.007248287896897864 0.4748681705077626 -0.014804212820403102 -0.007259583076385533 0.9998640576279983 0.5667514870792937
0.9998475597890816 0.0011868685353228125 0.017419774019735334 187.18714609647887 -0.0013662233682073862 0.9999461462470229 0.010287761633879275 0.48099078583763744 -0.01740662567894621 -0.010309992667660584 0.99979533577311 0.5875591576443466
0.9998277506785176 0.0013496153647825657 0.018510740436382685 188.64357962820847 -0.001507762675500043 0.9999624629785834 0.008532249733786548 0.48154450796690657 -0.018498530342985604 -0.008558689863085034 0.9997922550225008 0.5686672242918414
0.9998187537652088 0.0011688631783042171 0.019002457163623077 190.06544788560706 -0.001296546433970723 0.9999766580861194 0.006708371654945387 0.48211205531337337 -0.018994172441290598 -0.006731793355913524 0.9997969315673477 0.5596387592545211
0.9998076333450971 0.0013010962310821678 0.01957047402269986 191.41492610109688 -0.0013641252536534419 0.9999939251709017 0.003207613378387872 0.4818108999188319 -0.019566181721737415 -0.0032336929183723836 0.9998033345428198 0.5427912682955318
0.9998064011637446 0.0017933287057376255 0.01959449320994341 192.865208396682 -0.0018284598460929409 0.9999967528003544 0.001775140371359986 0.4877714359751867 -0.019591246172527332 -0.0018106244502888234 0.9998064336222824 0.5362182014093158
0.9997809785223829 0.002199306095966088 0.020812449099582988 194.2406732571871 -0.002160357749333845 0.9999958733778629 -0.0018936952342745266 0.48579428405437797 -0.02081652802994244 0.001848318138651259 0.9997816040920322 0.5275022576497168
0.9997431616852832 0.002590464485790213 0.022514443303389527 195.7002467275623 -0.002428905257127092 0.9999711284234573 -0.007200190189818316 0.478025290609402 -0.022532445112894036 0.00714365545540343 0.9997205895168754 0.5078619141395582
0.9997274157451266 0.002903729001918697 0.02316597862068844 197.10548894954653 -0.0026538105312497477 0.9999380310870735 -0.010811626860512914 0.47499529957615233 -0.023195937084649235 0.010747201663230883 0.9996731696705554 0.50447096999123
0.9998086161727501 0.003152045514682535 0.019307916402443216 198.54402388854922 -0.0030538738227174986 0.9999822709740359 -0.0051119069127473 0.4803380100517465 -0.019323687055147806 0.0050519646359651555 0.9998005164891203 0.5160572582112113
0.999893406075151 0.0033964610086841427 0.014200019015824338 199.971664021851 -0.0034035910899566897 0.9999940935334534 0.0004779810657611214 0.49163913013277116 -0.014198311699834314 -0.0005262611740827936 0.9998990604026243 0.4989599347119564
0.9998955268661669 0.004629010920650211 0.013693341846572041 201.41313198999842 -0.004763260650043278 0.9999407543666553 0.00978770170285334 0.5072389086935836 -0.01364722319779116 -0.009851904107368787 0.9998583366079661 0.4771969852582719
0.999829457034091 0.005639689383850782 0.017585526735602656 202.82861987328667 -0.0059086995820392665 0.9998657495465562 0.015283002092285811 0.5253535587969592 -0.017496974486011115 -0.015384303278253594 0.9997285527064227 0.46791464972296
0.9997808235392316 0.006559449206875849 0.01988161234202103 204.30327697394512 -0.006894423770724691 0.9998346456462769 0.016827010615483657 0.5203043003950062 -0.019767948909425417 -0.016960394791582806 0.9996607290498252 0.45958651144337703
0.9997728710647907 0.00613981919658781 0.02040854975491275 205.73794794241016 -0.006463418759758444 0.999853836755065 0.01582811877993658 0.5171506983320676 -0.020308384987525227 -0.01595643275951709 0.9996664252403346 0.4518721394630317
0.9997756557127679 0.00481414121826895 0.020626737222245825 207.1836658514075 -0.005082175707180107 0.9999030761047637 0.01296186276398999 0.5047448856546336 -0.02056233776073056 -0.013063783546956287 0.9997032198734042 0.4427950715778449
0.9997884251290111 0.0037415929809853374 0.020226355579207687 208.6205205974734 -0.0039467112116488385 0.999941096380481 0.01011074873654642 0.5017392199415304 -0.020187333867149226 -0.010188437140522139 0.9997443009589851 0.43119411109270017
0.9998004691677878 0.003421554987835835 0.019680315376963062 210.09450696373065 -0.0036117801735477757 0.9999470272207435 0.009638350293271633 0.506683218852949 -0.01964629471044044 -0.009707508118104145 0.9997598648627017 0.41192007790199575
0.9997980119618626 0.0030170389086423242 0.0198703989222884 211.56244193563424 -0.0032377266224735703 0.9999333336295015 0.011083565442131335 0.5071121626779403 -0.019835634686726503 -0.011145661614081976 0.9997411274043692 0.4059913055570122
0.9997838059814594 0.0029257041355512437 0.02058595522531314 213.00092422138692 -0.0031806194739462746 0.9999185395235501 0.012361147877628941 0.5112857110993655 -0.02054811322212657 -0.01242395156147492 0.9997116686678258 0.3906256479606824
0.999788560148917 0.0025966912530307573 0.020398337919833528 214.4633025359999 -0.0028651799762148067 0.9999095075321748 0.013144104780003938 0.52018246368306 -0.02036236084198447 -0.013199770501802606 0.9997055268025883 0.39445854833866734
0.9997984682954121 0.002363771217785692 0.019935781393712042 215.89963766758422 -0.0026238525967885373 0.9999116645480156 0.013029907841850106 0.5216890045852076 -0.019903220636325 -0.013079590454091013 0.9997163528330698 0.3835626933893517
0.999806379270689 0.001972859311109878 0.01957835018007242 217.37857820526435 -0.0022083851475537706 0.9999253715004863 0.012015592563596364 0.5254361090027238 -0.019553184003507935 -0.012056502633552377 0.9997361220540008 0.3669452132292373
0.9998029461462394 0.0014251804733523212 0.01979994287664142 218.84332095009148 -0.0016923561811521882 0.9999076604351604 0.013483565316348456 0.5226981792299811 -0.01977889804453231 -0.01351441688355418 0.9997130366902502 0.3635768262295671
0.9998157340374485 0.0011446660888664363 0.019162142643847666 220.3225159343317 -0.0014295322464568019 0.9998885770645659 0.014859000415702706 0.5288480053537883 -0.019142998947774777 -0.014883655308509137 0.9997059679705543 0.3509822797507272
0.999809773348111 0.001082038216714014 0.019474247376891338 221.8159913376241 -0.00134555753722512 0.9999076456507723 0.013523669769838379 0.5370305293629728 -0.01945781571792696 -0.013547300927756573 0.99971889251182 0.34703095885098434
0.9998173140710724 0.000772941177365248 0.019098194826810324 223.31479593131206 -0.0010501355917161 0.9998941960993515 0.014508405221489398 0.5387540802578669 -0.019084960019488707 -0.014525810434129415 0.9997123411923483 0.3326829814383595
0.9998150056546675 0.0003581192081941714 0.019230866293276836 224.81162617994067 -0.0006394156421600814 0.9998928710694691 0.014623184745134627 0.5442180253798584 -0.019223569267795455 -0.014632776055366236 0.9997081255294066 0.3239907787497434
0.9998124169987122 -0.00012907148454630079 0.019367863995425005 226.2745650969931 -0.00017451911144855924 0.9998771642819764 0.01567245642882319 0.5540899884667776 -0.019367507797162297 -0.015672896604823853 0.9996895817971404 0.3229415300435308
0.9998054680510378 -6.250815954229536e-05 0.01972364438878462 227.76950734113228 -0.0002254157757664389 0.9998934568478043 0.014595346541833027 0.5588064651480106 -0.019722455297788863 -0.014596953301225304 0.9996989315345638 0.314558961417995
0.9998134924528757 0.00010352464311384123 0.019312420662151445 229.29195091510869 -0.00038203190870107355 0.999895982029173 0.014418015589419388 0.561190471627566 -0.0193089192034241 -0.014422704481624603 0.9997095334319022 0.3097349781829706
0.9998003684661837 0.00011709537986016373 0.019980227815395123 230.78151469960736 -0.0003774604437694465 0.9999150625565795 0.013027862299126251 0.5724158853921888 -0.019977005243440846 -0.013032803272650944 0.9997154921778294 0.29785126449149013
0.9997861350981256 0.00047611179235757206 0.02067504251782216 232.27514226651243 -0.0007612830086313274 0.9999046603363432 0.013787337880937467 0.5689775019546495 -0.020666507052072083 -0.013800128811846 0.9996911782800942 0.2995471329180514
0.9997749496582712 0.00031749214995497764 0.021212006848389618 233.8021330157533 -0.0006077270962130662 0.9999062734800874 0.013677533510873292 0.573535272839728 -0.021205676211286908 -0.013687346488609484 0.9996814371801263 0.28214121437204887
0.9997802744551902 0.00041451645697962507 0.02095783830483328 235.2541192908073 -0.0006754356165257743 0.99992234017198 0.012444171797238196 0.5758530106648608 -0.020951052408711417 -0.012455593165246814 0.9997029116701969 0.2647848377249206
0.9997849938715146 0.0007758932509913457 0.020721100815311193 236.802199779366 -0.001066562231031175 0.9999011417159377 0.014020315266478863 0.584058267625021 -0.02070817409484868 -0.014039401156288274 0.9996869843810262 0.2580905378100626
0.9997704615044086 0.0009697652180483776 0.021402893698832057 238.28711989610943 -0.0013048249511712514 0.9998767350855652 0.015646471374638038 0.5986529331601463 -0.0213850820692473 -0.015670806936862895 0.9996484902578702 0.24871328217568978
0.9997275861158359 0.0015672948823410512 0.023287274330753095 239.78803014002753 -0.0019462207353645746 0.999865934943872 0.016258055346990374 0.5971587991754681 -0.023258671154070723 -0.01629894860315698 0.9995966078826891 0.22801035061032665
0.9996991752090117 0.002332609322671755 0.02441552825906564 241.34256010703777 -0.002685071446070419 0.9998925197218879 0.014413167436185837 0.591832779967285 -0.024379283782567224 -0.014474389035873511 0.999597990486319 0.21228022225426518
0.9997336364271332 0.002713968567097377 0.022919218372309532 242.8068678537352 -0.0030871733214898954 0.9998629691589568 0.016263833051227184 0.6024182436425779 -0.022871938200858373 -0.016330256558055544 0.99960502057747 0.2075923327147215
0.9997480714832769 0.0034720620849389336 0.02217517418977547 244.36734843078005 -0.003839721871412033 0.9998555210391302 0.016558791728852284 0.597700909190492 -0.022114477190717276 -0.01663976659835216 0.9996169606735039 0.19346851263433668
0.9997438577864163 0.003634519665360814 0.0223385112560349 245.85007314024386 -0.003996879059460149 0.9998608135260912 0.016198102750846374 0.6003836312000125 -0.022276529714431316 -0.016283238060810674 0.9996192336995807 0.16443452137952594
0.9997196728325058 0.0037049264129961693 0.023384808571846296 247.36479324488164 -0.004095037071142593 0.9998528859508434 0.01665644401292515 0.6033087375630165 -0.02331965743859846 -0.016747536417157764 0.999587771834421 0.14687385075570958
0.9996978268824881 0.00352466757600333 0.0243275901993885 248.9311010754262 -0.003940217612053877 0.9998467944529476 0.0170546857882219 0.598598620437945 -0.02426375097960686 -0.01714538832001155 0.9995585555872931 0.14547503655722668
0.9996965885410519 0.0031516882812932874 0.02442944371778328 250.4156484158034 -0.0035559399683428652 0.9998571794542775 0.0165219848891736 0.6116849042942332 -0.024373882545140897 -0.016603841564954102 0.9995650185430469 0.12919710764102774
0.9996914234024051 0.0032946525000683924 0.02462119494616034 251.991433545023 -0.003737485488049019 0.9998316932538541 0.017961524639002094 0.6051650908263253 -0.024557874050895802 -0.018048003491651077 0.9995354823076896 0.11403262433901803
0.9996916344288456 0.00323012351109984 0.02462117696387743 253.49793953107067 -0.0037108009169464205 0.9998029256132381 0.01950230478083862 0.6136170028356491 -0.024553329907332697 -0.019587655227539903 0.9995066071583263 0.09231395653492631
0.9996892354739175 0.003455030161987164 0.02468795747229733 255.04859982145544 -0.0039402535164661 0.9997994953668028 0.019632714191177632 0.6101338178841681 -0.024615175802747767 -0.019723889851300885 0.9995024068451929 0.06469495826302353
0.9996689991438118 0.003468905811548132 0.02549232910661923 256.56246737043847 -0.003944637815013893 0.9998185673529231 0.018635241046379623 0.6123168669749991 -0.02542306006990387 -0.018729630771024745 0.9995013101281374 0.05199278855404222
0.9996599860576437 0.0034589113459406982 0.025844693991852907 258.1177715405189 -0.0039060992090478547 0.9998431895044736 0.017272486517298753 0.6029654300376479 -0.025780897272994027 -0.01736756556982337 0.9995167397307446 0.015085196326446013
0.9996255772548645 0.003523468126727652 0.027134672841935596 259.6264972000417 -0.003918482118513227 0.9998869280284095 0.014518149186346387 0.6030506195882005 -0.02708045043506173 -0.01461903999139658 0.9995263542668418 0.01799179481023331
0.9996354724227196 0.003359735782825026 0.026788700037067327 261.2045625171088 -0.003723397052263791 0.9999014398882868 0.013536869051665684 0.5880260587597796 -0.026740579436458727 -0.013631679456338313 0.9995494578691952 -0.004059072553988061
0.9996708169268866 0.003165828549323616 0.02546046571308848 262.71119552065994 -0.0035361282059941613 0.9998884388828049 0.014512256399954253 0.5888253015663181 -0.025411681999463143 -0.014597510681740507 0.9995704873093515 -0.009765866778022356
0.9996140285858793 0.003952547488720017 0.027498567647396777 264.2607999632241 -0.004233015355357743 0.9999395415362262 0.01014863800335444 0.5854362439359189 -0.027456792152586746 -0.010261122778294659 0.9995703246515567 -0.039930481086465464
0.9995387432253428 0.0043663338407759125 0.03005388361415325 265.80890266786093 -0.0045876371984494985 0.999962841746269 0.007298541748979279 0.5860371040077468 -0.030020898994493426 -0.007433051561578605 0.9995216332666569 -0.057597003177053685
0.9995649432050954 0.004533759970267726 0.02914394166763125 267.3833999215432 -0.004789338971899373 0.9999506350635038 0.008705726179229809 0.5800384828047063 -0.02910303330593807 -0.008841518909524504 0.9995373134584651 -0.07046000001511121
0.9995944721353068 0.004550898577656229 0.02811015116774131 268.8821010534461 -0.004794201901551211 0.9999515779589279 0.008594030810834388 0.5854320997455363 -0.02806967945425356 -0.008725311432051838 0.9995678876573363 -0.09469508649029305
0.9996002726257199 0.005299912061147548 0.0277705941371542 270.4398365046668 -0.005526911865018584 0.9999518902084015 0.008103734563857217 0.5845582619975982 -0.027726309019102367 -0.008253980905553397 0.9995814742117762 -0.1330136794414522
0.9995776073039029 0.006370596895170025 0.028355290014452496 271.94323436985184 -0.006658511911781731 0.9999271166864796 0.010071024485327604 0.5897457667096991 -0.028289064949643 -0.010255574594466044 0.9995471734710735 -0.14998193967437665
0.9995854657148477 0.007270616731370379 0.027857402319246546 273.49321005316057 -0.00761540007736731 0.9998954669239486 0.012290683732017608 0.5868262140383878 -0.027765129448509323 -0.012497734085999966 0.9995363446265588 -0.16952197782147235
0.9995832130410921 0.008272500675187212 0.027658017626460914 275.07750436244106 -0.008630943557000849 0.9998799836936447 0.01286565280553328 0.5763997793574728 -0.027548267091823782 -0.013099005358258616 0.999534646242371 -0.19899301339506398
0.9995783419100027 0.009029267997766603 0.027597295227511375 276.5767123993478 -0.009410829197661135 0.9998614854994753 0.013727567468238873 0.5745044845301174 -0.027469522716318955 -0.013981492560063445 0.9995248587141445 -0.21854240603935918
0.9995808603388838 0.010093340689305065 0.02713352387557285 278.1756585340155 -0.010500853521944437 0.9998335714483491 0.014918494567136193 0.5654131600370262 -0.026978430634255403 -0.015197166794130534 0.9995204902361652 -0.23321489139010346
0.9995818675226408 0.011084353463694853 0.02670631438895356 279.65185052142164 -0.011460201557197671 0.9998368545591483 0.013961663422987637 0.5464052797294595 -0.026547201363197517 -0.014261885343819827 0.9995458192230217 -0.25625017726550076
0.9995591116888775 0.011920550892265472 0.027193431305499293 281.19564461489574 -0.012286488802239192 0.9998356673412124 0.013329685114989914 0.537517905906661 -0.027030065346840194 -0.01365792000186125 0.9995413131974927 -0.28049279676803746
0.9995146340063316 0.012774512521634222 0.028413170133296695 282.79926407915355 -0.01312323629240116 0.9998404196787939 0.012120884693242979 0.5119935148970807 -0.028253797557193226 -0.012487874373475151 0.9995227740863283 -0.29434197941184753
0.9994922846042676 0.012947612488302411 0.02911240882157289 284.29490084970644 -0.01327640723170073 0.9998499279424135 0.01112917807246636 0.5085910615050856 -0.02896394357748413 -0.01151003581242808 0.9995141865166481 -0.3193833329054658
0.9995482938773697 0.01320800792168005 0.026995494690414856 285.894410249968 -0.013463724813293186 0.9998659904033743 0.00931285932628741 0.48972264937837956 -0.026868872715305588 -0.009672112562420995 0.9995921737976886 -0.33855024055562194
0.999628598070412 0.01280927537521129 0.024053864224792533 287.42063660474344 -0.013080980120902417 0.9998520205802235 0.01117250646547308 0.4755630552416513 -0.02390719303597359 -0.011483005094768866 0.9996482314870238 -0.3562018566775502
0.999612033896947 0.01225769948832834 0.025010607582836405 288.9459874246512 -0.012505497881330927 0.999874018228731 0.009775489444080325 0.445851053800944 -0.024887631690235744 -0.010084466985673229 0.9996393896373161 -0.3783055411736255
0.9996136756114804 0.01174207288060302 0.025191729892420127 290.51388960082323 -0.011964991446868755 0.9998904251045017 0.008716465110094584 0.43123915387773293 -0.025086620142665775 -0.00901451655973551 0.9996446368490215 -0.3894654189518686
0.9996462865901591 0.01047259380231963 0.02444640025765004 292.0527122568723 -0.010696446291858525 0.9999018900408253 0.00904413232492308 0.4228081012278321 -0.024349286298185443 -0.009302422901424608 0.9996602308709355 -0.41271989931849606
0.9996509908885471 0.009889649558278691 0.024496759931883157 293.65611659667195 -0.01013432095746559 0.9998997962494837 0.009883976880397776 0.4257341440981943 -0.02439655619707322 -0.010128785309976816 0.9996510469928331 -0.42666964120798445
0.9996465216862963 0.00959013213023247 0.02479639179828234 295.19507550712297 -0.009837775010270467 0.9999027534452588 0.009884423879885904 0.3968968218663032 -0.024699187503570613 -0.010124871273978927 0.9996436550683192 -0.45399858629589945
0.9996444693928297 0.008623217754470414 0.025230436537782792 296.7538134348364 -0.008878026287634818 0.9999105390677754 0.01000472440534151 0.3995680759424404 -0.025141906482288964 -0.010225163898430045 0.9996315974206128 -0.46070066519316316
0.9996190550124837 0.007732076633832856 0.02649452484717736 298.36913713013786 -0.007980570057243385 0.9999250358831112 0.009286178746945206 0.37340046317397785 -0.02642073726281295 -0.00949408263537465 0.9996058258320637 -0.4833536869718361
0.9995901623813445 0.0068661761349651075 0.02779141766302845 299.92560869775645 -0.00716306348522028 0.9999181907657811 0.01059727781996246 0.37830743152184326 -0.027716381292368565 -0.01079200634592104 0.9995575695311829 -0.5023153044178761
0.9995748437563602 0.0077264531888479385 0.02811465188418036 301.521116070539 -0.008004589705174356 0.9999200000625416 0.009793876585834797 0.37104497894532207 -0.028036730784810154 -0.010014758911091562 0.9995567249190277 -0.5396585730957386
0.9995670328321504 0.00860300408890016 0.02813778946145217 303.0900683672354 -0.008911217494946156 0.999901464533601 0.010846724220591892 0.379663927292304 -0.028041702478423226 -0.01109276990684366 0.9995452032689194 -0.5675364013283394
0.9995625685088835 0.00913801041511417 0.0281277158969049 304.6847256648578 -0.009440148484193868 0.9998989630678233 0.010627664488865582 0.3575385514023216 -0.028027758249993952 -0.010888545428329134 0.9995478399486115 -0.5904735184851652
0.9995813753370262 0.009315789655303471 0.027391424614964063 306.26720365934074 -0.009527755351683972 0.9999255905262888 0.007618089564387449 0.34569227626280524 -0.02731841791351717 -0.007875879236676524 0.9995957555776994 -0.6151075025093493
0.9996232206646926 0.009933597263634361 0.02558789466430119 307.87768073609504 -0.010056973123665039 0.9999383935980988 0.00469747805140759 0.334180434061783 -0.025539655431061254 -0.004953044907679809 0.9996615393955122 -0.6403119959448931
0.9996478166318016 0.010068219371757224 0.024553485739384637 309.4791077155146 -0.010172948572187668 0.9999396666513493 0.004144173564905059 0.3220105793985701 -0.024510279896802833 -0.004392495403595275 0.9996899280094351 -0.6643610147330591
0.9996660177883373 0.008127759307417768 0.024531457515777993 311.081590358635 -0.008252557960987587 0.9999534947920402 0.004990344706107816 0.31311992809081757 -0.024489756354612376 -0.005191125294762374 0.9996866029170671 -0.6681914582363856
0.9996737654176189 0.005667597324401712 0.0249046396546506 312.70474517651513 -0.0058165036462619075 0.9999656154113541 0.005910692034339887 0.30784223961436813 -0.024870283896501515 -0.006053621689552595 0.9996723576469179 -0.6993080386345181
0.9995953674302651 0.0053930441590023855 0.027928775244402255 314.30873100857707 -0.005608109200468704 0.999955181225059 0.007627886493314359 0.3105564378993813 -0.027886385982211902 -0.007781427623406879 0.9995808115710269 -0.7308737836036506
0.9994985658341468 0.0058486272246575785 0.031119293935928747 315.94433303332625 -0.006050726837551311 0.9999611870412364 0.006404148328903435 0.3051788487335836 -0.031080630627789294 -0.006589231417111903 0.999495160783238 -0.7508932834904845
0.999449333880025 0.0062332718297889896 0.032591031420781104 317.5619588764696 -0.006423024469016284 0.9999630080045464 0.005720784838639438 0.2956082384564292 -0.03255416660651598 -0.005926967588535288 0.9994523987122946 -0.7826911251807676
0.9995099988812027 0.00635629174395387 0.030648975378699032 319.2097082771867 -0.006498062694226827 0.9999686345691658 0.004528251218743286 0.2938306482689369 -0.030619231174545406 -0.004725191334104507 0.9995199524017196 -0.8140973108597397
0.9994833238421927 0.0071798174908530585 0.031329468271266786 320.8198236315013 -0.007298925952972814 0.9999665575689963 0.0036890952202757858 0.29443549959204746 -0.031301933507297784 -0.003915860621789577 0.9995023036463174 -0.842306422751702
0.9994755462162188 0.007097400819220452 0.031595243588273404 322.4441464943633 -0.007211437806459242 0.9999678831929574 0.0034968196063634703 0.27620931249634023 -0.03156941051959274 -0.0037228328202064762 0.9994946287175526 -0.875878467612081
0.9994608536686554 0.0076956311887496414 0.031918321455381204 324.0604730381487 -0.007804609843485973 0.999964127667975 0.0032911156796146426 0.27437094941171053 -0.031891849258286455 -0.0035384513324881657 0.9994850620759943 -0.8902820651285964
0.9994780598528795 0.008085782053771043 0.0312766366686482 325.70339569859834 -0.008231092013089185 0.9999559083988769 0.004519998058508043 0.2662509515544141 -0.03123870991247517 -0.004775079764336003 0.9995005460810157 -0.9229164503156699
0.9994921974971636 0.008733190735072012 0.030644388097591797 327.3120636564075 -0.008896651779643919 0.9999468938332461 0.00520183624835822 0.269403939314055 -0.030597332063477888 -0.005471827192796497 0.9995168144547492 -0.9553851122273402
0.999443718989331 0.009619877699417289 0.0319329066297338 328.9489536022262 -0.009779271521679067 0.9999404727208452 0.0048390973660210855 0.25265360059255015 -0.03188445422584993 -0.005148686032456182 0.9994783002200993 -0.9827491151314542
0.9993867668680402 0.009684848829511096 0.033649575215669476 330.57144341489266 -0.00979117015939881 0.9999475761630909 0.0029963164834809542 0.24849126035812422 -0.03361879230363843 -0.0033239477596675553 0.9994292011820226 -1.0037902151378797
0.999426864824786 0.009518406054271506 0.03248602488278344 332.1839302208794 -0.009615611378979873 0.9999497436067425 0.002837301291441883 0.23584824025709983 -0.0324573856665513 -0.0031480481247897936 0.9994681625288004 -1.0333067786870924
0.9994205920367717 0.009618207229569254 0.032649200641941455 333.80471918944147 -0.0097464247132545 0.9999453947326914 0.003770246436356957 0.22846898687861963 -0.03261115481208156 -0.004086274901553022 0.9994597615408294 -1.0482072400038478
0.9994685534104615 0.009695982823563548 0.03112231772675122 335.40075537101126 -0.009850402608944929 0.9999399042369542 0.004812222255118357 0.22839436993770093 -0.031073788182990877 -0.005116232175744776 0.9995039989196054 -1.1005038001788663
0.9995524719041916 0.009028359364704554 0.028519197699129004 337.0199548852497 -0.00922289681963723 0.9999350412854114 0.0066971175737581745 0.2188217713953468 -0.02845688114454181 -0.006957150043240888 0.9995708098873242 -1.1127240653339368
0.9995347128175865 0.008072884776344526 0.029414051132965042 338.60769835835623 -0.008311593823724104 0.9999334383439545 0.008002267787722504 0.2184315204037551 -0.029347491899210886 -0.008243022080818093 0.9995352806710731 -1.1372207367582494
0.9994633037522724 0.00683580506401706 0.03203710694990527 340.240116785768 -0.007124781254442618 0.9999348817213686 0.008914584059222996 0.2046576517614752 -0.03197408238979272 -0.009138057014451617 0.999446924038156 -1.168713496983842
0.9993763889817572 0.005903246768420881 0.034813572401792184 341.8476054436924 -0.006252838684701835 0.9999310317480558 0.009941516768169258 0.20394694911096573 -0.0347524841438248 -0.010153000781041175 0.9993443757889336 -1.198701369270816
0.9993891479616462 0.004706557419644434 0.03462916767336877 343.4385794707027 -0.005084154686487159 0.9999284930028315 0.010824058952635968 0.20852529154779922 -0.03457574739059981 -0.010993507099277195 0.999341613510635 -1.232798424311518
0.9994270012320001 0.00329759743407711 0.03368671933528675 345.04833042123147 -0.0036495007495899187 0.9999393604915682 0.01039021096958679 0.20893506652976201 -0.03365041385615274 -0.010507197098967313 0.9993784310542395 -1.2587327176481196
0.9994060128117045 0.0013092871418761269 0.03443700513969024 346.6241904545704 -0.0016467875558553156 0.999950877507917 0.009773978815843546 0.20728633838211888 -0.03442251656338935 -0.00982488362917323 0.9993590756155248 -1.2972734064698543
0.999362971986669 0.0002509862184292373 0.03568735389308741 348.26465315603855 -0.00048618964441175626 0.9999782192860517 0.00658214046695587 0.2053844885274086 -0.03568492457049572 -0.006595298280990016 0.9993413271745459 -1.3071288298671442
0.9993794529986093 -1.5012994653843377e-05 0.035223695132827866 349.87008410862654 -0.00022160508243554796 0.9999774385169016 0.006713668770775058 0.21609086670219357 -0.03522300122629883 -0.006717308373614619 0.9993569021890157 -1.350033799290996
0.9994150579208511 -0.0004299005387578595 0.03419586505103628 351.4690269939415 0.00020825304155592687 0.9999789504662919 0.006485002313355645 0.22438075546128508 -0.03419793315001056 -0.006474087569713671 0.9993941102279957 -1.3829079691796455
0.9994146531863627 -0.0002101787879324947 0.03420974745974551 353.0461159917911 -3.625173398363749e-06 0.9999804709618569 0.006249614528992634 0.22434711583224085 -0.03421039291268926 -0.006246080353308083 0.9993951348175453 -1.41777457475378
0.9994135688462672 -0.000430512287850437 0.03423934965996798 354.66758510650664 0.00022658563589509742 0.9999822159215981 0.005959572088646018 0.24090813786964557 -0.034241306413703695 -0.005948319065094981 0.9993958927449035 -1.448375120291409
0.9994230980956944 -0.000546304435532655 0.03395839431227129 356.25496284207907 0.00036606350489651064 0.9999858152499621 0.005313689526013533 0.23703040766794858 -0.033960815513093386 -0.0052981931195644795 0.9994091215109824 -1.4732643629939317
0.9994429470194962 -5.9010538989284024e-05 0.03337352499723114 357.8646673433889 -0.0001153371289870836 0.9999863576643655 0.0052221817760570175 0.2535957136709423 -0.03337337786816313 -0.005223121950691292 0.9994293054772594 -1.505512105293627
0.999432364145008 2.7636368321619777e-05 0.033689000218933056 359.43492756602956 -0.0001912175219757725 0.9999882086931736 0.004852412851052909 0.2631325537722767 -0.033688468878526 -0.004856100374675133 0.9994205848159081 -1.536553681035338
0.9994528780595211 0.0001744255059604161 0.03307437246997664 361.0673349333707 -0.00034041549672938126 0.9999873762708046 0.005013124407203444 0.2712104571418228 -0.0330730805312941 -0.005021640645783292 0.9994403206141901 -1.5765361857951912
0.9994722981477125 3.2289492787103484e-05 0.03248267527034425 362.6156507324988 -0.00017447606341519444 0.9999904166961149 0.004374479858683227 0.2750346235941253 -0.032482222729260275 -0.004377838886869369 0.9994627255346982 -1.5924806518530792
0.9994481097558355 -0.00044157268562050383 0.033215672792383015 364.20133922606857 0.0003384480558698711 0.9999951058674245 0.0031102562775500767 0.2825917184032458 -0.03321688363469423 -0.0030972979775726536 0.9994433677737009 -1.6271539700113595
0.9993869755798027 0.00021443947646649782 0.03500895681344711 365.8115841106599 -0.0001799695602044097 0.9999994959792814 -0.000987751051815523 0.274578528987802 -0.03500915098102598 0.0009808449897387534 0.9993865104606394 -1.6544272952846306
0.9994026145390144 0.00034335792281598343 0.0345585902189152 367.38231183668915 -0.000311848108536319 0.9999995307789907 -0.0009171655005081902 0.2916982923502699 -0.03455888891933976 0.0009058405681794186 0.9994022526738299 -1.6930359915443451
0.9994292198010142 0.001029015584307999 0.03376648834071095 369.00401053642474 -0.001041382217056397 0.9999993969812242 0.00034865493847786665 0.28770818237390694 -0.03376610920751924 -0.00038361975363316334 0.9994296887249601 -1.7249317858904616
0.9993978954994103 0.0007355525316723834 0.03468869316971598 370.5919849201351 -0.0008086754803494614 0.9999974806146232 0.002093993403434114 0.30668273079780306 -0.03468706553338047 -0.0021207844961934163 0.9993959724542638 -1.7566409858445102
0.9993645011831952 0.0012180225539145941 0.035624572922652455 372.20749544459915 -0.0013311745174093461 0.9999941442516748 0.0031526872291595073 0.31685232313751266 -0.035620524269968666 -0.003198106223823847 0.9993602705567766 -1.7935513324022012
0.9993633708566604 0.0014477372415988526 0.03564767940402927 373.7980357062908 -0.0015921213129434918 0.9999906432668435 0.004022254155257315 0.3167649998385543 -0.03564152269106969 -0.004076448901176291 0.9993563250535908 -1.8288473744656457
0.9993903357028122 0.0014835107481154571 0.034882031186276044 375.39647314649795 -0.0016138156153191138 0.9999918241398595 0.0037077287651766976 0.32870658158910787 -0.03487624554019341 -0.0037617614619473746 0.9993845589400125 -1.8603918763297154
0.9993961009373925 0.0018176173601772152 0.034700572016452935 377.02023265891995 -0.0019588241940654938 0.9999899378889759 0.004035731480015587 0.3402484749189453 -0.03469288743984562 -0.004101266625571611 0.9993896052957285 -1.8974030861349163
0.9993834337531583 0.002225682855500591 0.035039958270144 378.61052161581165 -0.0023836247823353657 0.9999871849343919 0.004466351966349654 0.3399333275813861 -0.035029568547781734 -0.004547120277385401 0.9993759317816991 -1.9320780282166303
0.9993720753691197 0.0027852626526183207 0.03532275873108531 380.2334895469124 -0.0029633223473547656 0.9999831612471121 0.0049895834392950445 0.3413001076331695 -0.03530826663947414 -0.005091123077273725 0.9993635008207613 -1.972910097077926
0.9993562944899679 0.002637157954492234 0.03577767545835981 381.85622804487537 -0.0028742461801389784 0.9999742412538093 0.006576894233938635 0.3477737900410841 -0.0357594095613535 -0.006675494497901792 0.9993381321660011 -2.003401463046044
0.9993693821983056 0.0029058405271540416 0.03538917935482267 383.47740538540944 -0.0031741515323268957 0.9999666271633375 0.00752790287057812 0.34772706323039065 -0.035366123432274625 -0.007635486258895409 0.9993452539853098 -2.041081791290938
0.9993757067901847 0.003534018282472517 0.0351526299499478 385.1004474561073 -0.0038290197478660325 0.9999579886390868 0.008328238988066023 0.36350131991783236 -0.0351217209912793 -0.008457639839283833 0.9993472534824718 -2.0761977757669956
0.9993728632954495 0.003391550563985287 0.03524737569559923 386.7107535598257 -0.0037311537871400156 0.999947211476638 0.009573544354758923 0.3633249992137168 -0.03521304587892815 -0.009699053813014794 0.9993327622744391 -2.1106883569415964
0.9993452290409921 0.003981357283196128 0.03596195193799445 388.33717181041703 -0.004376368784428887 0.9999308841214845 0.010912120613745586 0.3710857187001062 -0.03591602134521248 -0.011062358437955085 0.9992935823052805 -2.146593098764094
0.9993273373693142 0.00404751038932442 0.03644846287575076 389.92070927794316 -0.004489349500977631 0.999917334764492 0.012048625586884236 0.37378366134422875 -0.036396682917743235 -0.012204150815323467 0.9992628984283676 -2.1891492086898463
0.9993207685765522 0.0040891434700419775 0.03662349515339234 391.55857946525134 -0.004578098025554983 0.9999013769680895 0.013276948285923419 0.3709109614655806 -0.03656559188687568 -0.013435596116290794 0.9992409330321503 -2.216319688106623
0.9993004596451515 0.004898919645746824 0.03707548973774354 393.2089169212243 -0.005411246590949078 0.9998910862155568 0.01373077262960333 0.37802038736694177 -0.03700418575405968 -0.013921792017496805 0.9992181313125281 -2.255506541686242
