1.0 8.809142651444726e-20 8.673617379884037e-19 -5.551115123125783e-17 -8.809142651444726e-20 1.0 1.7347234759768075e-18 0.0 -8.673617379884037e-19 -1.7347234759768075e-18 1.0 -5.204170427930421e-18
0.9999993011580781 -0.0003480319849955573 0.0011298482609536818 1.3160940844717768 0.0003481171165631284 0.9999999365833229 -7.515200288644408e-05 -0.058402083065748844 -0.0011298220340017183 7.554526988583102e-05 0.9999993588973364 0.018140396604628333
0.9999976844684006 0.0012037922336848642 0.001783799903291163 2.5652097675998258 -0.0012028053760217308 0.9999991230587825 -0.0005542029350592417 -0.11574037075546209 -0.001784465484192614 0.0005520560876714074 0.9999982554569841 0.031373844761168695
0.999998079788125 0.0003668897399309225 0.001925048566042563 3.894519990005444 -0.00036598952511373537 0.999999823530806 -0.000467963700123467 -0.11676274440616392 -0.0019252199174110292 0.00046725825392350615 0.9999980375970714 0.04683318994271285
0.9999976448955538 0.0006883753383901004 0.002058237775237946 5.222707479183744 -0.0006868031748214901 0.9999994719595113 -0.0007644488847208351 -0.10632222670108449 -0.0020587629161647673 0.0007630334801252969 0.9999975896346767 0.04723798164194728
0.9999971489586248 0.00038278719576602323 0.0023570211252339846 6.555573984858001 -0.0003803881594382708 0.9999994092970806 -0.0010181897357332131 -0.11143968937447493 -0.002357409482928424 0.0010172902499045637 0.9999967038651064 0.0497201114322784
0.9999951833540569 0.0006528283912809835 0.003034317679087463 7.889219805242052 -0.0006464200583133602 0.9999975598387011 -0.002112453017617829 -0.10653080124353348 -0.003035689344168042 0.002110481398868514 0.9999931652058781 0.06398788213043712
0.9999946250089137 0.0006425828356796088 0.0032151268375273457 9.210040112803767 -0.0006355705480065303 0.9999974183838275 -0.0021815764389134435 -0.09572553499217713 -0.0032165203808782743 0.0021795212730334928 0.9999924518133424 0.06689309193019549
0.9999961626859009 0.00010678861807281715 0.002768250289353848 10.54019568759411 -0.00010115085788750186 0.9999979209330215 -0.0020366389317906923 -0.10329928036233343 -0.002768462023833122 0.002036351105675789 0.9999940944286607 0.08080672611897588
0.999999755131765 0.00027291117601174584 0.0006444035227228405 11.86217441136158 -0.00027316578437700233 0.9999998846571464 0.00039505208306622546 -0.08299737012644107 -0.0006442956342669237 -0.000395228015324259 0.999999714338935 0.10154651281809714
0.9999999339679928 0.0003419045634587954 -0.00012314739012016913 13.189370776095204 -0.00034155557633642716 0.9999959574004318 0.0028228571664306013 -0.08631945037982795 0.00012411204003177798 -0.00282281491835387 0.9999960081481016 0.1155169543480664
0.999999683919761 0.0007195284426377555 -0.000338288631248925 14.531934392493095 -0.0007171973598102126 0.9999763417966852 0.006841160345013236 -0.04955016982116096 0.00034320303739659037 -0.006840915562944454 0.9999765417678236 0.11401608728852314
0.9999994167751031 0.0009739005049197723 0.0004668696394681408 15.888950568541963 -0.0009769330817290707 0.9999781371564966 0.006539939661546037 -0.043961101000759346 -0.0004604901818317521 -0.006540391947686053 0.9999785053799722 0.12953280831599998
0.9999929401146416 0.0014687487104401201 0.0034586844464910595 17.21328045890185 -0.0014876783670306577 0.9999838951568436 0.005476882326935649 -0.05160871629291568 -0.0034505845810656023 -0.005481989070803731 0.9999790204108667 0.15933574907803544
0.9999830891523636 0.0013422737477168428 0.005658596158262248 18.587478725711915 -0.001346471411279948 0.9999988211283305 0.0007380763429491673 -0.0577782935824606 -0.005657598787004596 -0.0007456829994076661 0.9999837176338571 0.17967564931587654
0.9999894763801622 0.0010101756153144577 0.004475117222510439 19.93138242196483 -0.0010057348613720137 0.9999989997723071 -0.000994460544133216 -0.06248118379849844 -0.0044761173261663395 0.000989949297409101 0.9999894921318279 0.20186215256907805
0.9999974856338087 0.0011207123229547116 0.0019423516544581768 21.295463952196243 -0.001116657494116944 0.9999971978810652 -0.002087416120088929 -0.06355967936772909 -0.0019446856047267461 0.0020852419300292483 0.9999959349737337 0.19731067808370842
0.9999985940344953 0.001555798614379289 0.0006256354402541804 22.62470316613457 -0.0015556136767646775 0.9999987462308576 -0.00029597770453916095 -0.04553196333483054 -0.0006260951375543802 0.00029500404135719016 0.9999997604887185 0.23454629989945708
0.9999955479082259 0.002169829990510578 0.0020484143964206703 24.002417193003716 -0.0021745127760782056 0.9999950214619517 0.002286601298319032 -0.049622343132793054 -0.002043442662238226 -0.0022910454214359202 0.9999952877153787 0.21418755365983377
0.9999748817453316 0.002835274544899766 0.006495929238006003 25.398622464797867 -0.002852053313556152 0.9999926171420622 0.0025751608232177756 -0.0466710449920188 -0.006488579991552173 -0.0025936228761802875 0.9999755854269989 0.22683714564334084
0.9999677740229103 0.0030565416366666745 0.007423507856068072 26.768044333539002 -0.003064587496386648 0.9999947287930071 0.0010727020448513913 -0.05490845315458996 -0.007420189966757724 -0.0010954174653349043 0.9999718700250693 0.23940699006508676
0.9999672711390406 0.0030523691566601524 0.0074926426093847595 28.141279465659782 -0.00303050125912602 0.9999911208047499 -0.002928203165500245 -0.05498217233910995 -0.0075015140377748995 0.0029054008658840587 0.9999676424429691 0.2792016958374446
0.999984302082612 0.0030471314193491693 0.004702188688738601 29.49241364217204 -0.003031603685017968 0.9999899403585513 -0.0033058373823032514 -0.04837765824640164 -0.0047122147073612435 0.003291530314984696 0.9999834802939183 0.2625883967041069
0.999989411430086 0.0035516902899462243 0.0029261790435027102 30.894123600218297 -0.003542103465714037 0.9999883641324557 -0.0032749202636398293 -0.051853093633795234 -0.0029377764973716673 0.003264520757986364 0.999990356140234 0.29951434176296843
0.9999903727941478 0.004107090628078663 0.001544708902689785 32.26838964787172 -0.004106136999207621 0.9999913775715089 -0.0006200174028094844 -0.03823932198401373 -0.0015472420512120562 0.0006136686473959755 0.9999986147254536 0.2836552429888783
0.9999880408691549 0.004889052174258754 -0.00012364265695111954 33.647425790701874 -0.004888961865040446 0.9999877894246071 0.000720453725034828 -0.04001113079256269 0.0001271634830539694 -0.0007198406247997362 0.999999732829426 0.3145915405509284
0.9999871825001395 0.005047422805263695 0.0003979427820049134 35.04183910482635 -0.005047860737322295 0.9999866464325572 0.0011072752794387495 -0.027349359898408934 -0.0003923485815519916 -0.001109269846682993 0.9999993077912595 0.3159610450818328
0.9999887424307303 0.0044580120286597715 0.0016251586257634868 36.436341832593364 -0.004459896836913917 0.9999893841269856 0.0011579954819962953 -0.033936024777944857 -0.0016199790154980142 -0.0011652304855964688 0.9999980089509704 0.3436338750520336
0.9999874677089906 0.004208475214740606 0.0027116713162655104 37.84392101853734 -0.0042129072834329925 0.9999897958868063 0.0016308079239744863 -0.02552688490216721 -0.0027047804313364058 -0.0016422115060535738 0.999994993639562 0.3293949435975603
0.9999883090949027 0.003637680943411389 0.003185741808662383 39.23878737572085 -0.003648343521345071 0.9999877415819658 0.0033475775345297634 -0.03980295277850373 -0.0031735253375035923 -0.0033591610788068125 0.9999893223298831 0.3374550582193882
0.9999837191439461 0.004339096268367317 0.0037058994340537442 40.62981723516988 -0.004363728619973094 0.9999682688106641 0.0066647763904587164 -0.017777120073405244 -0.0036768627350918 -0.0066808394216167945 0.9999709231097922 0.37461289985904006
0.9999843777769698 0.004095556899009268 0.0038040262477368673 42.055942953816725 -0.004130896046758919 0.9999479513213376 0.009329005633540596 -0.015925580984648264 -0.003765620779813732 -0.009344573930722482 0.9999492482312269 0.380132925151191
0.9999841816472077 0.003990065529060178 0.003964319921262469 43.44364863429621 -0.0040273867168337425 0.9999472249585806 0.00945132021819209 -0.008474585537970727 -0.003926399317107707 -0.0094671365632667 0.9999474769775136 0.3814722643127007
0.9999857562909578 0.00368500115488672 0.003861085558475773 44.871952198824026 -0.0037197323513686155 0.9999523376926773 0.009026955975524992 -0.000599539835668124 -0.003827637187034364 -0.009041189603053803 0.9999518018805337 0.3914537991888747
0.9999906377181712 0.0027633372431639393 0.0033299314235867984 46.264036255642104 -0.0027920612851974457 0.9999586687700627 0.008652464699957181 -0.015735007601901975 -0.003305884115474901 -0.008661681065754306 0.9999570222821229 0.4141192469386985
0.9999908492475041 0.0016652048774094786 0.003940623551150853 47.699555327395096 -0.001697693304606941 0.9999644811860662 0.008255555930715407 -0.0159663483038994 -0.003926736392874602 -0.008262170356385134 0.9999581577657652 0.4294750861554979
0.9999884240000356 0.0006830568440571909 0.004762908698758764 49.09767264349695 -0.0007238036124683004 0.9999631129967619 0.008558548601017528 -0.013019743307872936 -0.004756887034133048 -0.008561896937781246 0.9999520318228127 0.4402591644610127
0.9999881514393959 -0.00032802586848652425 0.004856889935884108 50.53312379087509 0.0002822173503463795 0.9999555029616667 0.009429339852137914 -0.00899131603205984 -0.004859766886060703 -0.00942785742942459 0.99994374750288 0.4600735817760093
0.999986485980721 -0.0015855826580655123 0.004951139622712608 51.98828326333668 0.0015395024691223925 0.9999555971679898 0.009296968568126103 -0.0128948540053099 -0.004965660890225882 -0.009289220637039502 0.9999445247571886 0.458441175051733
0.9999798191361109 -0.002578262119740059 0.005806365898965886 53.398277838945084 0.0025219797578846736 0.9999499696177325 0.009679766505273812 0.008214665735715837 -0.005831032379568853 -0.009664927621959429 0.9999362920883763 0.46763900490992216
0.9999725981956112 -0.003273917573929173 0.006639602521062532 54.84795961222275 0.00321220225642608 0.9999517388206698 0.009284491702971475 0.021613189913562342 -0.006669678746565941 -0.009262909544946053 0.9999348548241429 0.4899807507036043
0.9999653997684319 -0.003562990925169341 0.007516938314724571 56.23600318052863 0.0035206705448749954 0.9999779213976716 0.0056357427288918505 0.0303008653921376 -0.007536852451432425 -0.00560908306757608 0.9999558660472303 0.48870186648445635
0.9999638815717946 -0.004043344951930874 0.007475755043446852 57.67020633758056 0.004007812323775124 0.9999806305157086 0.004761935928077561 0.040528321171122594 -0.007494864391523183 -0.0047318025112439745 0.9999607177548263 0.505225782498996
0.999960560125555 -0.003565438692600025 0.008134238766812036 59.10674288899614 0.003537488834271317 0.9999877990755448 0.0034478794635917844 0.07208812027490907 -0.008146432724426252 -0.0034189687008457444 0.999960972381867 0.5233441893502079
0.9999574182434746 -0.0038165653914234887 0.00840211452299562 60.52134809098308 0.0037881165760955894 0.9999870476337037 0.0033992260346512476 0.049947983080844215 -0.00841497906417213 -0.0033672531003370526 0.999958924023336 0.5324861268973924
0.9999522942045536 -0.0031288863359642673 0.009253074372699765 61.977647500316216 0.0031144509641646214 0.9999939112459553 0.0015740604208164105 0.07206617146570671 -0.009257943089148426 -0.001545167082610413 0.9999559505040434 0.5336642065802782
0.9999556956780427 -0.0030225058214107905 0.008914658692352717 63.390951445777475 0.0030342342976268396 0.9999945485628493 -0.0013024080813454537 0.06340040389964749 -0.008910673558643417 0.0013293995421944718 0.9999594154732423 0.5436522322758014
0.9999646151784379 -0.0025228642544421376 0.008025182053533017 64.8027643964838 0.0025359786152680587 0.9999954650661689 -0.0016243951365383035 0.0770882493564152 -0.008021047531438358 0.0016446893476776434 0.9999664783348731 0.5555368753409945
0.9999679266083561 -0.0017822493389783793 0.007808286744157963 66.25238431707088 0.0017971668485221096 0.999996572725962 -0.0019038717520920368 0.08680867032864269 -0.007804866808847858 0.0019178434825480475 0.9999677024436702 0.5509063786566026
0.9999700804240529 -0.0012821140876155953 0.007628528048025511 67.62956419342791 0.0012840861049831316 0.999999143401213 -0.0002536133184525073 0.08897833215746608 -0.0076281963522292435 0.0002634014173175083 0.9999708701957798 0.5594278257139526
0.999959710380005 -0.00038967590070331236 0.00896804156040704 69.08643584622637 0.0003686517192857537 0.9999971804710983 0.0023458784631033847 0.11586077635909474 -0.008968930407057719 -0.0023424778646116812 0.9999570346193917 0.5735066359065784
0.9999467762130604 0.0003718872898344623 0.010310501488850531 70.44856786080614 -0.00043244549139432383 0.9999826670836275 0.0058718415520260655 0.12391297953675068 -0.010308139114549345 -0.005875987760265225 0.999929605040193 0.5906458688157852
0.999935671563669 0.0014138257779049029 0.011254058431690632 71.89427188641703 -0.0015213293486525804 0.9999532442094238 0.00954960481179701 0.1453166224749509 -0.011240030761839744 -0.009566111630035469 0.9998910696754695 0.5974000546757661
0.9999380700164529 0.0018182779739829872 0.010979526263954174 73.25409624680528 -0.001958723054767172 0.999916230273744 0.01279436747712428 0.1498710600962048 -0.010955342795469922 -0.012815080973380555 0.9998578669810422 0.5961239909538869
0.9999442882235748 0.0021646239240190658 0.010331256086062375 74.656122138223 -0.0023381153674385357 0.9998559607668511 0.016810441265049346 0.15000804086420355 -0.01029337969652263 -0.016833660394123748 0.9998053181555691 0.5994571006065511
0.9999401436117283 0.003097310542424839 0.010493610492099154 76.09527912442245 -0.00328178407473965 0.9998395770810782 0.017608236584553367 0.16412215532477165 -0.010437388899667133 -0.017641620382907074 0.9997898949995557 0.6010148373445298
0.9999333389898106 0.003516370102511299 0.010997850607750341 77.46132845525047 -0.0037175145351075515 0.9998252125683076 0.018322783588189385 0.16955417551696209 -0.010931498633284185 -0.01836244684241517 0.999771635366592 0.6064243567906843
0.9999309594268099 0.0035645592824572274 0.011196887822130942 78.88185285881096 -0.0037640470955150754 0.9998336603560778 0.017846107935072093 0.16296033276577226 -0.011131411826101875 -0.017887021442636743 0.9997780484360859 0.6267750824066906
0.9999458107769685 0.0030621026905304194 0.009949825963484173 80.24601630119146 -0.003230145362127502 0.9998516786127709 0.01691706050600968 0.15388360135244264 -0.00989654841500326 -0.016948283167834807 0.9998073884639642 0.6237750238455252
0.9999433532748575 0.0029245208089076157 0.010234130127759537 81.64663105778286 -0.0030958883897211314 0.9998545953232869 0.01676912895724159 0.16207373987050408 -0.010183600370794162 -0.016799862765644092 0.9998070108248609 0.6486437197115068
0.9999378270589916 0.0027171535841038273 0.01081476273168729 83.01208658709032 -0.002888824898167328 0.9998695735004413 0.01588995527851494 0.17809278220460417 -0.010770176751104373 -0.015920209309109853 0.9998152580493579 0.6439800979123451
0.9999495758279059 0.0024589034916498095 0.00973650836849177 84.3913400807984 -0.0026125209311544328 0.9998718174643985 0.015796308898748935 0.1876969272387143 -0.00969641871905488 -0.015820949214859617 0.9998278236926423 0.6401229375552625
0.9999486495281853 0.001650558719934952 0.00999869804877129 85.7784683619019 -0.0018038358645516184 0.9998807060393818 0.015340139059377622 0.19417479708217 -0.009972185464190556 -0.015357387346138417 0.9998323390303839 0.6369756185840315
0.9999424869253463 0.0005923694118720609 0.010708498495758143 87.16086122429236 -0.0007603755650416166 0.9998765871360132 0.01569179168350615 0.19869703908399883 -0.010697881591879007 -0.015699031680914067 0.999819531582439 0.6522958498923398
0.9999293782763629 -0.0005622727857054537 0.0118710702618104 88.54219761277335 0.0003887891643046226 0.9998931746017917 0.014611236352084302 0.2015242286477593 -0.011878017630568814 -0.014605589137902159 0.9998227790279149 0.656220230885609
0.9999217608862121 -0.0015353542277627594 0.012414297950835835 89.91922681240104 0.0013898170617929243 0.9999303116578422 0.011723490793494334 0.20530543055228342 -0.01243143253014652 -0.0117053199548619 0.9998542118579102 0.669941948156077
0.9999135108171378 -0.0024013233648577464 0.0129307591209162 91.28279753447944 0.002257371088725564 0.9999354486197846 0.011135657561094185 0.21141621443126443 -0.012956664737252222 -0.01110550492537626 0.999854385697857 0.6730055223898411
0.9999194990053196 -0.002707437992012855 0.01239618039841409 92.65905818303732 0.0025797234316020387 0.9999435521575678 0.010307158945205333 0.21997327500545513 -0.012423386654494165 -0.01027435049162176 0.9998700401482226 0.6817714070862897
0.9999206084251056 -0.002849938913023655 0.012274147422888014 93.98884453705519 0.002738182634443103 0.9999547339286918 0.009112214300573575 0.2236673327022144 -0.012299561074574538 -0.009077882010203531 0.999883149600783 0.6859053192819117
0.9999243319703551 -0.003253322580896943 0.01186365145407263 95.35423564917895 0.003156064595069356 0.999961337285208 0.008207508212020993 0.23828294994751492 -0.011889894444899131 -0.008169444715723853 0.9998959398773083 0.6864701221893188
0.9999302349170134 -0.003148631782281305 0.011384700993269601 96.72211475576894 0.0030593125104096852 0.9999644732869633 0.007854474577581523 0.23987653807713427 -0.011409027380552496 -0.007819097251334818 0.9999043433311029 0.6864541050614809
0.9999370704835403 -0.002741467820823871 0.010878392665416192 98.05946026840341 0.0026396718419070676 0.9999527009681717 0.009360980665779154 0.26141832188606 -0.01090354095524186 -0.009331676196988157 0.9998970110036293 0.6969426830289878
0.9999374989980586 -0.0025959221385083307 0.010874708536711533 99.40919471277863 0.002473979606458095 0.9999340842906977 0.011211890948043592 0.2703510583260836 -0.010903096918511445 -0.011184286386479681 0.9998780096669847 0.6947832313532964
0.9999226180024414 -0.0026323354733216466 0.012158487451137628 100.76325557032655 0.00249038004593565 0.9999287338563816 0.011675838967737235 0.2641998999270341 -0.012188355687720318 -0.011644656213457666 0.9998579128892766 0.7021137230086525
0.999902372748708 -0.0024627333399671715 0.013754269010026798 102.06746819942175 0.0023008390726832824 0.9999280378798162 0.01177392039137625 0.2992871066618681 -0.01378227524995722 -0.011741124576337041 0.9998360840070822 0.7047416048857582
0.9999137498185615 -0.0024125122224573125 0.012910178486753628 103.43896810401169 0.002265015624105585 0.9999321411664146 0.011427281679041954 0.28932635328640316 -0.012936870873820287 -0.011397054317941297 0.99985136121569 0.7144033845868878
0.9999415182097746 -0.0023081373850793708 0.010565635908112457 104.76280844736215 0.0021853275997171045 0.9999300936299508 0.01162033547191343 0.2920627880648106 -0.010591718633588747 -0.011596566518133452 0.9998766599643065 0.7165993270817727
0.9999545747705949 -0.002393409757348697 0.00922604926782426 106.09512037076453 0.0022966452138319443 0.9999423981236216 0.01048455318755297 0.30966125041702086 -0.009250611661975402 -0.010462887962425688 0.9999024723238588 0.7171400280851401
0.999944943218922 -0.0018613465752627392 0.010326951139313029 107.43904473097402 0.0017650140699211933 0.9999549211248949 0.009329546797043231 0.3211511641225919 -0.010343851131951833 -0.009310805928167392 0.999903152128609 0.7259337900277445
0.9999249289490105 -0.001521768464195592 0.012158153110468379 108.7605030474482 0.0014424334878195976 0.9999776301405787 0.00653135545389036 0.3125799372894012 -0.01216782034505066 -0.006513327810975474 0.9999047558187116 0.7126002034206838
0.9999062334249961 -0.0005775740457437103 0.01368176765111455 110.11823753634535 0.0005152377513223556 0.9999894738534388 0.004559244716195141 0.335351318054702 -0.013684256936239309 -0.0045517678482348235 0.9998960058533881 0.7373878883544138
0.9999238823144889 -0.00010286074722143498 0.012337706301686463 111.4225954624543 4.537827779643292e-05 0.9999891444744733 0.004659278272749574 0.32935645236037137 -0.01233805162624541 -0.004658363755407371 0.9999130322829033 0.7358998719715736
0.9999483507016663 0.001123474030504646 0.010101174937599117 112.7728567486717 -0.0011810299973836855 0.9999830928225646 0.005693789350094309 0.36243000902196876 -0.01009460733077215 -0.005705425060479642 0.9999327712540061 0.7384207320247884
0.9999645843495665 0.001604438315344452 0.008261708315532777 114.12528988244055 -0.0016785968904132404 0.9999582962811284 0.008977082545157142 0.3343519553612105 -0.008246960596376326 -0.008990632693827764 0.9999255753128262 0.747999698541326
0.9999644421379112 0.003370058922450664 0.0077302757179332675 115.42259669783915 -0.003459383198635265 0.9999270696131842 0.011571003529306442 0.3582526021947842 -0.0076907169822493186 -0.011597334075098154 0.9999031726695587 0.7492449134052529
0.9999411868176048 0.004819708853746883 0.009715622078122514 116.78712583557466 -0.004940595604732576 0.999910200903345 0.01245715234323375 0.36933456502091466 -0.009654709776595301 -0.012504420658197278 0.9998752052346995 0.7578278735056935
0.999915102369288 0.005420702236638904 0.011849221116929617 118.08254453584631 -0.005574146668158413 0.9999005394556232 0.012955311083711157 0.3646466880395583 -0.011777815703179059 -0.01302026050490422 0.9998458660581873 0.7500678081849796
0.999898247773851 0.006293526921484087 0.012801781816260197 119.44822934678076 -0.006456984135084548 0.999897646287681 0.012767313900546438 0.3579992452874014 -0.012720120072618874 -0.012848675700023519 0.9998365416797357 0.7596892968148138
0.9998960832189281 0.007383269844908981 0.012381845171211098 120.77390056668476 -0.0075411686773137 0.9998902192066261 0.012754619159566875 0.3590154534844826 -0.01228631508740064 -0.0128466673235725 0.9998419923169114 0.7644564963602092
0.9998871363731661 0.008754050601798968 0.012209877703344661 122.08155651365024 -0.008929175609727814 0.9998569782403055 0.014362899675758413 0.3547878841815813 -0.012082397874599724 -0.014470302768995622 0.999822297210546 0.7621301966037124
0.9998818321570836 0.00987790331705711 0.011779165855550798 123.43973136131663 -0.01006620245977255 0.9998207573951607 0.016035106791224954 0.3585945027604735 -0.01161866129261761 -0.016151783425553713 0.9998020437076238 0.7585939762590798
0.9998743048114618 0.011221327511073043 0.011200731524557203 124.78076828220695 -0.011413048283306922 0.9997868900618854 0.017202232101280166 0.3623021727304722 -0.01100531265702521 -0.017327904353171046 0.9997892912129277 0.7622830005112292
0.9998714212198686 0.012029505696149408 0.0106033966476052 126.11077524929256 -0.012222499278276247 0.9997573139225295 0.018328223312732705 0.3395653927994874 -0.010380343884124111 -0.018455466700009804 0.999775796971367 0.7644201268879245
0.9998628653707001 0.013143437368906377 0.010074745992975224 127.44846062425084 -0.013321499995209013 0.999752539290162 0.017815662231608128 0.342562139762792 -0.009838093848453633 -0.017947429816069418 0.9997905288971417 0.7703629161745886
0.9998432203131401 0.013866126398065198 0.011012053966557099 128.76570346729991 -0.014051341166989584 0.9997580415450387 0.016923893684304893 0.32147925753326617 -0.01077472065801941 -0.017075974488786016 0.9997961374650335 0.7674816789252628
0.9998189388318474 0.014742521753862668 0.012031109902897835 130.1360478930104 -0.014953264167944916 0.99973295595312 0.017618645576798916 0.3136610806833085 -0.01176815380093135 -0.01779535988886112 0.9997723919585616 0.7852682452912613
0.9998026629610972 0.01527699210827556 0.012698371865014947 131.4606710567925 -0.015460706601763673 0.9997753686435787 0.014497544791115577 0.3037200145905941 -0.012474040535155323 -0.014691009690280225 0.9998142690255062 0.7733158801666353
0.9998031617467819 0.015386380943141913 0.012525854965260602 132.8080774801611 -0.01556030077360981 0.9997822002041654 0.013907882468324168 0.28765939537021573 -0.012309134858836435 -0.014100050935739211 0.9998248215375714 0.7852210818829213
0.9997958575517157 0.015199069647620897 0.013312832316082095 134.13815155026626 -0.01534898682640147 0.999819106087546 0.011232261824910729 0.27396489966481374 -0.013139704175981464 -0.011434307331323657 0.9998482908871827 0.7692232882771954
0.9998071752353058 0.01430301895422023 0.01345496179086391 135.47221337561194 -0.014445733567849048 0.9998397837325101 0.01057012996201998 0.2337721073742968 -0.013301621317911218 -0.010762458572393677 0.9998536074625086 0.784768393817126
0.9998291009908776 0.013315746620305165 0.012824184329512038 136.81611027741135 -0.013450118575606431 0.9998549417596209 0.010449389894514577 0.22940015259030958 -0.012683182647726766 -0.010620090904003041 0.9998631659117737 0.7816092791525281
0.9998165396098909 0.012710732480129536 0.014329145205562294 138.1484077217028 -0.012819386624264129 0.9998895762390881 0.007516558720204483 0.2382596527035247 -0.014232021960394341 -0.007698870581794721 0.9998690799013057 0.7858799568643288
0.9998342294084916 0.011188874943035537 0.014363940289376577 139.50085076816936 -0.011288195198978283 0.9999128082049634 0.006852199414325487 0.1931860310689779 -0.014286019469307321 -0.007013206482988393 0.9998733542717045 0.7856473222914772
0.9998409790590075 0.010242438758969264 0.014598254779056167 140.8541732194106 -0.010327743576201144 0.9999299614343646 0.0057801330862102315 0.20862398833983792 -0.014538029679076461 -0.005929980956025945 0.9998767329120682 0.789054895170094
0.9998597229205248 0.008830278809927468 0.014232380596023223 142.1863164825067 -0.008917022056283504 0.9999419834225745 0.006042888926302634 0.19411759798041417 -0.014178194487975748 -0.00616895169918062 0.9998804542724067 0.7849345577954553
0.9998724789115987 0.007745360829686788 0.013965503957698707 143.53767831209896 -0.007828949620906151 0.9999517068138243 0.005940672348560594 0.18010226435424959 -0.013918816868105494 -0.0060492500144722575 0.999884829923554 0.7849679329465629
0.9999069152107333 0.007245467696866986 0.011561319630965258 144.88531661866202 -0.0072913502105757255 0.9999656894884271 0.003931419341823604 0.17297656386785762 -0.011532437984330242 -0.004015351016808423 0.9999254371353643 0.7821169813279796
0.9999235551277507 0.006037624163593222 0.01079031951052864 146.19152305336587 -0.006048608502408918 0.9999812212516183 0.000985636498164528 0.17563656807400077 -0.010784165979095756 -0.001050827569643434 0.9999412970397583 0.8031314977445889
0.9998950098309995 0.005385435109418973 0.013452375394244438 147.57943511483276 -0.005270937252597611 0.999949706829762 -0.008532352052757042 0.17771039446891704 -0.01349764925994947 0.008460549613071602 0.9998731082315896 0.7888635860364902
0.9998775339297999 0.003936077453048196 0.015146763243196302 148.8972242910498 -0.003705978966243896 0.9998777654770611 -0.015189464259841828 0.1597002746743543 -0.015204698693614247 0.01513147047985952 0.9997699013966931 0.7999683692604477
0.9999211898698627 0.002922612079415278 0.012209520378436338 150.19841596376082 -0.002714065228123596 0.9998507419167326 -0.01706246578009187 0.1253496967529315 -0.012257564977420546 0.017027983650232094 0.9997798757094642 0.8048659991744823
0.9999547226028365 0.002940047824290599 0.009050351544286519 151.60090436817106 -0.0027869842500942692 0.9998536578951065 -0.016878848081702674 0.1448988114524629 -0.009098651717370643 0.01685286066418267 0.9998165809909133 0.8061618732102942
0.9999703892250931 0.003866809321928963 0.006653454642778614 152.91308111850998 -0.0037832722180847138 0.9999144325638661 -0.012522555721792509 0.13594576356703322 -0.0067013076589228 0.012497013089109462 0.9998994535149578 0.8142002819315011
0.9999642470909375 0.00485923371692023 0.006920432612122939 154.28488879454946 -0.004764849168910741 0.9998962941715511 -0.013590331651452885 0.14590913930613106 -0.0069857535207105415 0.013556870939980845 0.9998836984860113 0.814378180020812
0.9999368990443925 0.00537178193363553 0.00986619928552144 155.6073671273654 -0.005201129082958197 0.9998378231822846 -0.017241681773333132 0.14812148414723011 -0.009957217771373855 0.01718927843069477 0.9998026717914318 0.8095752444248041
0.999888223200801 0.005813051263374248 0.013774960593580054 156.95308694633113 -0.0054875217282962345 0.9997075269881539 -0.02355308023403943 0.14736787419812905 -0.013907847052178027 0.023474857150555892 0.9996276821257674 0.820117507214902
0.9998779631222939 0.005864668203395612 0.014479797280237083 158.29848350246212 -0.005494277530227309 0.9996600186310358 -0.025488430022619066 0.11428625648712133 -0.014624355604043553 0.025405763469362422 0.9995702453583266 0.8227189573681799
0.9998758710464293 0.005362386152374714 0.014815104248605127 159.6397325524314 -0.004966684680251622 0.999633333852604 -0.026618224847182875 0.08967340162728014 -0.014952409251728353 0.02654133880347881 0.9995358836940711 0.8335947538813995
0.999869807540479 0.006705231245880603 0.014676779037128614 161.00231051509522 -0.006317841409382746 0.9996345557721852 -0.02628383126699368 0.10279392568520819 -0.014847654659619482 0.026187683747998264 0.9995467734783717 0.8121535827409273
0.9998685880723003 0.007972388672018237 0.014115509383904693 162.34073994620613 -0.00762898702458774 0.9996776179281877 -0.02421691083526836 0.10524935561627498 -0.014304025422359189 0.024106041406397306 0.9996070696150711 0.8007272604134601
0.9998764065618685 0.00912320588035327 0.012803855489264344 163.68460305999 -0.008844107400222387 0.9997256706604299 -0.021687904159852358 0.11894669212220628 -0.012998206230807727 0.02157198500412739 0.9996827977402447 0.7978134027423541
0.9998802085464183 0.009788431205683581 0.011989794481250971 165.03964960538784 -0.009543461742632237 0.9997479562555133 -0.020321080209753938 0.12284861441414156 -0.012185684024212643 0.020204221773083418 0.99972161051335 0.7822764451084064
0.9998641053594592 0.010322065760187458 0.012854017744289351 166.38635564976735 -0.010061789019542142 0.9997463100864411 -0.020151324280842126 0.12888155035323676 -0.013058760104020633 0.02001925140927607 0.9997143083689248 0.7783460614796094
0.9998689924688232 0.009935319458904133 0.012778392959600218 167.7108983710065 -0.009676134633728644 0.9997493891789364 -0.020187403371741002 0.10547722113708016 -0.012975758857592747 0.02006111321918462 0.999714549968378 0.7621894737164182
0.9998970271339293 0.009387086009409346 0.010854388282262392 169.10058229457678 -0.00919541194716367 0.9998032493340977 -0.017575750911462747 0.10146198747958787 -0.011017237759625752 0.017474130514328178 0.9997866148508471 0.7671089360917916
0.9999328325662351 0.008056605846283777 0.008331954050718775 170.52706986153592 -0.007943174311306934 0.9998765264964905 -0.013558677781150351 0.09313058183985284 -0.008440162197840547 0.013491584916179888 0.9998733623807186 0.7809190798437633
0.9999454115460197 0.007886490388602192 0.006853991348977049 171.8629872734875 -0.007827340764943819 0.9999322605618965 -0.008614349895668717 0.08930164983817304 -0.00692146405111055 0.008560231125737446 0.9999394060534184 0.7728794934328955
0.9999348669648375 0.008214037034340127 0.007924103962675207 173.22192711808475 -0.008168277343798953 0.999949876726453 -0.005789929186635605 0.08435652059668136 -0.007971265473409902 0.005724825792106075 0.9999518414885801 0.7752588810809697
0.9999091578033761 0.009038501781189527 0.00999908128252752 174.6012489268606 -0.009021697838543289 0.9999578168502502 -0.0017243805239535055 0.0842061309076474 -0.010014245306221622 0.001634015187444897 0.9999485211176193 0.784409768546218
0.9998800621810008 0.009111996164795888 0.01252328945647446 175.99915748108194 -0.009120610352191624 0.9999582073349972 0.0006309121826845803 0.09208679682473356 -0.012517017205444528 -0.0007450565559136223 0.9999213814950689 0.7967226456934355
0.9998743641783977 0.00814361963985595 0.01359916607760142 177.42177360046625 -0.008108832439430442 0.9999637135167776 -0.0026112231243596287 0.07971973588435317 -0.013619937419609287 0.0025006217021577566 0.9999041175011675 0.7863734570056508
0.9998855638750749 0.006904616632173065 0.013460513488955746 178.81099710883845 -0.00684077932367966 0.9999651634385625 -0.0047828493112086245 0.07806165938986044 -0.013493068311853956 0.004690221578105988 0.9998979642588938 0.777670245367135
0.9999406032401769 0.004832922390101406 0.009768973991288742 180.1462311305547 -0.004764759588172468 0.9999642265755592 -0.0069887506187181385 0.07398618278138588 -0.009802400610979839 0.006941788697084574 0.9999278596538587 0.7770302399973665
0.9999752465327526 0.0032350796939323127 0.0062482462447100776 181.56602888980365 -0.003211579952816693 0.9999877461784636 -0.0037673926160476275 0.08863568709110818 -0.006260357495166925 0.0037472326176381248 0.9999733827316315 0.8004285948796672
0.9999820935422192 0.001985717763469764 0.0056453095472424825 182.95733188131663 -0.0019817531791894993 0.9999977858438667 -0.0007077864796070995 0.08263464715373654 -0.005646702511831025 0.0006965861955156281 0.9999838146282244 0.8031175804346697
0.9999745594680567 0.001912959197832115 0.006871754053622712 184.2870575906056 -0.0019271939764886022 0.9999960098763039 0.002065467222725986 0.10164859523760883 -0.006867775479952495 -0.0020786578791611816 0.9999742560893147 0.7988419903606397
0.9999505720999257 0.0026830354905740387 0.009573644947873933 185.73711705922605 -0.002729659870478134 0.9999844629177219 0.004860337451963485 0.10855393117879134 -0.00956045574348489 -0.004886230010117998 0.9999423595599225 0.8043359361917142
0.9999241427118626 0.0029248006379936206 0.011964713250828485 187.10959670509675 -0.0030122673871800904 0.9999688255561142 0.0072989150641493954 0.12003316974497001 -0.011942992386110352 -0.007334402303768716 0.9999017809143614 0.8158489908002274
0.9999163085996489 0.003134252262933298 0.01255198228186785 188.5581574748519 -0.0031886354761073874 0.9999856067025317 0.00431497295126719 0.11878402484303455 -0.012538277403716044 -0.004354635521137856 0.9999119104947323 0.8006530718747508
0.9999112974159217 0.002868936889972271 0.013006402313076927 189.9662830149495 -0.0029145358124965594 0.9999896686216407 0.0034882848190243725 0.10311345048375414 -0.012996260270013512 -0.0035258830244801246 0.999909328573292 0.7972108623662083
0.9999003206411022 0.003366377893630166 0.013711902920386347 191.33076217081341 -0.003371283637030087 0.9999942612035687 0.0003346738226201582 0.12084460633048574 -0.013710697592008755 -0.0003808671764961232 0.9999059314314194 0.7967682849150094
0.9999006844318477 0.003590009621329757 0.013628393289064442 192.78488390120728 -0.0035701490811707866 0.9999925298047525 -0.0014813406864874325 0.11198013843007927 -0.01363360950962262 0.0014325381705167393 0.9999060318480578 0.7876124784743552
0.9998874859059287 0.003935914014679673 0.014474947654152045 194.14140944179488 -0.003885777812510381 0.9999863597033527 -0.0034901487115498835 0.10160222806192055 -0.014488487136799193 0.003433509590197676 0.9998891412313572 0.7914620588425856
0.9998619479938998 0.004714911964042287 0.01593281390763849 195.6076511614872 -0.004585739628523704 0.9999564023736519 -0.008134146790075165 0.11276286960251507 -0.015970471060788874 0.00805996011866273 0.99983997774493 0.7848758969756808
0.9998478881010009 0.004906489704057079 0.01673699551151021 197.0139198978029 -0.004710003674622151 0.9999197687324903 -0.011758909955782701 0.09256778883093886 -0.016793347651775 0.01167828997529782 0.9997907786221573 0.7899921339347619
0.9998881571298626 0.00497442913800235 0.014104193922314942 198.43130634923472 -0.004850963005339933 0.9999497360232832 -0.008774598844793795 0.09941206500643589 -0.014147133609607848 0.008705198545537399 0.9998620295465344 0.8055184982652879
0.9999520921713207 0.005199480852909875 0.008293296151634813 199.86600455329494 -0.005169489955928154 0.9999800363602737 -0.0036336282833017374 0.11354439598638737 -0.008312023567943918 0.003590582092903043 0.9999590081520542 0.787596981259245
0.9999523179965059 0.006159353420113496 0.007577869018451744 201.32200567237697 -0.006213552557308447 0.9999551360488588 0.007149661119660488 0.10831698249876497 -0.007533491755636312 -0.007196405696912549 0.9999457276507627 0.7828728176119171
0.9999118307249231 0.007414113327673649 0.01101642863623038 202.75973130732845 -0.007565411410810771 0.9998767574309352 0.013756253108454592 0.12294846508065528 -0.010913080523753088 -0.013838384044501164 0.9998446898396365 0.7795541951207408
0.999877343952579 0.008312038989070333 0.013274300666331833 204.17241029895436 -0.00850777620987865 0.9998549017047119 0.014757821012041776 0.11177953820089374 -0.013149707004288193 -0.014868945655459686 0.9998029804220411 0.7785539821681021
0.9998691197058788 0.008543622450886187 0.013738630718084715 205.63650319393392 -0.008727457856041454 0.999872434210833 0.013377099262338344 0.1416215905282567 -0.013622589253229641 -0.0134952517842442 0.9998161347174378 0.7714427460086642
0.9998745157185764 0.0070801747591302585 0.014171236428851507 207.0937527021137 -0.007225495663375027 0.9999215681827034 0.0102298433742528 0.11940985435818031 -0.014097695874176813 -0.010330953897069235 0.9998472515152581 0.7735294516047311
0.9998888729107468 0.005576683806059013 0.013825426828992559 208.52909099823708 -0.005706289477890367 0.9999399800243757 0.009352786175554613 0.08570041498261495 -0.013772439496004539 -0.00943063871529214 0.9998606817770918 0.7779524480097576
0.9998984486665277 0.005157867152291251 0.013284907252614355 210.01560677903166 -0.005273681998930385 0.999948269130671 0.008697547973379103 0.09418325843016263 -0.013239359215815854 -0.00876672510202004 0.9998739240016915 0.7648776674454479
0.9998975626658244 0.00524093058332089 0.013319039813911249 211.4785970202749 -0.005372914755449796 0.999936627675111 0.00989304911324208 0.1079228710732127 -0.013266346971733066 -0.009963597761208639 0.9998623559058909 0.769145792390263
0.9998919656068034 0.004881369833407077 0.013864679711867575 212.91105196278053 -0.005029866530501321 0.9999301473782267 0.010695831283396713 0.09815684921395171 -0.013811500919469671 -0.010764413254193122 0.9998466731702638 0.7557566202170035
0.9998932930963965 0.0043165574207344 0.013955993439280293 214.35285171728816 -0.004467397731632114 0.9999317503130958 0.010795233823128228 0.10420066274661136 -0.01390844270042984 -0.0108564288705866 0.9998443344710349 0.7645013573452469
0.9999008404874936 0.004223167118192924 0.013434063119380502 215.80196217397835 -0.004374061612731708 0.9999274561042155 0.011222749839502588 0.11086004438517799 -0.013385693012007717 -0.01128039841689302 0.9998467761783024 0.7654922192542036
0.9999077343364112 0.004031649861475754 0.01297183925352641 217.29591036258265 -0.004168485913834183 0.9999357744052036 0.010539012755082362 0.11025189426230071 -0.012928516520120632 -0.01059211329528179 0.9998603205430892 0.7587011926910116
0.9999113435684891 0.0030588481290648385 0.012959492705436148 218.76583314095237 -0.0032072079283008217 0.9999293868410007 0.011442689766169196 0.08886699657268239 -0.012923576144534476 -0.011483239085879273 0.9998505470317716 0.7648433237220292
0.9999164596549119 0.003242066416837905 0.012512502409016978 220.24865556074832 -0.003396246557724691 0.9999183311664228 0.012320572497864092 0.10554415432328333 -0.01247153641320856 -0.012362038776221084 0.9998458085008854 0.7576980274290815
0.9999155358708448 0.003373279065149685 0.012551578086833659 221.73865085964817 -0.0035108124345275046 0.9999338660899706 0.01095160455889619 0.11893613778594762 -0.012513805183509414 -0.010994745777574469 0.9998612504968455 0.7582367078863216
0.9999199915172425 0.002837096554413604 0.012327264388272712 223.2279025596737 -0.002997301673640213 0.9999110428830794 0.012997019010126907 0.11353932149508122 -0.012289293992521936 -0.013032927668537912 0.9998395451518969 0.7608478471526333
0.9999239020318629 0.0022620007336872057 0.01212738628287586 224.7114733304242 -0.0024128495355468333 0.9999197274374054 0.012438522364957978 0.10860127791207169 -0.012098276839785841 -0.012466837377039413 0.9998490934452671 0.750852237303221
0.9999199874278308 0.001914600625894012 0.012504121191426463 226.16362619518748 -0.0020933134509336497 0.9998956314949946 0.014294899650655784 0.12242472506425274 -0.012475447131173068 -0.014319930924047953 0.9998196351328612 0.7626553382533494
0.9999165112379902 0.001727880706664958 0.012805662103533835 227.678944610945 -0.0018990006202734785 0.9999089113129164 0.013362741996406665 0.11361365891195357 -0.012781406428501856 -0.013385944317897951 0.999828711402322 0.7691732475461559
0.9999210356477461 0.0017949231871357807 0.012437874412092877 229.1833802704575 -0.001934271075180503 0.9999354009919686 0.011200555273666523 0.10887822757834016 -0.012416966801374338 -0.011223729049786494 0.9998599136087367 0.7630204045175605
0.9999161613061994 0.0019908566145207343 0.012794797716856803 230.6833917243075 -0.0021350104831240296 0.999934292989267 0.011262834203327948 0.11792190811744138 -0.01277153432097395 -0.011289206969274788 0.9998547103039986 0.7621723487612945
0.9999021289930722 0.002815727444595917 0.013704164114580733 232.17323219537056 -0.0029465106929140246 0.9999502234625948 0.009532506063113042 0.1460432935805824 -0.013676641029805394 -0.009571952573247161 0.9998606538983706 0.7639864795935419
0.9999012356862885 0.0022707756627467755 0.013869479115047033 233.68889452812317 -0.002408606856514236 0.9999478041521671 0.009929128072000026 0.12589240254010384 -0.013846208363447427 -0.009961553550973026 0.9998545143993736 0.766471585226073
0.9999021151254697 0.0023072209388906306 0.013799887649946094 235.14606925980928 -0.002435854061229119 0.9999536775793071 0.009311783428091577 0.11702288568981449 -0.013777764064041149 -0.00934448645771569 0.9998614172925352 0.752424282174054
0.9999053121543805 0.003197276389460479 0.01338447418243331 236.68750854335542 -0.0033344739122621483 0.9999420023502736 0.010240762640242816 0.15480652587752605 -0.013350955365788187 -0.01028442314448158 0.9998579812310376 0.750557279154344
0.9998968292632767 0.003057881032055443 0.014034963229010466 238.1757608832633 -0.0032254621848115477 0.999923594651338 0.011933199622957169 0.14117294296608257 -0.01399740057797272 -0.011977237709120995 0.9998302948770451 0.7549120794324622
0.9998628565466658 0.0036066259747729243 0.01616354996340753 239.67972238505723 -0.0038253762034795883 0.9999012408464935 0.013523130205118618 0.1481522707859316 -0.016113180792237468 -0.013583107255736172 0.9997779076385094 0.7533156706048365
0.9998435431834657 0.004435073685996864 0.017123646683252603 241.23026792235407 -0.004640202319674067 0.9999177319419087 0.011958171707320919 0.14027506660959574 -0.017069202581420757 -0.01203575795490493 0.9997818676359786 0.747201746873531
0.999867455423664 0.004521782114039041 0.015640494593223055 242.70517846333894 -0.004742677859665734 0.9998891281394919 0.014115184560118602 0.1402416720913658 -0.015574934713407932 -0.014187491496382675 0.999778043614538 0.7547474626089465
0.9998743289649986 0.005531005137176048 0.014857128220700847 244.25501041514008 -0.005725496340680089 0.9998980571783995 0.013080288319259998 0.1321289774327876 -0.014783266501239577 -0.013163708939149437 0.9998040667043312 0.7411408192504122
0.999875146790161 0.005581149261741214 0.014783152717609287 245.74155075029253 -0.005777194539310663 0.9998954980125326 0.013252059369189773 0.13122038009336148 -0.014707646127404357 -0.01333580995619452 0.9998029012351402 0.7229676934835997
0.9998552560821197 0.005868914984187325 0.015969430856086927 247.2530084168172 -0.006084027140218518 0.9998909655314463 0.013455172326997071 0.14236424134603184 -0.01588872237519569 -0.013550383223380981 0.9997819440336895 0.7161502529349401
0.9998409778153143 0.005714565195128501 0.01689268557532562 248.81826560761397 -0.005947437293822112 0.9998875364938534 0.013767438174514835 0.13893177974929416 -0.01681211084165942 -0.013865717034602302 0.9997625192115197 0.7226105904874136
0.9998509205507966 0.005274450113947575 0.016441315328161836 250.31198100762253 -0.005500770297704513 0.9998903246979766 0.013750640039898347 0.13838791558890565 -0.016366985057012264 -0.013839030001067351 0.9997702751376304 0.7084825309153088
0.9998392860314352 0.005601767111308227 0.017030041496731933 251.87032096713187 -0.005858638976097287 0.9998692595217689 0.015071171578128487 0.1464168541611043 -0.01694338978768711 -0.015168522295210554 0.9997413852961585 0.7108711713383937
0.9998398565931469 0.005031744131691561 0.017173896435832538 253.39505519702598 -0.005319957412689478 0.9998450891582361 0.016777834761558537 0.12344285783025959 -0.01708681424147533 -0.01686651229958877 0.999711739223825 0.7004737960699571
0.9998413346005056 0.005486359599327575 0.016947137888935197 254.9398814471317 -0.005774931163555521 0.99983836960927 0.01702600443830351 0.12269437912893554 -0.01685098793352817 -0.0171211715552354 0.9997114132039507 0.683314321614186
0.999826073177725 0.005469585108204305 0.017829947637461183 256.44800415328206 -0.0057511561311399916 0.9998589607037341 0.01577919210871989 0.1279336885603926 -0.017741127280016592 -0.015878990496651445 0.9997165148499056 0.6839710342176506
0.9998184045407631 0.0053190203079046035 0.018299343281305665 258.00468584059956 -0.0055769746575543054 0.9998853985988453 0.014074339149579103 0.10276079908943288 -0.018222384455168467 -0.014173838287227507 0.9997334879921627 0.6605925929924648
0.9997967563642526 0.005635662844573291 0.01935678867533652 259.5147145199178 -0.005869140083659642 0.99991045760133 0.012026220278100441 0.11612892465814219 -0.01928727969926603 -0.012137383729672166 0.9997403086592043 0.6686291815673905
0.9998092871589743 0.005212950105673517 0.018820586118915194 261.076388653067 -0.005415587311803922 0.9999277460342492 0.010731920840857714 0.1040664776125349 -0.018763281289048916 -0.0108317986531308 0.9997652781594318 0.6539158673067937
0.9998321028353658 0.004680604234321852 0.017716040297205495 262.6065878432695 -0.004888235558837267 0.9999196644669058 0.011694860645246417 0.06053011179813917 -0.01765987805540796 -0.011779497289445882 0.9997746606864348 0.6650016935900656
0.9997966732195962 0.005854475380938432 0.01929604459576679 264.1269323532744 -0.0060541131131243 0.9999285859444417 0.01030391797146412 0.08173528843069644 -0.019234342552874824 -0.010418643345616102 0.9997607173406022 0.6488485307694298
0.9997437514276118 0.0065588420563936385 0.021665942682571895 265.6726478293176 -0.006679079138872384 0.9999626686663411 0.005481895251264784 0.09561331675530566 -0.02162917897891384 -0.005625199069227837 0.999750236685208 0.626506189806361
0.9997614423053856 0.006595001701259945 0.020822210065596543 267.2546004934214 -0.006745620889846427 0.9999515308359496 0.007171650971111728 0.07236910028036328 -0.020773903780125655 -0.007310398853780738 0.9997574720852717 0.6304851824536518
0.9997760595178151 0.00692994417493995 0.019995166635026942 268.746786193644 -0.007068779689577396 0.9999513398803791 0.006881149986357004 0.10042778958476628 -0.019946507682561797 -0.007020950446110466 0.9997763965437986 0.6226796462917663
0.9997801885567047 0.0077815700786126865 0.019468480593810816 270.33750365332236 -0.007906455886136815 0.9999486065310488 0.006346042226014799 0.06673148342117505 -0.01941809786875432 -0.006498573976298962 0.9997903310251776 0.5944893073682151
0.9997648146781105 0.008460622477123462 0.01996830485902429 271.83423475895876 -0.00863003807873237 0.99992736629884 0.008413356608693218 0.06800243529697982 -0.019895672253104922 -0.008583705142012146 0.9997652135534782 0.5875378207484832
0.9997653740696705 0.009473351752267354 0.019479538441905864 273.38624773714287 -0.00967590609595133 0.9998998239169371 0.010330487505471088 0.07509892018170718 -0.019379722716133148 -0.010516545889985714 0.999756884752483 0.5764944056195217
0.9997590190785929 0.010145879710832919 0.019467020724887988 274.9614131043875 -0.01036190282295667 0.9998854974125978 0.01102828335913947 0.04598969036911906 -0.019352900064267164 -0.011227341130257817 0.9997496747037468 0.5644979009252508
0.9997563343545655 0.010837619054251107 0.01923065082510845 276.46836842412125 -0.011074400664374186 0.9998636475647464 0.012249241953903693 0.03644562625757206 -0.019095276061037177 -0.01245922516673084 0.9997400352793708 0.5606226635778024
0.9997579144413294 0.01152209539322582 0.018744434631982793 278.0684967513393 -0.01176979377363887 0.9998441534968561 0.013158292924290771 0.01004308146501634 -0.0185899022711063 -0.013375725621618935 0.9997377183529917 0.5578763371689605
0.9997516147042935 0.012695947572618502 0.018317254471974694 279.55762957625376 -0.01293017712715632 0.9998354147365546 0.012726113233898252 0.001555287925244001 -0.018152669655401053 -0.012959797599305286 0.9997512311723187 0.5470651341562665
0.9997329553195837 0.014004264393537379 0.018382019115623097 281.09964931346394 -0.014226660279645616 0.9998264969988603 0.012024060723212153 -0.00043902787255957454 -0.01821044165468772 -0.012282364502970938 0.9997587325634907 0.5277383034688983
0.9996913195526054 0.014864013772875242 0.019907955840078706 282.69292500023124 -0.015081017250452782 0.999828001486138 0.010794923016245262 -0.03804696770724829 -0.019744075816869586 -0.011091823060024496 0.9997435385794413 0.5307037273862699
0.9996711092900724 0.015545460348742997 0.020396370101116272 284.17362529875527 -0.015752719512822918 0.9998255043267297 0.010040554055974028 -0.016397579262201707 -0.020236725987826654 -0.010358550108305106 0.9997415542833794 0.5167841457567013
0.9997123501060645 0.015347912792086636 0.01842982957968084 285.78029623746255 -0.015517803575602281 0.9998380815950361 0.00911089263174523 -0.040449012338530405 -0.018287012265501446 -0.00939426235979536 0.9997886441729156 0.5135628244094095
0.9997559438322657 0.015482285702523427 0.015759175152302116 287.29084786939035 -0.01562696542091902 0.9998364870041886 0.009099297052861902 -0.06328249563618545 -0.015615720405696911 -0.009343344398461335 0.9998344118861197 0.5052369549416856
0.9997590312605001 0.014806336727811502 0.016206535896634056 288.8271068443095 -0.014949572775123786 0.999849936508192 0.008752984542756333 -0.07959946121561579 -0.016074504250753918 -0.008993156134923592 0.9998303523377481 0.4989654566467785
0.9997641417684915 0.014250939650589734 0.016388152824125035 290.3802439305919 -0.014379772604535712 0.999866411343092 0.007770560322705493 -0.1107072252792315 -0.01627522576658991 -0.008004385483109246 0.9998355098911442 0.494816495849803
0.9998034630375451 0.012406720340185886 0.01546313643905127 291.93235682909443 -0.012527961035672303 0.9998913438042717 0.007768576290187098 -0.1366114964784935 -0.015365073719998025 -0.007960771048598143 0.9998502591057777 0.4870880008798867
0.9997912251590837 0.013498530326307932 0.015339353765009818 293.52884074017607 -0.013619141156571918 0.999876942865847 0.00778576389347409 -0.09004417308823312 -0.015232369778066204 -0.007993047246032082 0.9998520321060848 0.46831861955887105
0.9997992271443898 0.012457082390105331 0.015694792123719905 295.03989525053674 -0.012587783994860678 0.9998866815383982 0.008256620145579456 -0.14943489373622312 -0.015590160216604003 -0.008452525093472767 0.999842738496392 0.4684711551330321
0.9998106689959225 0.010995650879533605 0.016053716817650963 296.6435135143979 -0.011129091438285055 0.9999040639699825 0.008246585964581629 -0.16793232890952733 -0.015961500107577856 -0.008423687912568716 0.9998371227336318 0.4650496755083431
0.9997978049119683 0.010519637271456713 0.017137284641582207 298.2255582460306 -0.010666639749135686 0.9999069035773301 0.008509228805117638 -0.191495876758036 -0.017046175221198133 -0.008690305522400459 0.9998169364940042 0.45849484816972
0.9997984383309292 0.008345299877776366 0.018260303419852603 299.77029498583715 -0.008488983215414594 0.999933504992136 0.007805303204253384 -0.22812470205170848 -0.018193951604956637 -0.007958741363551437 0.9998027998365 0.4451097600216874
0.9997753186231055 0.009796459141438113 0.01879738440203598 301.37439410528384 -0.009939792864933189 0.9999221188075573 0.007546975368148766 -0.22519621405119045 -0.01872198680348844 -0.007732121810690425 0.9997948297037921 0.4302767597002531
0.999768794859128 0.010342747408669856 0.01885164189050079 302.9395955409433 -0.010507360740139287 0.9999073474667326 0.008654007876092433 -0.23032610209601181 -0.01876038902058832 -0.008850088026869745 0.9997848387256695 0.41926367443593354
0.9997600355515911 0.011007920165090824 0.018939297967989384 304.5535102739834 -0.011174902587905744 0.9998994179299916 0.0087335889194862 -0.2541842266834982 -0.018841254364614837 -0.008943137978514109 0.999782490053244 0.40882073401347996
0.9997707045389405 0.011673639657558275 0.0179517264589256 306.145033386771 -0.011771756621560292 0.9999162926689217 0.005369674224941827 -0.2529603611263603 -0.01788754012583503 -0.005579766337825976 0.9998244356465098 0.39888984930778526
0.9997905342232021 0.01233698283018629 0.016330539866518595 307.74990549834223 -0.01238483364692748 0.9999192938507426 0.002832257151114014 -0.2815069896708155 -0.016294280383686712 -0.003033914909781114 0.9998626364591778 0.38660704794157896
0.9998155905130327 0.011859419152474007 0.01510427570065853 309.36690849531584 -0.011887912051792593 0.9999277197152551 0.0017980244989879376 -0.2817973965303502 -0.015081860433130107 -0.0019772512273479813 0.9998843072893281 0.3771339603137229
0.9998392133484816 0.01015258019719225 0.014780817502059942 310.9534612483671 -0.010198320857827087 0.9999434277233351 0.003022516267625106 -0.30653690240444836 -0.014749294978758501 -0.003172769806782268 0.9998861894382693 0.3821513774136248
0.9998514272543295 0.007990044802853143 0.015273591638144204 312.5917824959333 -0.008051052538855139 0.9999598394021283 0.003937021194601674 -0.3094246484241061 -0.015241521265837712 -0.0040594047492887465 0.9998756008937235 0.36584195010545895
0.9998114610221883 0.007880748069442525 0.017746442419343793 314.20240884754224 -0.007983714455491533 0.9999516624598187 0.005738732206511865 -0.3111966719186255 -0.017700359097212758 -0.005879332760684577 0.9998260502377996 0.3347498581932691
0.9997425754025632 0.008194953936415103 0.021157165628462624 315.8388382150596 -0.008296935402747735 0.9999543602189089 0.004736912719797599 -0.3168152642530566 -0.021117381238515275 -0.0049112329584722015 0.9997649403737134 0.32791137023228156
0.9997242505080707 0.008242056851511166 0.02198843889258133 317.4470531584309 -0.00833300356540209 0.9999570876721725 0.00404769882354546 -0.32186353959543657 -0.021954133953661702 -0.004229812412340891 0.9997500311024257 0.3093837571952012
0.9997479119444597 0.008892212374010573 0.020616525453828718 319.0941980397329 -0.008954261682290826 0.9999556483731052 0.002919329451717608 -0.31677769181677107 -0.020589651779909547 -0.003103199287525835 0.9997831946946117 0.2990929226238249
0.9997401850954291 0.009399979150098702 0.020765420711728207 320.6994126551026 -0.009452236890726497 0.9999523986205971 0.0024198575734885198 -0.3339846023685097 -0.020741685638321447 -0.002615508534126842 0.9997814469132686 0.2791761699974078
0.9997367890981446 0.009548517217026733 0.020860928615195576 322.3300771089109 -0.0095980048648473 0.9999513537274971 0.002273429383199585 -0.34583176227641566 -0.02083820592917032 -0.0024730542861352077 0.999779802344572 0.26120392174932916
0.9997198630264756 0.010331279185745213 0.021294603558436005 323.9469594867239 -0.01037787271754943 0.9999439878240463 0.002078694879461297 -0.34152668082771814 -0.02127193522421293 -0.0022991052454690085 0.9997710832420025 0.2641824714511324
0.9997328499216117 0.010461001173667682 0.020610585679613037 325.5868907841452 -0.010532371878021933 0.999938896930463 0.0033573126324114434 -0.371706017698186 -0.020574205458175034 -0.0035734940790800385 0.9997819423303421 0.24798115202630477
0.9997344091334255 0.010946351143285864 0.020280251262947836 327.198543878747 -0.01102435661371505 0.9999322410180347 0.003738573779455584 -0.38319478442939 -0.02023795335240326 -0.003961157570544228 0.9997873446262495 0.2399477628380564
0.9997012093880986 0.01191797550276614 0.021341363777617195 328.8332358797724 -0.011989314024640168 0.99992294774178 0.0032179074890354414 -0.394864681506431 -0.021301368434720143 -0.003472814320531684 0.9997670685032106 0.229277591069524
0.9996700182793665 0.011864395488453722 0.022783561464891536 330.45369458938166 -0.011907879059045143 0.9999275253539065 0.0017738252246839413 -0.412535387593289 -0.022760864870344573 -0.002044543789242447 0.9997388473351667 0.21815744131140793
0.9997013211633905 0.011639170190047413 0.021489490023228686 332.07270707694556 -0.01169162041351008 0.9999289669069572 0.002316711568525809 -0.424643087518701 -0.0214609989580571 -0.0025672665760412636 0.9997663900462197 0.19908459088226751
0.9996889800452351 0.01144741360828612 0.022156260916463246 333.7119867150555 -0.01151142766561464 0.9999299217016083 0.002763823242297683 -0.4591282506853061 -0.022123069615604726 -0.003018013832998237 0.9997506996163028 0.20483343924080422
0.999723272222711 0.011380063290046311 0.020588179517140787 335.3023531092437 -0.01147390705268929 0.9999242894499054 0.004445764844000134 -0.4507201280322767 -0.02053602768944671 -0.004680761435540259 0.9997781564122723 0.1789957328252054
0.999778207976725 0.010840645017631613 0.01805589295631663 336.92900812875297 -0.010950978752970438 0.9999218964021239 0.006023052376675288 -0.469242057143745 -0.01798918895337574 -0.006219446211832907 0.9998188373748604 0.186177927281056
0.9997815743162504 0.009989511402456543 0.018357922531165246 338.5199453581129 -0.010119707031427906 0.9999242024590991 0.007012907109953505 -0.4660354414502739 -0.018286475530242083 -0.007197152108643983 0.9998068842602591 0.16460978292642994
0.9997308126187617 0.009536755914988766 0.021150711270509652 340.1030579130629 -0.009697558398149198 0.9999247517184554 0.007513205833720968 -0.4518770114821138 -0.02107746810565783 -0.007716293631226044 0.9997480678405194 0.150922704294666
0.9996724083604402 0.008306103750531367 0.024209184276273665 341.7360680198257 -0.008516226974344803 0.9999268458504966 0.008589343723381715 -0.46865469436112556 -0.024136069293872384 -0.008792700834349116 0.9996700148404367 0.13739440926553598
0.999700226680935 0.006912199167511585 0.023487832525713997 343.33301943916365 -0.007126413856349352 0.9999336644425928 0.00904880875896159 -0.47173136070497795 -0.023423727278880452 -0.009213480182693192 0.9996831702010831 0.11841859888342032
0.9997416871364437 0.0053565461897819 0.02208769826156648 344.9343154186794 -0.0055554861095768945 0.9999444678992028 0.008955316402375133 -0.47531192961095825 -0.022038502119326803 -0.00907571102983584 0.999715927598255 0.10777618199389306
0.9997278752519879 0.003487276961128163 0.02306543612295472 346.51682217697453 -0.0036801343750728875 0.9999585816225192 0.008324160646055819 -0.4832234113580741 -0.023035452136372894 -0.00840677934028973 0.9996993017932926 0.08932404824069179
0.9996907161251972 0.0022142715447221384 0.024770326897650293 348.1361467008085 -0.0023412004276511596 0.9999842725958181 0.005096404769070484 -0.4918040112132104 -0.024758652500646915 -0.00515282083318178 0.9996801776387353 0.10395079728035032
0.9997129137454374 0.0020192456400595646 0.023874939531918736 349.7296392501978 -0.002145447942896717 0.9999838564896913 0.00526154094621816 -0.4790448976339725 -0.023863929762970634 -0.00531125287004022 0.9997011070561133 0.07890370378868733
0.999730463360861 0.0016840397288776711 0.023155229181974154 351.34119599155093 -0.0018042497114231747 0.9999849996510816 0.005171571889207069 -0.4817283284029509 -0.023146172712934968 -0.0052119557766705 0.9997185054832811 0.05980641960109169
0.9997337005286678 0.0018804854624608915 0.02299982177499393 352.9283701650848 -0.0019950240160846867 0.9999857187359183 0.004958044310434149 -0.4869969685714656 -0.022990169778217318 -0.0050026091826622186 0.9997231746813386 0.04207156765805487
0.9997329743009327 0.001930868899014072 0.02302719784744594 354.52028938628723 -0.0020400208635097334 0.999986791272712 0.004717583595662563 -0.48107150609461824 -0.023017784652026002 -0.004763299843641979 0.999723708113553 0.029267383394563782
0.9997398777114643 0.001681632419642171 0.022745307777019726 356.1141253839807 -0.0017757356803743364 0.9999899456211805 0.004117695877791565 -0.4928565360655325 -0.022738154636196647 -0.00415701442789709 0.9997328120827017 0.020701946843692816
0.9997561710723686 0.002348878097578382 0.02195634701856805 357.7335680840873 -0.0024308087998794604 0.9999901798632437 0.0037055830386294934 -0.4495006642478967 -0.02194742744139946 -0.003758051191836877 0.999752063003595 -0.005199519041704934
0.9997548843136733 0.002394323341907285 0.02200996380478992 359.3223712685049 -0.002470150001042673 0.9999911058481282 0.003418564554004875 -0.4539740179792343 -0.022001582895921676 -0.0034720945223233194 0.9997519066797032 -0.022512702149789825
0.9997657570368916 0.0027607315054247487 0.021466471950602143 360.93336284813626 -0.0028402736079428613 0.9999892105917746 0.0036758054725033336 -0.4617803202701611 -0.021456092428097352 -0.0037359150946745853 0.9997628113888425 -0.04056369923434307
0.9997718159698676 0.0024113377951328757 0.021225019254424157 362.4984526088081 -0.002480868276006482 0.9999916408666961 0.0032501522010092605 -0.4568690528423579 -0.021217004616816602 -0.0033020670451074188 0.9997694409554233 -0.03320869131091912
0.9997658859722468 0.0022214649831726464 0.021522972365752697 364.0736956745794 -0.0022580926543162828 0.999996043262161 0.001677640481911558 -0.4401045422219478 -0.021519160385408614 -0.0017258485885393744 0.999766946434496 -0.0650868954700451
0.9997186974529984 0.0028114136477188113 0.02355041222955154 365.6676093159818 -0.002753231531664354 0.9999930783428663 -0.0025025951512438315 -0.4580699556539631 -0.023557285051835655 0.0024370514273195773 0.9997195182156479 -0.06538015894089517
0.9997293449024114 0.0029431129710461128 0.023077587114663272 367.25683971906375 -0.0028912672790283823 0.9999932219152567 -0.0022796265187852586 -0.4417600835559044 -0.02308413989119872 0.002212286053743798 0.9997310779784231 -0.08894965200138549
0.9997404973777607 0.0038600324957343817 0.022450791790031864 368.86810145033496 -0.003825175875992497 0.9999914114610574 -0.0015953161566767025 -0.4315955720355207 -0.022456756942738028 0.001509023940798584 0.9997466763707499 -0.10613336140331192
0.9997331285076512 0.003541344164767435 0.022828286090085866 370.46747263093874 -0.0035192590679915307 0.9999932998104175 -0.0010075464678905113 -0.4477899213320414 -0.02283170120504601 0.0009269389296317751 0.999738893013723 -0.13648253471784805
0.9997177249455099 0.004029406687367091 0.023414403932658145 372.0792316840294 -0.004035883359692868 0.9999918294860002 0.00022936161303528635 -0.4288894014445609 -0.023413288433725622 -0.0003237946731824111 0.9997258189532413 -0.1467005358053602
0.9997190990695984 0.0042046128390026555 0.023324754797094747 373.6658448031289 -0.004225131339852701 0.9999907292448268 0.000830475502544323 -0.4430721493646692 -0.02332104673104308 -0.0009287923736905672 0.999727595960067 -0.16413425885741417
0.9997254349771306 0.004487443189544365 0.022998206743299884 375.25527145402816 -0.0045073641408872 0.9999895101300579 0.0008144313036623788 -0.43214257503395237 -0.022994310780895273 -0.0009178689816923232 0.9997351745278567 -0.17885905722293982
0.9997251924058204 0.005429173734449009 0.022804906088526034 376.88857421444243 -0.005469536504251074 0.9999835834646373 0.0017079144156726504 -0.4280080365503083 -0.022795259146892535 -0.0018321773341482257 0.9997384754457749 -0.19693294002671777
0.9997203579535306 0.005486101878513008 0.023002360301566594 378.47934481109957 -0.005526714665784341 0.9999832785043881 0.0017023914410105806 -0.4334067530839301 -0.022992636174817255 -0.0018290428628104482 0.9997339612536619 -0.2261180469783976
0.9997128401006784 0.0061758485642294724 0.023153752014456384 380.1043002460707 -0.006230644130958369 0.9999779553195204 0.002295201234022541 -0.4335231770185961 -0.023139066782145567 -0.0024388049333657945 0.9997292812651576 -0.24627437937596677
0.9997079158465016 0.005868502769957995 0.02344448056756937 381.71086857070077 -0.00593856987541404 0.9999781028601572 0.0029201349345106082 -0.4259578164845541 -0.023426830380548012 -0.0030585086954134574 0.9997208756162298 -0.2645403592290631
0.9997202741778265 0.006324648563548313 0.022789739321876022 383.32444578654633 -0.006428949645605925 0.9999691804071228 0.0045063113919658875 -0.44312694119621693 -0.022760536115516247 -0.0046515649468436265 0.9997301240531264 -0.27055238919473606
0.9997220468532343 0.006956482548692432 0.022526348708327957 384.9678808141095 -0.007066389676610834 0.9999634973837526 0.004803127834224716 -0.4214356368352101 -0.022492113562707684 -0.004960972747693141 0.9997347115994717 -0.2986828308695758
0.999716989909958 0.006845758055524364 0.02278323247518239 386.5508844845629 -0.0069893609699709595 0.999956171009421 0.006229357383289023 -0.4387640375561078 -0.02273958923561349 -0.006386834648126889 0.9997210207975888 -0.30549967280453305
0.9996962548262885 0.0071916903007038105 0.023572816482366307 388.19657402627405 -0.007359061905270689 0.9999482724766475 0.007021152244658156 -0.45066706116967536 -0.02352110316645356 -0.007192493419325266 0.9996974671090479 -0.3292236203487646
0.9996867251238646 0.007263042147343067 0.02395203185303763 389.7770370879755 -0.007463147930462082 0.9999379055477315 0.008275655368850152 -0.4500909216449866 -0.023890438130998153 -0.008451820370893894 0.9996788552821987 -0.3487371987141031
0.9996947590982502 0.007026573202204878 0.02368577422263025 391.43646526548514 -0.00725034774408189 0.9999297681352931 0.009375033572680939 -0.47244652436065027 -0.023618236366868 -0.00954390202868116 0.9996754937703463 -0.3642057442623844
0.9996803332059885 0.00791641932328417 0.024011699362222565 393.0772750879591 -0.00815160064661278 0.9999196068219843 0.009712430173045548 -0.45677043761071634 -0.02393288131550334 -0.009905059215677435 0.9996644972158768 -0.38024780926031176
