1.0 8.809142651444726e-20 8.673617379884037e-19 -5.551115123125783e-17 -8.809142651444726e-20 1.0 1.7347234759768075e-18 0.0 -8.673617379884037e-19 -1.7347234759768075e-18 1.0 -5.204170427930421e-18
0.9999993011580781 -0.0003480319849955573 0.0011298482609536818 1.3160940844717768 0.0003481171165631284 0.9999999365833229 -7.515200288644408e-05 -0.058402083065748844 -0.0011298220340017183 7.554526988583102e-05 0.9999993588973364 0.018140396604628333
0.9999976844684006 0.0012037922336848642 0.001783799903291163 2.5652097675998258 -0.0012028053760217308 0.9999991230587825 -0.0005542029350592417 -0.11574037075546209 -0.001784465484192614 0.0005520560876714074 0.9999982554569841 0.031373844761168695
0.9999980190878539 -0.0008068050341854988 0.001819584019760073 3.9280448992065753 0.0008079291057575247 0.9999994832112141 -0.000617112521898952 -0.03784238318254519 -0.00181908518993013 0.0006185813943431974 0.9999981541413615 0.04566986718977584
0.9999977973509694 -0.00016602691482753108 0.0020923021467137695 5.246967077014989 0.00016793537166982501 0.999999570036018 -0.0009119898520396583 -0.0346618407132602 -0.002092149832237718 0.0009123392147847487 0.999997395269726 0.0469105318974924
0.9999972377924076 -0.0003011112588272462 0.0023310383019250684 6.577332044137417 0.0003042314439358857 0.9999990581978487 -0.0013382999081955093 -0.04968916368070081 -0.002330633129378135 0.0013390053866818065 0.9999963876003707 0.044255659993017296
0.9999957322059325 -0.000143962287592874 0.0029180206957379324 7.9086867761686435 0.00015117006575687987 0.9999969380660564 -0.0024700214823145067 -0.02649189912051871 -0.0029176561710083184 0.0024704520581519326 0.999992692047845 0.0572329585688384
0.9999957354998879 -0.0002569958878533365 0.002909112433731809 9.23953489446495 0.0002643253927765089 0.9999967913861891 -0.0025193946521545898 -0.022043987819794133 -0.002908455625447993 0.0025201528604824903 0.999992594830299 0.057499055975563734
0.9999961937660582 -0.0006666241949629413 0.0026773243320296846 10.552904676262628 0.0006735043956779515 0.9999964714443368 -0.0025697258034786067 -0.020691870009030663 -0.0026756018435467304 0.0025715192122073103 0.999993114198151 0.05508910003705149
0.9999978756401767 -0.0005721086726049891 0.0019802542261929523 11.883260502914547 0.0005749947067275202 0.9999987730562026 -0.0014571434990002128 0.010495727180802274 -0.001979418152099304 0.0014582790392011426 0.9999969776584441 0.056898787272908334
0.9999983826210848 -0.0005125614721875872 0.0017239593823337677 13.211320726292268 0.0005131219969038517 0.9999998156341374 -0.0003247114219396502 0.0060484026100945075 -0.0017237926299300435 0.00032559549823908706 0.9999984612620864 0.06890125793791523
0.9999986343034342 -0.0005635520772188894 0.0015536409890350596 14.550806168485783 0.0005633093716294743 0.9999998290715783 0.00015665045769269935 0.012157630984307924 -0.0015537290041644876 -0.00015577506322643614 0.9999987808294125 0.06501445526429753
0.99999786760973 -3.192562355474023e-05 0.0020648866185837065 15.905816124499616 3.190660077608198e-05 0.9999999994482454 9.2454463099118e-06 0.03972194700946765 -0.002064886912611034 -9.179543082025022e-06 0.9999978680766145 0.07768705288514752
0.999991174234966 0.0001826510871922349 0.004197390946090029 17.234711431893576 -0.00017900955170878504 0.9999996073260295 -0.0008679305082977842 0.032166160163924686 -0.004197547826334808 0.000867171475075446 0.9999908142607504 0.09051816160495305
0.9999808902304345 0.00015235158090867897 0.006180288257320947 18.590286717730947 -0.00011471156511359758 0.99998144779338 -0.006090230727355326 0.028228116405906827 -0.006181101455615637 0.006089405393910674 0.9999623558548311 0.11756851256358591
0.9999857508017832 0.0002499810715491376 0.005332513746621595 19.939358282283074 -0.0002112934389685178 0.9999736643449325 -0.0072543760345574445 0.028038608767786972 -0.005334186768073461 0.0072531459403475185 0.9999594683413381 0.13173491639619783
0.9999934963027677 -0.0001040312331548596 0.003605069995050241 21.33053830750844 0.00013228792883399865 0.9999692682336563 -0.007838691737151245 0.023476455730107204 -0.0036041437361137626 0.007839117663916435 0.9999627784983703 0.119663457656018
0.999996723755067 0.0005472694092142931 0.002500594994353878 22.65971455423446 -0.0005335203599698199 0.9999847563456751 -0.0054956739628695015 0.046270844539450025 -0.0025035644903910717 0.005494321839354001 0.9999817721300563 0.17065850522283268
0.9999921188247469 0.0013335355559059875 0.003739514850161781 24.022720236847928 -0.001319000711776513 0.999991577244014 -0.003886602391759053 0.05770638678150998 -0.0037446662756217717 0.003881639338015402 0.9999854550694893 0.15214549633515403
0.999966395603516 0.0019155358065940375 0.007971096931185305 25.402336626840498 -0.0018836845087746835 0.9999902200584955 -0.00400143974507612 0.057311541252404334 -0.00797868387543321 0.003986290247301204 0.9999602242557852 0.14659434821523518
0.9999553803624645 0.001913275711126857 0.009250765385216565 26.785802027186143 -0.0018698063818122302 0.9999871815966475 -0.004705365712486489 0.044107130711499555 -0.009259649467104206 0.0046878586206199994 0.9999461399861992 0.16676147288271048
0.9999612634182894 0.0019766058226650205 0.008576986202637114 28.15808360555372 -0.001890526781748331 0.9999478853087975 -0.01003257568880225 0.03923800377259999 -0.008596369663172529 0.01001597203899154 0.9999128875720766 0.18470484171158455
0.9999774600888376 0.002127977840373762 0.006367968639063423 29.496296119730275 -0.0020687975557011403 0.9999547475255266 -0.009285632872013594 0.05329179935207291 -0.006387440093710627 0.009272249536718295 0.9999366109897057 0.19198843001449234
0.9999860827673753 0.0025275274242958744 0.004630969302366584 30.909693235380896 -0.0024843184301219213 0.9999535511379618 -0.00931255757121755 0.046286186542203095 -0.004654291943763943 0.009300923163800304 0.9999459137347396 0.22052082685788815
0.9999904018536577 0.0031124186779280956 0.003083674842370032 32.28522119547361 -0.0030877897917934074 0.9999635538022748 -0.007959687263129194 0.06118432011035489 -0.0031083363334552367 0.007950089125186523 0.9999635665003699 0.18408602711829955
0.9999922242258429 0.0037055363844841144 0.0013492545922819373 33.66396673625712 -0.0036962133795134613 0.9999697217377944 -0.006847891229512185 0.0611447987255023 -0.001374588849305557 0.006842850848980169 0.9999756426522367 0.22264768786410324
0.9999897758650749 0.003943115626956094 0.0022135953717698264 35.06134488083546 -0.0039285797537757655 0.9999709425340393 -0.006533019876222885 0.07364335977229447 -0.00223929150306281 0.006524256795785615 0.9999762095404205 0.2307278749345416
0.9999888753562162 0.0035256778911465273 0.0031334899422105623 36.44914291623636 -0.0035055928554718016 0.9999734240451897 -0.006392340891336044 0.07538375517811137 -0.0031559440016767143 0.006381285038866576 0.9999746592882797 0.2537985372623787
0.9999861919312303 0.0032999635819117934 0.0040897661589276895 37.85495867142973 -0.0032758611839911553 0.9999773110430203 -0.005886096556609546 0.08628712098514195 -0.004109097270675681 0.005872617774771876 0.999974313510148 0.23457243422833
0.9999869585017682 0.0026191301612190332 0.004384402306074109 39.25669013705523 -0.002597828786366556 0.9999848297718954 -0.004857109394481827 0.06693336583800778 -0.004397057195402451 0.004845656123976516 0.9999785925232343 0.22385505594554586
0.9999827620976951 0.003224248099038427 0.00490711031671559 40.64410787716398 -0.0032134553397567362 0.999992404245412 -0.0022057099219348524 0.08279898334521814 -0.004914184799532717 0.0021899031202726803 0.9999855274513126 0.25532717622106604
0.9999826655746915 0.0031035262796441695 0.005003666132582696 42.070197637131876 -0.0031129131142821737 0.9999934077303726 0.0018692960545982425 0.09647841970111821 -0.004997831737636544 -0.0018848396293490108 0.9999857344269937 0.2701774317867226
0.9999823249626643 0.0029318186215433746 0.0051724464071473495 43.46342128136489 -0.002938925240353769 0.999994747175528 0.0013668722629734968 0.10073766317698833 -0.005168411815640426 -0.0013820495367555582 0.9999856886267832 0.26161934578613305
0.9999816609320672 0.002789145831953084 0.005375729259595704 44.890099838168325 -0.002797571049923367 0.9999948693796674 0.0015603879525916298 0.12443897196792199 -0.005371349529215662 -0.0015753983210798365 0.9999843332394589 0.28343898950486307
0.9999870775843941 0.001766513061581644 0.004766979738396395 46.29533004524557 -0.0017727102233769366 0.9999975888002713 0.0012961065185753842 0.10320273388126225 -0.004764678655161878 -0.0013045402434651676 0.9999877979315879 0.301234674365142
0.9999870375170964 0.0008292853556724123 0.005023652414364678 47.72555380531557 -0.0008316856254600319 0.9999995409929603 0.0004757235428750916 0.11068703513709127 -0.005023255597905399 -0.00047989547581713486 0.9999872682207162 0.3051737853634101
0.9999844759993203 -0.00043600118527754747 0.00555496744647069 49.1278368731065 0.0004305444320702286 0.9999994237015452 0.0009834775388353884 0.09583941932202919 -0.005555393042524162 -0.0009810706110249979 0.9999840874276946 0.31688530334247733
0.9999828116336587 -0.0015135776513932257 0.005664408171735105 50.5546779972237 0.001503656911762124 0.9999973290252504 0.0017552658649983492 0.09909590382534916 -0.0056670497734294225 -0.0017467183683471637 0.9999824166063157 0.32910235166499757
0.9999811175284813 -0.0024687550088162654 0.005627595862913287 52.0013852134687 0.002460853625399881 0.9999959772875359 0.0014105347144141812 0.11513239982434421 -0.005631055489354584 -0.0013966593903510746 0.9999831701366895 0.3228461403723079
0.9999716699074891 -0.0037010812375581725 0.006554493123083558 53.41573144083496 0.0036867583543484673 0.9999907927947682 0.002195936822288527 0.12035499191910912 -0.0065625601150920195 -0.002171709778915156 0.999976107955271 0.3394930025346623
0.9999643479147345 -0.004430049387582606 0.007188710724691235 54.86709239424556 0.004420906343099488 0.9999893992258582 0.001287254059094888 0.1382693834827691 -0.007194337117848629 -0.0012554275489619203 0.9999733323519703 0.349020398553395
0.9999547881148343 -0.004515856088769255 0.008368319425220547 56.25477358393149 0.004537895366506214 0.9999862805105242 -0.00261654282780449 0.15434183753968986 -0.008356388685289796 0.0026543990869157797 0.9999615617280635 0.3558754969271124
0.9999517163245213 -0.005140201718289929 0.008375162442550538 57.69365880235264 0.005163507165592001 0.9999828506407766 -0.002763443159731358 0.1640730986358466 -0.00836081415860321 0.002806554941823737 0.9999611092617372 0.3709952169775364
0.9999497077827252 -0.004617036057531322 0.008903082796751997 59.127124351226016 0.004643295229549265 0.9999849243053 -0.0029310359149901854 0.19888140735843993 -0.008889415878088435 0.0029722281485735492 0.9999560711077158 0.3824760561935384
0.99994163453822 -0.005145435110695559 0.00950010602858891 60.55628898658588 0.005170340036093143 0.999983256652787 -0.002598845512475454 0.1652231102634301 -0.009486574774067946 0.0026478126082037663 0.9999514958173961 0.3997023327449322
0.9999408236435938 -0.004007513294977957 0.010113804831105666 61.999081674329844 0.004064237321537457 0.9999760927880605 -0.0055942673620635 0.2095719504005591 -0.010091143937400925 0.005635041216761577 0.9999332053314961 0.3863765263749985
0.9999437423890981 -0.0040160235990108735 0.009817515537914063 63.41248207102536 0.004091103770357144 0.9999624498213694 -0.0076394906365141275 0.19175525022100787 -0.009786466513771243 0.00767922533185511 0.9999226242922385 0.4048858070433662
0.9999539151170267 -0.003537496491536665 0.008924895556951386 64.82008927710442 0.0036075563868921455 0.9999627114952813 -0.007846091760888687 0.20537121024991095 -0.008896807238864879 0.007877927238636912 0.999929390048806 0.4111396344393333
0.9999601074494423 -0.002588804389664253 0.008548777779987627 66.2612106262789 0.0026604754464048625 0.9999613222065893 -0.00838307588231927 0.22230131838412326 -0.008526744988483702 0.008405485273421236 0.9999283186495018 0.41100605451863953
0.9999620344267263 -0.0021887970918229843 0.008434386311618962 67.64010197545537 0.0022455785343942817 0.9999748416280854 -0.00672855764123718 0.2204121082305317 -0.008419446668793958 0.0067472422645411855 0.9999417921257291 0.41626285691188936
0.9999524895139472 -0.001307042678212493 0.00965972847945423 69.10047146662629 0.0013474812329467999 0.9999903517975585 -0.004180981478334837 0.254217254906856 -0.009654170559209328 0.00419379914071405 0.9999446029853759 0.4277404626126794
0.9999431883243058 -0.0006342118633530527 0.010640389989763143 70.46540050470864 0.0006425040928214288 0.9999994925712452 -0.0007759160669394318 0.2591204495180663 -0.01063989249534868 0.00078270847996511 0.9999430884080968 0.43723971853516136
0.999932474873734 0.0003599110681700438 0.011615341446224203 71.91150743869603 -0.0003917665398033769 0.9999961684233375 0.0027403754527993243 0.28563431048538906 -0.011614310649696587 -0.0027447409107278797 0.999928784556913 0.4475606296841236
0.9999339357104864 0.0007734679347806874 0.011468476877534956 73.2649096921038 -0.0008492350597940018 0.9999778383080359 0.006603157774936446 0.29246594646878415 -0.011463115385875888 -0.006612460974656339 0.9999124323387066 0.4443978985313286
0.999939297259973 0.0014256094526391904 0.010925631923135075 74.67935244634842 -0.0015247643522257616 0.9999576816262027 0.009072488656359397 0.30410952438850664 -0.010912235742571915 -0.00908859694552103 0.9998991551734907 0.44359014767171434
0.9999367457536051 0.002084714303106039 0.011052531744553661 76.11389952002172 -0.002198142149630078 0.9999449444960414 0.010260416555812583 0.3077451434379499 -0.011030533204698717 -0.010284062576783477 0.9998862762305206 0.4438910792926599
0.9999310997607336 0.0024222366347598167 0.011486013275942635 77.49373336641736 -0.002546171883768665 0.9999385684863663 0.01078778300554645 0.3148102206235716 -0.011459177109557604 -0.010816285088776011 0.9998758399105612 0.4475792645876929
0.9999280735395473 0.0026178267928500414 0.011704474801225665 78.90620155854018 -0.002735460969243896 0.9999457993970784 0.010045671775621568 0.3142075367779378 -0.011677542582908158 -0.010076966359992128 0.9998810377980992 0.4674011551622713
0.9999430229779184 0.002032755435009544 0.010479441928055333 80.2818322194538 -0.0021343295962355916 0.9999507667313272 0.009690652744027995 0.30573239197227026 -0.010459227263841136 -0.009712467182551693 0.9998981310844977 0.45546562742458013
0.9999414097926967 0.0020318962538057846 0.01063242114515204 81.68694188018029 -0.002131373645691953 0.9999539874049725 0.009353091428967173 0.31650764231879697 -0.010612927408427704 -0.0093752050916201 0.9998997306236829 0.48314394542728956
0.9999388939556546 0.0017421511716947554 0.010916650770128433 83.05098891830134 -0.0018481512642947973 0.9999511742352848 0.009707393181442705 0.33283669872741994 -0.010899206009901304 -0.00972697562296716 0.9998932909333794 0.4765040265172485
0.9999499898795833 0.0016799451025535797 0.009858779045778029 84.42770572119558 -0.0017671869787726118 0.9999593018694485 0.008847126931795943 0.34880571092446516 -0.009843515124340604 -0.00886410679186904 0.9999122625614605 0.47232596387505893
0.9999496247592756 0.0008287347131819293 0.01000305666079275 85.81701062818767 -0.0009208903717717768 0.9999571476995002 0.009211662477712103 0.3515926360549742 -0.009994993982341408 -0.009220410156564529 0.9999075377912888 0.46914674211651125
0.9999408285691828 -0.0003055276784933203 0.01087409827129132 87.18349457832015 0.00021269394501804913 0.9999635341755104 0.008537275941924972 0.3626428886986943 -0.010876310112431469 -0.008534457924232373 0.9999044298863156 0.4854957310005943
0.9999280219009763 -0.0013256037251689915 0.011924503845629184 88.5531288404272 0.0012330827777227275 0.9999691079544701 0.007762901751576101 0.36745841993850176 -0.011934426004793474 -0.00774763909234018 0.9998987666581207 0.48868527485376756
0.9999231384371795 -0.0029140290689416903 0.012050960647454834 89.88737997267762 0.00282929589885256 0.9999711999985955 0.007042319084349775 0.3489601055715312 -0.012071135102295818 -0.007007682067161993 0.999902585299882 0.4968435090079349
0.999910589061252 -0.0035577685834976606 0.012890157713789444 91.25553413395504 0.0034845618630564633 0.9999776991220644 0.005697287702464078 0.36314126894106047 -0.012910139883154672 -0.005651861750644029 0.9999006874419825 0.5078225703818985
0.9999118915343386 -0.0038673445663339853 0.012698535908778244 92.6416519091588 0.003806337114029079 0.9999811156532331 0.004824949190370953 0.3877080991981768 -0.01271695584625693 -0.0047761891629774815 0.999907729268598 0.5212244041788211
0.9999157951198864 -0.003828324076612152 0.012399459848306416 93.98375935478344 0.0037738186951158984 0.9999831275685461 0.004416205462285504 0.4057827523980662 -0.012416157304968596 -0.004369040282849118 0.9999133715101449 0.522774109931727
0.9999184309405083 -0.004119598879692763 0.012089680332527046 95.37111695087727 0.004075976362279402 0.9999851022215354 0.00363066821396212 0.42379016978682155 -0.012104457119854516 -0.003581094812507685 0.999920325764897 0.515351903824957
0.9999241476868609 -0.0039076388510154636 0.011680292432758805 96.7375158907209 0.003867634837001294 0.9999865847238188 0.003445543957072476 0.4286885870182627 -0.011693599679839482 -0.003400107498674009 0.9999258467484101 0.5206762742383098
0.9999323944697555 -0.0038311524709960126 0.010978559137032799 98.06583587105838 0.003775743288755316 0.9999800530474476 0.005063325966312962 0.43614164784167 -0.010997738522021898 -0.005021531436494354 0.999926914313958 0.5284528734728887
0.999931535304217 -0.0034125036353526814 0.011192833559472194 99.41454311411611 0.0033363138053592485 0.9999711871501925 0.0068186420661864216 0.45943164290365707 -0.011215779702878955 -0.006780832424806153 0.9999141096100621 0.5267731532004755
0.9999190697238898 -0.003482814846644571 0.012236176006202217 100.76346984617822 0.0033957368897802502 0.9999688154153851 0.007130018774648492 0.4526525359458141 -0.01226062696138139 -0.007087890906006284 0.999899714385907 0.530060540142215
0.9998979392891207 -0.003386077609453007 0.013879678807253243 102.08046382788304 0.003283320717284638 0.9999670847319019 0.007419518707355669 0.4833059990340967 -0.013904345020072081 -0.007373190029024903 0.9998761449591437 0.5348804414668864
0.9999142997745788 -0.003923198924222994 0.012490060709017961 103.45223730500955 0.0038245516375786095 0.9999613843946197 0.007912175703759586 0.4511371934257561 -0.012520619436971699 -0.007863728746380071 0.9998906919554347 0.5342307776242587
0.9999378929305456 -0.003417669525361993 0.010608007194383378 104.76081482212696 0.0033370122872224636 0.9999654615270912 0.007611839587539316 0.4785225954943618 -0.010633655562204556 -0.007575967788138776 0.9999147614079199 0.5422707473084178
0.9999491741980766 -0.0035705657213379325 0.009428683949217264 106.06384041706343 0.0035139570876593154 0.9999757438802155 0.006013630916157028 0.4759066240011803 -0.00944992731033999 -0.005980193277752591 0.9999374661258523 0.548075522471287
0.999942188071348 -0.003065049393012723 0.010306599211336902 107.43093102431575 0.003008455362982 0.9999803379860833 0.00550207575077947 0.5015132047575569 -0.010323260696780015 -0.005470750721497275 0.9999317482584146 0.5460643424518266
0.9999274920252321 -0.002372976226192231 0.011805916989337226 108.7637764831181 0.002341973192863927 0.9999937748961293 0.0026391912687620447 0.5134324716077213 -0.011812106234414829 -0.0026113507652419173 0.9999268248194403 0.5313225711865419
0.9999077007669782 -0.0016851358051552837 0.013481478561839086 110.11788201339586 0.0016715475098813104 0.9999980836519692 0.0010191277208498278 0.5262720169621515 -0.01348317009524662 -0.0009964987242232818 0.9999086013803838 0.5558343046549736
0.9999156948070582 -0.0011053667056110715 0.012937598036896127 111.41409422980963 0.001093098527737034 0.9999989462770943 0.0009552906939031097 0.5183210842971108 -0.012938640350779951 -0.0009410680885702599 0.9999158494477052 0.5387297880477684
0.9999542832362562 -6.33158613230486e-05 0.009561769112801094 112.76460850571686 4.119584643151764e-05 0.9999973228674036 0.00231356022785963 0.5300256234973956 -0.009561889999735873 -0.0023130605542013016 0.9999516088344004 0.556432889591195
0.999965281913909 0.0006183246515839089 0.0083097919024304 114.11320790500902 -0.0006630056449651487 0.9999853335547875 0.005375230119269443 0.5210077465097789 -0.008306346390032054 -0.005380552940507201 0.9999510259306219 0.5627486729091241
0.9999676857122316 0.0018588010375890037 0.007821278030233069 115.40942205170465 -0.0019205709788766225 0.9999669691638446 0.007897593835441861 0.5285774384719247 -0.007806339631264152 -0.007912359949924576 0.9999382259027726 0.561587331219372
0.999941435126715 0.004198097940132639 0.009975083478890303 116.78540661097159 -0.004285477083053106 0.9999524949414886 0.008754572888660132 0.5801919698342126 -0.009937857057555358 -0.008796808169858568 0.9999119237028461 0.5692085587517095
0.9999163838614816 0.004397026057342402 0.012161062750805612 118.07380118165295 -0.004507533897830585 0.9999486656612007 0.009074589827885986 0.5543399240385838 -0.012120537262757292 -0.009128647448308842 0.9998848735590646 0.5667448597380442
0.9999027571853888 0.005270797951537611 0.012911036442178952 119.447582411268 -0.0053884473331981975 0.9999441254559969 0.009094536897440724 0.5536649488838368 -0.012862379577455924 -0.009163222958960916 0.9998752894919495 0.5744535349175165
0.9999034375642655 0.006415054705894713 0.012327311965127222 120.76133377121032 -0.0065240574046503495 0.9999397974040444 0.008822598400683931 0.5611938124677226 -0.012269972377557236 -0.008902170559998377 0.9998850929667743 0.5803605558671038
0.9998942075198508 0.007656802114382931 0.012367180342773863 122.0825283957338 -0.007790070456131124 0.9999117218218165 0.010763984653401837 0.5485306090810512 -0.012283670890170585 -0.010859187110982953 0.9998655857087745 0.5752120848870859
0.9998920816710084 0.008777137120348276 0.011780784166940901 123.43239529111301 -0.008919169552844244 0.9998875156071626 0.012058380796102131 0.5495823332955974 -0.011673620950889972 -0.012162154287246681 0.9998578941914636 0.5727293241918722
0.9998850807786935 0.010135154962761784 0.01127403521664514 124.77442527992585 -0.01028894325164156 0.9998536563448821 0.01366760917405762 0.56033548939066 -0.01113386199617407 -0.013782036411615286 0.999843033975533 0.5731833452388879
0.9998792135431399 0.011262601050794895 0.010710375433321933 126.11842409766355 -0.011414731796319728 0.9998332979573785 0.014250620817706056 0.5518350058020037 -0.01054809093486398 -0.014371155598718688 0.9998410912061911 0.5741680983158578
0.999869135775154 0.01239976595499122 0.01039024198505355 127.45604085433459 -0.012540968865678128 0.9998283657447233 0.013636830722190412 0.5600932070623783 -0.010219365154285306 -0.013765349850150016 0.9998530290594444 0.5787237809248252
0.9998561933272235 0.012990493611108147 0.010901364177636935 128.75570754364531 -0.013136698532495265 0.9998232610754652 0.013448931708075084 0.5340269545251655 -0.01072472922082624 -0.01359020559674831 0.9998501320172829 0.5705394920301751
0.9998371628886386 0.013762915926526434 0.011671754452411783 130.12730407938304 -0.013923674954045347 0.9998077473537756 0.013805781656347596 0.5213071293000809 -0.011479502714495934 -0.013966047277881402 0.9998365719160607 0.5929535592472139
0.9998347633640157 0.01401113727089093 0.01158162342675779 131.4531896463163 -0.014145598758674712 0.9998325330547703 0.011610679611477194 0.4965558569320159 -0.011417005061816967 -0.011772590099805682 0.9998655200164472 0.5759067847817646
0.9998275286753755 0.014226992469251867 0.011937570446747548 132.80353847020348 -0.014358855510128684 0.9998360233417614 0.011034024495719275 0.48870051877600706 -0.011778631980432063 -0.01120353129208539 0.9998678636276179 0.5936309492798818
0.9998202027338272 0.01422681318470815 0.012536346832152583 134.12670711156682 -0.014346122561737246 0.999852156759038 0.009479102897610121 0.48667680003828134 -0.01239963599192417 -0.009657246548953868 0.9998764856802866 0.5898698583098537
0.9998311818354751 0.013317203323978025 0.012659380913168464 135.4632725301869 -0.01342548883994241 0.999873680298627 0.008507625725643083 0.44809578969765995 -0.012544484002359252 -0.00867614786105394 0.9998836734237676 0.602185035109015
0.999851171066611 0.012267647404976802 0.012130150199964676 136.80388941847644 -0.012378239834451164 0.9998821185956863 0.009084497300504563 0.4429489484866128 -0.012017274871090514 -0.009233295172864031 0.9998851590882442 0.603095236952907
0.9998380462977026 0.011922800162391228 0.013480653243850255 138.14616511075508 -0.01202473524782979 0.9998995279393689 0.007505982204015162 0.4698308175571116 -0.013389806488999253 -0.00766686786863294 0.9998809590242591 0.617672028400923
0.9998563225181694 0.010416609353819398 0.013372679986161755 139.49917249492458 -0.010507100899079429 0.9999222546890575 0.006714566869738174 0.42437115440509 -0.013301697302935936 -0.006854110235584449 0.9998880367429843 0.6217476022300068
0.9998653399194585 0.009384963703601147 0.013461964345070961 140.85906436240072 -0.009461862545292556 0.9999392167475742 0.005660032457646835 0.4399036183376707 -0.01340802688391781 -0.0057866455334429105 0.9998933640886664 0.6205714194386027
0.9998833158822664 0.007967292361538291 0.013033682239090908 142.19028289243568 -0.008047138851582501 0.9999491054455627 0.0060852341715043785 0.4236624438419811 -0.012984536055907877 -0.006189407972049244 0.9998965411743199 0.6143601191156763
0.9998969393308339 0.006612920458813681 0.012742841121046525 143.54013049996087 -0.00668946407260181 0.999959783008108 0.00597356148364711 0.3959684260713392 -0.012702825955361288 -0.0060581886222654145 0.9999009633775562 0.6171113918516077
0.9999223097353922 0.006418385610083109 0.010685448965694282 144.88373677079122 -0.0064580917882965 0.9999723544586203 0.003685562228120566 0.4067762155774373 -0.010661498201102704 -0.003754283506035447 0.9999361168652047 0.6187164953202684
0.999942691526949 0.004940877198544845 0.00949744146334459 146.19856883678136 -0.004949070159339287 0.9999874010266873 0.0008393404846263004 0.4003204644379347 -0.009493174727070751 -0.000886295887441067 0.9999545460235686 0.6407516642405207
0.9999122417118024 0.00449563749754371 0.012461866568409237 147.59737942007453 -0.004387842126539734 0.9999528406829405 -0.008663905100496834 0.4161801011782865 -0.012500228651937536 0.008608464067911924 0.9998848126809611 0.6332724677967427
0.9998986874069987 0.003063221563858928 0.013900776791668191 148.92237033816465 -0.0028464747598865455 0.9998744868334782 -0.015585511250194067 0.40010086607701506 -0.013946773935301316 0.015544364031355758 0.9997819063394068 0.6370540856111063
0.9999376097820541 0.0018716694571080472 0.011012420115300445 150.21673061807329 -0.0016869708745057242 0.9998581635538086 -0.01675729405584666 0.35218593708908735 -0.011042222268235428 0.016737670932625997 0.9997989396369302 0.6493102918024994
0.9999644187987782 0.001958503691653302 0.00820520564711347 151.6191708359012 -0.0018283804288705939 0.9998729274971683 -0.015836220611297653 0.37878626388614683 -0.008235178287624706 0.01582065490212545 0.9998409317071585 0.6581235850630548
0.9999833809052046 0.00218515965955856 0.005335071757604607 152.93246077344773 -0.002129950205315393 0.9999443524935947 -0.010332242171403662 0.34110558724520923 -0.005357352472950543 0.010320707021706085 0.999932388604876 0.6683688037505043
0.9999756143978622 0.0035895481926089034 0.005990471883810958 154.3059155546425 -0.003518048937010223 0.9999229602036778 -0.011903654446892606 0.3745906332552572 -0.00603273912038244 0.01188228939586825 0.9999112046864053 0.6736842621366782
0.999967895965555 0.004178182330984274 0.0068373847800231305 155.63830591621576 -0.0040927967360582 0.999914060414274 -0.012454750126636098 0.3765212070964121 -0.006888835394923621 0.012426366252798174 0.9998990595898432 0.6537005853392279
0.9999403096149906 0.004507997201145835 0.009952646296895781 156.96586363392674 -0.004280475375621806 0.9997316897778626 -0.022764577405654948 0.3658973728740683 -0.010052598551386967 0.022720616521868894 0.9996913117794066 0.6497550562359734
0.9999289080984604 0.0045062262662705806 0.011039595728915256 158.29899418631436 -0.00422832968520275 0.9996768056018532 -0.02506801886364363 0.34826369472729196 -0.01114898995846458 0.025019557680181572 0.9996247904871077 0.659136976314658
0.9999292146674489 0.004148728338058411 0.011151399361324602 159.63954538354224 -0.003856451627330953 0.9996517731034646 -0.02610479480756901 0.319154193929422 -0.011255817846110345 0.02605994213877338 0.9995970117904209 0.665053068085086
0.9999263993897775 0.005263276275379934 0.010931318595869797 161.02457827492654 -0.004988708940217425 0.9996751369457562 -0.02499466654295621 0.3270566865844834 -0.011059321249750403 0.024938293753438756 0.9996278171990624 0.6571906234524642
0.9999231821734031 0.0066784735279417935 0.010441635099536366 162.36074123090853 -0.006430637384199115 0.9997010005865117 -0.02359144610150676 0.34014688763408685 -0.010596067905040526 0.02352248748886772 0.999667152569938 0.6513757990456759
0.9999175481802134 0.00836399785632552 0.009743735481333489 163.69970049400212 -0.008143810426684923 0.9997154150613232 -0.02242247177499722 0.3850300844579859 -0.009928504066828646 0.022341271866787513 0.9997011015190337 0.6567899161165118
0.9999176890438131 0.009147960966288 0.008996107349259545 165.05176803416302 -0.008953566234220991 0.9997305434822396 -0.02141667762271679 0.3926534871560743 -0.009189602220420002 0.02133436755250156 0.9997301615796961 0.6473072401637266
0.9999065189139149 0.009241069693596494 0.01007750288388473 166.40207930275875 -0.009012667332828144 0.9997066853882812 -0.02247921300944112 0.3818038728165698 -0.010282278979116695 0.02238628644715659 0.9996965184085126 0.6416189047328462
0.9999111269728145 0.008817104287145277 0.009999841396015733 167.72500228673402 -0.00859026082441593 0.9997098197620046 -0.022505192520585172 0.35881903280584937 -0.010195370269115805 0.022417291170203912 0.999696713749558 0.6408623726938385
0.9999314460316325 0.008408990892855604 0.008148135323639893 169.1113092521428 -0.0082381227384492 0.9997500974984196 -0.02078162374903827 0.3578064641818725 -0.008320851569083715 0.020713073747375514 0.9997508349609422 0.6403693820765581
0.9999524946889359 0.007454135526591968 0.006280464069225385 170.52517575007985 -0.007341951067754354 0.9998163850732891 -0.017700053488596334 0.34604304690001525 -0.006411249479807529 0.017653101782170465 0.9998236163831978 0.6544570846672741
0.9999632030237561 0.007368084327819692 0.004393623994905667 171.86545219057535 -0.007314825240547534 0.9999010351897765 -0.012017202591020246 0.3493552181583754 -0.004481732942815948 0.011984621802606574 0.9999181381043539 0.654048085633621
0.9999558922241953 0.007711311911340415 0.005361835014190337 173.20981215678594 -0.00765553598770315 0.9999171705422778 -0.010346246829959035 0.35113200266353417 -0.005441174032721246 0.01030474275911218 0.999932100645746 0.6488294891217653
0.9999413944681592 0.008048610989125547 0.007240682993960891 174.6270253353594 -0.008013171655191761 0.9999558383237729 -0.004910242583115965 0.35089343121753314 -0.007279883865676588 0.004851933980006477 0.9999617302814923 0.6650554550375175
0.9999094952168748 0.00819781685654061 0.010667575822153606 175.9912271626876 -0.008169702351354616 0.999963045675821 -0.002676424149198917 0.34711490990616206 -0.010689122444104023 0.0025890310007342402 0.9999395179608875 0.6883105236730109
0.9999112429359801 0.007364603698829765 0.011102651151079774 177.4091101130851 -0.00729200679623405 0.9999518621342313 -0.00656506292178506 0.3478477051519983 -0.011150465779825815 0.006483519618425126 0.9999168120830104 0.6756604953524245
0.9999235784886162 0.0061076794258438935 0.010748648033654709 178.80231451964616 -0.006023653192430486 0.9999511828547624 -0.007832465102329926 0.34754760321757566 -0.01079596150130168 0.007767120405466709 0.9999115556167303 0.6699037067947594
0.9999656453184735 0.00440813652823785 0.007019723296336093 180.1436034942283 -0.004329344391225951 0.9999279023542482 -0.011200306717912339 0.35552354475902753 -0.007068589671983295 0.011169531135261096 0.9999126344907676 0.6572480840169296
0.9999914012649995 0.0023007325534683963 0.0034502211204737944 181.56071035086654 -0.0022705473359891527 0.9999593384081523 -0.00872732176131278 0.34944663951339927 -0.0034701600622716543 0.008719412827012024 0.9999559639449601 0.6830984667764796
0.9999956268722545 0.000688836356518938 0.0028760634277809846 182.95150988732362 -0.0006748957516852119 0.9999880338492825 -0.004845273363860781 0.3207773129695098 -0.002879366612822835 0.004843311131872413 0.9999841256665971 0.6901342643944794
0.9999911737892415 0.0007180142589247742 0.004139661717929312 184.27910393775508 -0.0007099712241462476 0.9999978582775838 -0.001944063040729668 0.35306596032928717 -0.004141048716906508 0.001941106841322113 0.9999895418551911 0.6948604121391099
0.9999759546914024 0.001844450214642862 0.006684911549444313 185.73180576374966 -0.001848843483702396 0.9999980789398988 0.0006510716431988498 0.3836159870764035 -0.0066836978380954105 -0.000663415343137587 0.9999774437772542 0.6963124365194627
0.9999611608946777 0.002233264723191177 0.0085257979594155 187.1096623914744 -0.002263021582262145 0.999991376597661 0.0034821636425055686 0.39748652278831176 -0.008517947844806249 -0.0035013224631732713 0.9999575917535313 0.7059517192944412
0.9999552047290587 0.0024778286597710807 0.009135036967591112 188.55857698736176 -0.0024881404640119814 0.9999962800264418 0.0011176270887563791 0.3988534132687502 -0.009132233697063683 -0.0011403062794674357 0.999957650107889 0.7014858484181771
0.9999481007756218 0.002060408594385885 0.009977498266149286 189.96141182958365 -0.0020569524953007595 0.9999978208752096 -0.0003566388429092024 0.3787568418451132 -0.009978211345672491 0.0003360970936744575 0.9999501599265259 0.7066582791434393
0.9999411610447244 0.0024147239712162608 0.010575611408867142 191.33087848385972 -0.0023786090546439485 0.9999913017431146 -0.0034261723652503745 0.3874758889988114 -0.010583792680022276 0.0034008155277922814 0.9999382069839376 0.7091645066931415
0.9999395141979066 0.0029569966357864456 0.010593588464276776 192.78198849387246 -0.0028947243271949022 0.9999784709525253 -0.0058888201296214415 0.4005405084352408 -0.010610773615719842 0.005857798421372684 0.9999265461427308 0.7036216188149679
0.9999323649712634 0.0030472309023455986 0.01122407532066242 194.13580268859607 -0.002962913531081814 0.9999673260225601 -0.0075211721625246045 0.37916650502461924 -0.011246627333714114 0.0074874075031877855 0.9999087218854018 0.7085647907381986
0.999923452301963 0.0034346155862058515 0.011886671203446213 195.5841688744795 -0.003320866932908475 0.9999486349756764 -0.009575972697086916 0.37571754726260803 -0.011918950429369218 0.00953576562507861 0.9998834971108412 0.7069985890791016
0.9999144470962812 0.0038054005730941078 0.012514687955222804 197.00637476548104 -0.0036471900822684935 0.9999134528653488 -0.012640600594899038 0.36690204005514215 -0.012561707393587307 0.01259387570902042 0.9998417863852178 0.7110752362968308
0.9999428095942897 0.003933420261278311 0.009945136787716803 198.42691194062874 -0.0038361693591827746 0.9999448261763733 -0.009778977847939968 0.3839693859198805 -0.00998305290609541 0.00974026735521149 0.9999027281923594 0.7376903746077798
0.99998198178864 0.004268600792020036 0.004220799135529862 199.8618058091078 -0.00424789042901946 0.9999789548936328 -0.004903590188935863 0.41045776522521893 -0.0042416417773273336 0.004885572342760785 0.9999790696099177 0.7216331810478652
0.9999752225415773 0.0056420344714595465 0.00420972088691709 201.3123980742618 -0.005665268990081813 0.9999686730610094 0.0055278950672007394 0.41184885723128484 -0.004178400434723941 -0.0055516073012080985 0.9999758600217209 0.7320839252296854
0.999954260084891 0.006262829684400005 0.007228741413446933 202.7482471348533 -0.006352447452409116 0.999902419626405 0.012441769834921105 0.4096932134409781 -0.00715011534471057 -0.012487120949401024 0.9998964684710875 0.7332562603216173
0.9999301334395709 0.006708442021326898 0.009732679238951318 204.17389248706144 -0.0068311176632434665 0.9998969483328035 0.012626501741095362 0.36932019168155866 -0.009646972115267133 -0.012692104647908344 0.9998729151290247 0.7313888624498446
0.9999247064228974 0.007180649029855169 0.009950867529633475 205.63334852072623 -0.007287267503987018 0.9999159853855347 0.010719976809695655 0.40898384450103076 -0.009873055120255768 -0.010791684297880376 0.9998930254445259 0.7247385626784784
0.999929327393176 0.005818851028621143 0.010367313622021347 207.08026596819158 -0.005905995719740434 0.9999473200143549 0.008395022970046451 0.39617743898046415 -0.010317918084044008 -0.008455658981765675 0.9999110172398317 0.7449560237345086
0.999938658816137 0.0047957597353671146 0.009983951800063982 208.517555414181 -0.004870446978271184 0.9999602388442326 0.007469904739510416 0.3975626232520575 -0.009947730958224512 -0.007518072834586177 0.9999222575928775 0.7479364384560405
0.999946896739941 0.004402452282329855 0.009317838486667389 210.03578168812112 -0.004474097841979217 0.9999604819757469 0.007682248065001368 0.40724400697857804 -0.009283649533572897 -0.0077235290336496445 0.9999270778164796 0.7404474430812422
0.999945434699051 0.004549082379967777 0.009403907380780258 211.49593127093829 -0.004632620113672374 0.9999498348556732 0.00888068707894137 0.42081837364736824 -0.009363036655296447 -0.00892376723205759 0.9999163464625327 0.7542709236127477
0.9999437403140845 0.0038086540727257424 0.009900018223882064 212.93927419356118 -0.0039057559685087184 0.9999442774959526 0.009807495776794045 0.3970119858590119 -0.009862113211342987 -0.009845611065428297 0.9999028966183441 0.7423811001841544
0.9999463858810428 0.0034105609422171008 0.009777189652457156 214.38560748846177 -0.0035110998226055836 0.9999409504311574 0.010284348733360444 0.40613380886206446 -0.009741536915517547 -0.01031812603591838 0.9998993142980099 0.7522914363418473
0.9999517821637701 0.0033528900132327516 0.009229922863134992 215.83263377979844 -0.003453902073052657 0.9999340831904743 0.010949878286786372 0.4176690427227867 -0.009192600718513806 -0.010981229557059501 0.9998974490863776 0.759571422108467
0.9999569680536541 0.0033169244721258846 0.008663720505055579 217.3270028561386 -0.0034035590205638774 0.9999441646769497 0.010004164858237548 0.42772004135145714 -0.008630053704180891 -0.010033221843628759 0.9999124244815141 0.7586309810257296
0.9999597425153993 0.002434571311053923 0.008636330879931896 218.8017644138217 -0.002526736070655666 0.999939807471982 0.010676939529888465 0.4089603648690666 -0.008609817266674107 -0.0106983314319122 0.9999057039297293 0.7720402434428573
0.9999627101164564 0.0025031499518377884 0.008265144697476978 220.27897011350157 -0.002601962293012816 0.99992501619348 0.011966276893616524 0.4236237566850458 -0.008234571560036187 -0.011987336267393843 0.9998942422078622 0.7709445224633954
0.9999626334983778 0.002544058092092661 0.008261923227241634 221.7651691710266 -0.002636300143705412 0.9999341038545363 0.011173086868791789 0.4324759384406297 -0.008232953816284638 -0.011194450279014442 0.9999034467159363 0.7815647931390239
0.9999678361839963 0.001978267250004123 0.007772583623474934 223.26168109762116 -0.0020718399820435604 0.9999252585023372 0.012049269194563922 0.4331822640775117 -0.007748166014300116 -0.012064985193601462 0.9998971957434889 0.7808114417356684
0.9999706443183435 0.001344216277158008 0.00754344643761522 224.7518009989408 -0.001430851743054799 0.9999329497261541 0.01149124515629492 0.4220423488801259 -0.0075274939286819305 -0.01150170137644418 0.9999055193870073 0.7752464786430393
0.9999666570967652 0.0007706712688184568 0.00812962240917743 226.20633076768834 -0.0008873363146145409 0.9998965424156535 0.014356778868751432 0.4300042112047079 -0.008117716981094397 -0.014363513881250616 0.9998638868065983 0.8090324251075536
0.9999657902353581 0.0007596487261450538 0.008236582591619038 227.7105567659615 -0.0008762671522428051 0.99989929813494 0.01416424177752225 0.4291577925886782 -0.008224993304167236 -0.014170974668916482 0.9998657574705113 0.8162082577157764
0.999968455027582 0.0007895195527789952 0.007903518749675984 229.2121144737104 -0.0008793874434579326 0.9999349317438829 0.011373607874396929 0.42673102300929683 -0.007894024795691276 -0.011380199349397836 0.9999040831176224 0.8155981750164787
0.9999663007903177 0.0008291608995367979 0.008167605275136457 230.71645683347785 -0.0009205679888264531 0.9999369212013338 0.011194023984942052 0.4366723327460858 -0.00815780842541093 -0.011201165591142256 0.9999039874163389 0.8195623874705001
0.9999543460604122 0.002171053153969139 0.009305499615601683 232.1988524822076 -0.0022607767466161564 0.9999509558132155 0.009642347055495156 0.48725119940919204 -0.009284109186953915 -0.009662944501511797 0.9999102123791742 0.8345257257256029
0.9999582683219523 0.0015151422904247215 0.009009215193473703 233.71185111613536 -0.0016012279703787086 0.9999530605736547 0.009555768852780184 0.46709566374285966 -0.008994313956574329 -0.009569795881869871 0.9999137569426825 0.8328748059484556
0.9999608710764621 0.0014813532529393569 0.008721347862748537 235.15405280838263 -0.0015721094678742154 0.9999445935161569 0.01040857193032127 0.45240882488225603 -0.008705445871641654 -0.010421875567653721 0.9999077956100895 0.8409889893057637
0.9999631695375518 0.0021290067113526436 0.008314258766498196 236.7034692559387 -0.0022143970305457516 0.9999447621536922 0.010274681853319197 0.4869987047510723 -0.00829192463812756 -0.010292714501958755 0.9999126481918191 0.834245594925736
0.9999601124865739 0.002094117568034725 0.008682632518417312 238.19433402959558 -0.0021877388192116597 0.9999394237844157 0.010787147933993574 0.4749935215248765 -0.008659517001400469 -0.010805712993699017 0.9999041200695196 0.83520932274991
0.9999384407414788 0.0027034186064026204 0.010761331485409274 239.69435106651585 -0.0028403844000870287 0.9999149014339089 0.012732717968919728 0.4818096276127551 -0.01072599384486338 -0.012762500470317925 0.9998610261620288 0.8493981688469108
0.9999237802083397 0.003596977499248093 0.011810822441036796 241.23147162128964 -0.0037357859064925058 0.9999239679244911 0.011751692380329663 0.4792883635953601 -0.011767653866623007 -0.011794919372804092 0.9998611914658276 0.8514990854877156
0.9999382576788016 0.003755040511525943 0.010458513328360067 242.7194626267471 -0.0039018119048477144 0.9998936977654657 0.014048808944633012 0.4838659488404722 -0.01040464771829757 -0.0140887486903703 0.999846613469385 0.8677539798126752
0.999941751635978 0.004723100183712598 0.009704929666240245 244.2675799962422 -0.004847048312484057 0.9999064810901495 0.012788088073315926 0.47385525135309314 -0.009643622650669271 -0.012834383451068212 0.9998711312682261 0.8587341829053985
0.9999417539450668 0.0047661938984151315 0.009683600207886644 245.75340811237731 -0.0048901804008165154 0.9999058536534647 0.012820685051250549 0.47839888414246257 -0.009621582661440992 -0.012867292848870723 0.9998709206301734 0.8504134336811219
0.9999265169735078 0.004857424027779259 0.011107028632522508 247.26309011417896 -0.005002662440875476 0.9999018590655742 0.013086084430082238 0.4795022060102429 -0.011042373917413589 -0.013140687539963032 0.999852683303518 0.8536655182422153
0.9999170666234318 0.004827957919021037 0.011939459683061815 248.82474020982826 -0.0049935067049539945 0.9998912691839132 0.013874966687193164 0.481587180850168 -0.011871173740573253 -0.013933435761336922 0.9998324532649987 0.8621010871030399
0.9999277486046725 0.004370354906194914 0.011198105571249563 250.31737023617288 -0.004523421034995709 0.9998961891862647 0.013680259972883226 0.4819206941128905 -0.011137155495507407 -0.013729925301304836 0.9998437142467264 0.8535778988168544
0.9999215687648222 0.0048066624466205875 0.011565133592880961 251.88000848380912 -0.004989156333728547 0.9998626789234364 0.015802898946931376 0.5027754397469314 -0.01148758625536943 -0.015859359765562915 0.9998082396489097 0.84814346273294
0.9999221666473733 0.00427662075903662 0.011720544445792281 253.41674066995387 -0.004481147516614989 0.9998371723803879 0.01747993258924622 0.4791270150925791 -0.011643880974861886 -0.01753109355612575 0.9997785158696748 0.8487775492668062
0.9999257847843243 0.004195110448684555 0.011437918157446287 254.95148286885785 -0.00439710284317866 0.9998338099329338 0.01769231476038547 0.4579110428106948 -0.011361796074547893 -0.01774129542387988 0.9997780533831712 0.8384436838883351
0.9999151700726865 0.005119482197377684 0.011976792581539048 256.477187811271 -0.005328716386540894 0.9998325971811561 0.01750378232428134 0.515407190716822 -0.011885177330704258 -0.017566118410586508 0.9997750617232873 0.8417590482257574
0.9999096537414714 0.00465112311979813 0.01261155852125185 258.0244663486395 -0.004848410505156865 0.9998656479032069 0.01565819461731129 0.4832558004196295 -0.01253703594092182 -0.015717925970833144 0.9997978643370825 0.8279865736893404
0.9998955463327227 0.004136945179902159 0.01384854174866442 259.5556195003197 -0.004333286033641538 0.9998900992217936 0.014177873972572343 0.4379208719037832 -0.013788366695757127 -0.0142364027341875 0.9998035836008257 0.8388094676075031
0.9999032837595132 0.004010825290151466 0.01331677165960736 261.1056704304643 -0.004183752977028956 0.999906960177258 0.012983343178955543 0.44760068368965816 -0.013263458748359784 -0.013037801561889623 0.9998270332374811 0.8374207436925285
0.9999167977429967 0.0037681898801833515 0.012336868987630261 262.64435860190264 -0.003957022530977894 0.9998748439953525 0.015317908406791656 0.42394014222034804 -0.012277604166953861 -0.015365451190785416 0.9998065629638682 0.8741310024336317
0.9998967266451488 0.0046803288165815846 0.013587883075931504 264.1866223616386 -0.004860448872485037 0.9999003579097799 0.013253312365301318 0.41988599898718 -0.013524499291081672 -0.013317986862246332 0.999819843344221 0.8573175375942046
0.9998499570320815 0.005267393992164469 0.016502059976750767 265.7295428100982 -0.005436792679602286 0.9999328170594458 0.010237316685533335 0.4367621867803814 -0.016447027339431063 -0.010325498927034271 0.9998114219009522 0.8607479947753446
0.9998629743470634 0.005235942003394904 0.015704058111861458 267.3104122533046 -0.005454918162699581 0.9998880423209691 0.013933653195710294 0.4086341065437707 -0.01562934412193573 -0.014017408279605842 0.9997795936442397 0.8908049937993099
0.9998704066742261 0.005838188252655119 0.015002846897983714 268.79136880378303 -0.006041628678736921 0.9998899316713588 0.013550766220164297 0.46685242726982484 -0.014922083635539757 -0.0136396517613846 0.9997956247752848 0.8928870911692907
0.9998752217955581 0.006631462039562162 0.014337522467336388 270.3857928447349 -0.006805652021049084 0.9999032104574278 0.0121347771919059 0.45073309265940303 -0.014255663430788488 -0.012230839224953258 0.9998235757532433 0.8573163698811058
0.9998587799055073 0.007660438074335632 0.014957871987002484 271.87475636648014 -0.007887465926106303 0.9998536931577088 0.015178279222457647 0.4510802478702593 -0.014839411279926057 -0.015294115450056156 0.9997729151689725 0.8717974416878568
0.9998597721322338 0.00876740933989993 0.014267747024114602 273.4210241687219 -0.009003271096528893 0.9998224751653364 0.01655171483027649 0.4519841817881339 -0.014120098485488798 -0.016677850212992763 0.9997612075546005 0.8636441133636407
0.9998609758524001 0.009208497928943972 0.013900810529566626 274.9985288047031 -0.009439620484960913 0.9998167599377447 0.016653531538088438 0.4207159852307445 -0.013744909333501698 -0.016782434670894283 0.9997646859906241 0.8485676821803596
0.9998618635601011 0.009530122667935605 0.013617289012715934 276.5191715122569 -0.009768816138343094 0.9997978936993485 0.017571055335452588 0.40237186334995223 -0.013447082560056722 -0.01770165292509118 0.9997528831938133 0.8448551967936914
0.9998560475669306 0.010453007155350177 0.013364833902674282 278.1181283401544 -0.010698741906890156 0.9997725538346652 0.018449323036933567 0.3793685882545984 -0.01316894321673635 -0.018589654120547083 0.9997404681687306 0.8507300918744044
0.9998404695343517 0.012496793586481637 0.012761881968745151 279.59889610980525 -0.012717910136345779 0.9997678124301346 0.01739471156492763 0.4042377394384408 -0.012541540698460635 -0.01755424104654101 0.9997672521033026 0.8449400027630297
0.9998216184669023 0.01366394567211697 0.013039472186161336 281.14106379540897 -0.013871262865353796 0.9997766720717055 0.015943464107452118 0.40478691587057314 -0.012818709480462374 -0.016121494034201458 0.9997878665583818 0.8215001665813642
0.9998054286002827 0.013618394773306711 0.014270398214613813 282.7535128274456 -0.013852677428816039 0.9997687366924365 0.016449208505671966 0.32661421273133256 -0.014043086179983774 -0.01664369118339657 0.9997628615198373 0.8454586549563771
0.999794888167228 0.014082037071352955 0.014556023722207372 284.2409695470156 -0.01431233623413445 0.9997720937581123 0.0158403779639726 0.3475624658435158 -0.01432964152383111 -0.016045459620760875 0.9997685755210338 0.8529103009155906
0.9998199183559894 0.013927122766123805 0.01289054343617216 285.8280776455362 -0.014109151993837546 0.9998004818516014 0.014139601101878396 0.3296904429575037 -0.012691047578404046 -0.014318929455890436 0.9998169360290912 0.8465235285962908
0.9998416963163678 0.013317211986166986 0.011799753053506895 287.38381447573045 -0.013502491829643004 0.9997845662783882 0.01576400158353846 0.3197135516901475 -0.011587278437954223 -0.015920832153215783 0.9998061122447445 0.8664831263650593
0.9998571938822628 0.012628489166275592 0.011230009050059945 288.9169820467264 -0.01279428222860168 0.9998083751402871 0.014816185122822267 0.27714980167003345 -0.011040751067842058 -0.014957749186161417 0.9998271688422663 0.854574104209472
0.999864140621867 0.011988523000565599 0.011312630762129643 290.4697738631513 -0.012151910301436707 0.9998212212174783 0.014486430865339373 0.27439952047307437 -0.011136937394149646 -0.014621932822145313 0.999831069584269 0.8692674874445405
0.9998856041888899 0.010930353410169229 0.010454946683150178 292.00407527164333 -0.011090285084941403 0.9998204669617332 0.015363574491524744 0.26022382673054567 -0.010285140375971408 -0.015477765302223232 0.9998273124238485 0.8638021174268807
0.999884409618549 0.011198931819938349 0.010283546463078169 293.60819419840584 -0.011361652463406343 0.9998089740435444 0.01590371891401607 0.2521139963086613 -0.010103477374977772 -0.016018718678085093 0.999820644114156 0.8623020311979543
0.9998856170956342 0.010714355583443497 0.010674985232518738 295.12116910357116 -0.01088387846775281 0.9998135373665714 0.01595091495942132 0.23000790228426188 -0.010502090971903964 -0.016065275689356756 0.9998157895343736 0.8623053392883377
0.999894917590286 0.009318900572724945 0.01110458775600667 296.71506926957596 -0.009499207234674619 0.999822077885993 0.016296552814877158 0.22713076564851653 -0.010950746048917943 -0.016400325114187275 0.9998055363405031 0.8758124220504876
0.9998855255844413 0.009284602023780906 0.0119470453244959 298.30818000101783 -0.009479075258245885 0.9998217950779036 0.016325600125178287 0.2083548126385759 -0.011793339602252897 -0.016436978203389883 0.9997953505035754 0.8659135975621762
0.9998855677898456 0.007817815935579332 0.012951180624768242 299.8358695146912 -0.008029308593335694 0.999833938170061 0.01635928748018649 0.18741680525681284 -0.0128211360296565 -0.01646140447664788 0.9997822966194017 0.8688827152239595
0.9998704680996839 0.008919927390835766 0.013397086155623131 301.45027979461673 -0.009135565468387044 0.9998282983761455 0.016121886050774605 0.1717880762679761 -0.013250979801199055 -0.016242187709898086 0.9997802772973193 0.8597152768101743
0.9998624888612374 0.009488096999179428 0.013600712611701444 303.0571858597407 -0.009722179731255958 0.999803947132374 0.017249536799534126 0.17069395341770965 -0.013434380874647265 -0.017379393368569813 0.999758707937398 0.8631034361575421
0.9998557446237591 0.00992474616170248 0.013783662666135718 304.64858568454315 -0.010161668995798942 0.9997999767430392 0.017226345748243617 0.14454550222583504 -0.013609938504191347 -0.017363925772819474 0.9997566022065911 0.8631538914663895
0.9998594588761794 0.010593846576714009 0.012993571893165036 306.2153799164758 -0.010776844318027987 0.9998425758772815 0.014095498913749558 0.16900794671684174 -0.012842200838594272 -0.014233547617919153 0.9998162251133104 0.8598938385064251
0.9998656814335406 0.011347747918103994 0.011825722330090934 307.83180456341836 -0.01149124960858043 0.9998602973390772 0.012138244825567643 0.13243001579719138 -0.011686328502765313 -0.012272506761020178 0.9998563973411012 0.8605490177749157
0.9998783506228007 0.011345580778003345 0.010703352401819386 309.4524780458606 -0.011452749515553466 0.9998843601181534 0.010005044709803413 0.1450463378643625 -0.010588601624469665 -0.010126410416380351 0.9998926629032325 0.8668536257989347
0.9998973924198565 0.009226722616246515 0.010957747110346465 311.0582690664191 -0.00934364443494459 0.999899446192215 0.01066741829941959 0.09822566561655692 -0.010858219957469559 -0.010768709034248626 0.9998830601450805 0.8808694848997789
0.9999159489916435 0.006525699473528806 0.011203133424284445 312.65814599079306 -0.006654923135771585 0.999911308571224 0.011536333448693727 0.08943565998421625 -0.011126857157261683 -0.011609919800053034 0.999870693045875 0.8701645224364329
0.9999011237663842 0.006323219363216275 0.012560238357871767 314.2880877971237 -0.0064803823691520915 0.9999007260292841 0.012511703739298002 0.08979109230151686 -0.01247987720578569 -0.012591861776362845 0.9998428364907823 0.8392670455335152
0.9998507234004279 0.0066867598654538184 0.01593167154264573 315.9286083259625 -0.006905812370045322 0.9998818311573783 0.013734390298726525 0.08746118546042396 -0.015837950345632505 -0.01384236121006024 0.9997787497066436 0.7989202647441657
0.999833678980737 0.006790341480228169 0.016926477437029186 317.5282418979894 -0.0070066456344871995 0.9998941326365556 0.012752663876340055 0.08882130607887297 -0.01683809053298761 -0.012869140669527232 0.9997754067417496 0.7982739592091663
0.9998420549683931 0.0072023826285949975 0.016247793728757422 319.1683468092711 -0.007396249117304381 0.9999017962889997 0.011903498520456754 0.08363353573847118 -0.016160464584154446 -0.012021791152031173 0.9997971373843402 0.7986062640836078
0.9998318397571659 0.007978459646678183 0.016511704620272422 320.77832735029955 -0.00816416670357302 0.9999038329698634 0.011210316418902772 0.08923488981719975 -0.01642067568150189 -0.011343235598451584 0.9998008263730936 0.7954250640271089
0.999828050598414 0.008214125068195237 0.01662520333528262 322.40683188853546 -0.008401472164303349 0.9999016400120745 0.011230563950054074 0.08270520556617013 -0.016531318823611193 -0.011368309044350648 0.9997987182665441 0.7781327119949795
0.9998169375567184 0.008854695035125416 0.016961301557961404 324.0231445561411 -0.009043825265476611 0.9998974207011556 0.011106633141679227 0.07358050187482514 -0.016861215830203512 -0.011257994981844937 0.9997944573509677 0.7872021862190764
0.9998228697832244 0.009161455094393176 0.01644070555028166 325.6698484577746 -0.009359035940849181 0.9998844210957245 0.011981356197270783 0.05579537909615752 -0.016329038694777413 -0.0121331030911883 0.9997930537389641 0.7757429201642955
0.9998244442349894 0.009516712925744545 0.01614041155867579 327.2689230121898 -0.009715841682424188 0.9998770986281182 0.012304066783724327 0.042704929217596804 -0.0160213336085526 -0.012458724417260635 0.9997940273152757 0.7720310693365924
0.99980423732428 0.010111699973333143 0.01700707358907436 328.90981402510016 -0.010317024952604713 0.9998744253318873 0.0120288221931965 0.018755581808308247 -0.01688330609040267 -0.012201929801367464 0.9997830098999384 0.7687053172496342
0.9997959897274271 0.009869289553450043 0.017623167952003096 330.5453954803091 -0.010075019020911215 0.9998816878966318 0.011623433258324775 -0.005450302381137054 -0.017506367889503077 -0.011798615710862657 0.9997771350409174 0.7517860542002414
0.9998046833253663 0.010226253164327872 0.016912094692349666 332.14466553719865 -0.010423859936711596 0.9998779453383709 0.011637764817079652 0.015625654212093717 -0.016791019763068186 -0.011811781073864868 0.9997892495337102 0.7502972598478477
0.999803670255657 0.010257580457350455 0.016952963943760925 333.7845135786335 -0.010460407284913598 0.9998742502964829 0.011919038278309398 -0.004476654292388678 -0.016828571619457267 -0.012094033124109598 0.9997852437098889 0.7410024684264331
0.9998284038511247 0.01017633955871315 0.015479178456817715 335.35959789777615 -0.01039486683277297 0.9998465118749627 0.014103171097281644 -0.006522991614110113 -0.015333283928798692 -0.01426165504617377 0.9997807237586164 0.7326133808758243
0.9998781058553541 0.008973411190942356 0.012776984100625645 337.03026165391867 -0.009173390588781711 0.9998349810017299 0.01567991295817743 -0.04508195779753833 -0.012634173349096535 -0.015795209934300964 0.9997954235777019 0.7501537358705006
0.9998819907262114 0.008280539435341171 0.012939756104659033 338.60686930080425 -0.008492725477861705 0.999828949704935 0.01643000139636108 -0.0314392325890836 -0.012801493481073983 -0.016537956300175308 0.9997812849649005 0.7258696341405044
0.9998356876433178 0.008091722796111275 0.016221027618640915 340.18512941666614 -0.008365925155919149 0.9998220469277348 0.016908157011333812 -0.0008574891503615875 -0.016081324917412043 -0.017041082695217775 0.9997254585582359 0.7285017994796988
0.9997895755940106 0.007053374638218199 0.019262773418204673 341.79850365610076 -0.007396708858143653 0.9998140108544809 0.017811018981069873 -0.020606758935028238 -0.01913356296187439 -0.017949752234755565 0.9996557973438132 0.7197871075992147
0.9998126077570179 0.005730907439753377 0.01849070225893011 343.41133126898666 -0.0060651070412272 0.99981835069465 0.018068760079436145 -0.01760071396615033 -0.018383793044142987 -0.018177522222424827 0.9996657510584042 0.7119801883627264
0.9998413360415519 0.003975477509976266 0.01736370701239111 345.0147222867852 -0.0042898238047911616 0.9998269050263394 0.018104071287285087 -0.021879750209686896 -0.01728872911374154 -0.018175686067351798 0.9996853226298827 0.7120851657766138
0.9998343313764284 0.0020725431854527886 0.01808353853079969 346.6040032610598 -0.002392304724774078 0.9998408560047166 0.017678787906957552 -0.023160556362644618 -0.01804402059282541 -0.017719120421166457 0.9996801719011665 0.691041859173771
0.9997913393414893 0.0008367448610147748 0.02041023360445771 348.20527091070073 -0.0011221816281468849 0.9999016796918392 0.013977541194084696 -0.028437809558463235 -0.020396531228236307 -0.013997528620311886 0.9996939785286191 0.7315824001906831
0.9998147661903601 0.0011244682077310437 0.019213767953352428 349.8306665294473 -0.0013971993323614262 0.9998983826377019 0.014187044531310658 0.0017870498227578124 -0.01919586262039608 -0.014211262074761165 0.9997147387572624 0.7009440230661147
0.9998253008699386 0.00028545911503231636 0.018689201519336947 351.4219399930093 -0.0005486069024870342 0.9999007693646795 0.014076592428159763 -0.014674340701824802 -0.018683328686379338 -0.014084386284663812 0.9997262441749647 0.6933083320560901
0.9998309690145211 0.0007144784781882642 0.01837179686334273 353.0134164796089 -0.0009695389695930652 0.999903224394398 0.01387810649449648 -0.01180594563811737 -0.01836010331316696 -0.01389357283747959 0.9997349024817226 0.6817019602754976
0.9998265698142466 0.0006205749338327713 0.018613037909735505 354.59741674967376 -0.0008791437771081222 0.9999031865744091 0.013886849338912464 -0.0034288425575445865 -0.01860261808716517 -0.013900804476503508 0.9997303187536173 0.6789843545549723
0.9998354930993777 0.00039443632763598157 0.018133702289043013 356.2095202417545 -0.0006397727264639613 0.9999083216254456 0.013525495741111176 -0.028531778588276217 -0.01812670487382292 -0.013534872151881773 0.9997440821561533 0.6706051428097064
0.9998501745354642 0.0009485726157771107 0.017283769594458143 357.8240018511018 -0.0011769053229392203 0.9999121117904093 0.013205437846002963 0.018070468829522922 -0.017269724238173446 -0.013223800695579461 0.9997634158739261 0.6600585319949046
0.9998469141125856 0.0010177104780419433 0.01746747276862229 359.39913680842267 -0.0012441552070197833 0.9999152698038934 0.012957827396122426 0.010440697825102725 -0.017452805429515425 -0.012977575982815088 0.9997634630772669 0.6468134198608221
0.9998576524440912 0.0012157099212508852 0.01682845502054195 361.0402297027296 -0.0014352140942855182 0.9999139754868731 0.013037706337412722 0.02247068594707217 -0.01681115729194738 -0.013060002887611466 0.9997733849803571 0.6266555541782753
0.9998619197939157 0.0010461994533562129 0.01658453534859909 362.601362139396 -0.001258981206187296 0.9999169651789557 0.012824886495781706 0.020822369911966513 -0.016569740865433072 -0.012843995251128596 0.9997802135837863 0.6397523626153062
0.9998551405699005 0.0010653730688476885 0.016987137962836893 364.1687647081488 -0.0012697943082783352 0.9999268590460261 0.012027642360966536 0.03487808273252336 -0.0169730815811079 -0.012047470214647837 0.9997833630157426 0.618655745054054
0.9998217708116978 0.0010548186635771298 0.01884977370017714 365.7452667819575 -0.001190251587618627 0.9999735503945966 0.007175082744007337 0.016174146170920646 -0.018841706719909736 -0.007196239907906759 0.9997965814199751 0.6234463787954211
0.9998291542112171 0.0012337388006671954 0.018442892339711987 367.3384480285287 -0.0013723024933441972 0.999970915305542 0.007502354887861192 0.033204543258717564 -0.01843309998750183 -0.007526382369264909 0.9998017675485888 0.6041365795986559
0.9998384298366959 0.0018366988988989725 0.017881296341294893 368.95945926066287 -0.00197719323274263 0.9999672920265981 0.00784254957986659 0.0430566884365376 -0.017866307078151872 -0.007876637235968924 0.9998093586565601 0.5907953651656159
0.9998344201864655 0.0018688168856693917 0.018100821358220474 370.5512098709304 -0.0020087082836080816 0.9999682340756175 0.007713360533670621 0.04373335345334758 -0.018085831510487368 -0.007748442626674099 0.9998064134298377 0.565023226490285
0.999826429254945 0.002326454191758186 0.01848510141168038 372.18910576762073 -0.0024854627152860577 0.9999600707436155 0.008583670165758553 0.04364168642060107 -0.018464393799889022 -0.00862812432207959 0.9997922892442637 0.5564512073042094
0.9998267596669755 0.002724725295438077 0.01841267297000289 373.764931549995 -0.0028830857546930104 0.999959038659171 0.008579558284530775 0.0404914036377198 -0.018388541822748242 -0.008631157274141998 0.9997936610389877 0.5424242599653908
0.9998345476230391 0.00283962599802136 0.01796702266999481 375.34981953337603 -0.0030018755858181125 0.9999549042568977 0.009009894313797197 0.0486873832487603 -0.017940627703623285 -0.009062338372069713 0.9997979835450911 0.5426082005530273
0.9998393420910392 0.0037945830265533917 0.017518308897049854 376.97871979814363 -0.003965759711801232 0.9999446335664364 0.009746925237909024 0.08089866729971185 -0.017480353453695308 -0.009814832720924312 0.9997990329570208 0.5266122264521542
0.9998331261441656 0.0039641458983311765 0.017832706246714854 378.5540469933666 -0.0041467924776960405 0.9999392073401256 0.010216933793860915 0.07115920982664839 -0.017791120732876906 -0.01028917738684477 0.9997887821193886 0.5066323586391617
0.9998287070254778 0.004903554130832782 0.017846897899840158 380.186209018878 -0.005087689494522282 0.999934146802217 0.010286762101339738 0.07038580960340159 -0.01779528092974803 -0.010375799526216027 0.9997878128687222 0.4848377352173642
0.9998314231218453 0.004460283662090509 0.017810985593149593 381.79259105076136 -0.004650482657673138 0.9999324554514316 0.01065164522134568 0.08235818464189876 -0.017762273199012992 -0.010732679279864061 0.9997846324315448 0.4711082862647734
0.9998398006989655 0.0047712882732483695 0.01725131144192779 383.4156868397989 -0.004979650897800959 0.9999149320666472 0.012055360097826978 0.07596487814588032 -0.017192324310251254 -0.012139334346075628 0.9997785057433698 0.47854583794698013
0.9998446284618238 0.005199723879024034 0.016842856278539646 385.0510656034459 -0.0054057808012964795 0.999910821391987 0.012211748324062808 0.0942234162269253 -0.016777856536696504 -0.012300899755051404 0.9997835722771455 0.4620733220433005
0.9998444887269797 0.005045101844435341 0.01689808597634416 386.63833908975437 -0.005268766574330344 0.9998987593164419 0.013217837047924366 0.08568808540403179 -0.01682968986849916 -0.01330481359582079 0.9997698452514512 0.4600226312783431
0.9998253968320922 0.005769502804604179 0.017773257634356335 388.27431473096283 -0.006020093137856588 0.9998827744605768 0.014078203565464242 0.07760964758521136 -0.01768994991968811 -0.014182742132845207 0.9997429247048624 0.4458951530063829
0.9998190705796334 0.005610086643244254 0.01817561644438452 389.8533895498424 -0.005887767969280566 0.9998662187427517 0.015260367145372695 0.0756064674405523 -0.018087572905672072 -0.015364619908313677 0.9997183444157934 0.43099112348701596
0.9998290587360961 0.005676488744532197 0.01759632866325047 391.5154108980056 -0.005963272586665905 0.9998495501079109 0.0162885398076473 0.05509265105411037 -0.017501219584618945 -0.01639068712840896 0.9997124850118205 0.4333713713745624
0.9998216831678106 0.006216850320234804 0.01783122653049972 393.17423418483367 -0.006503766138806354 0.9998495875104046 0.016078040343445222 0.06141437361664617 -0.01772858972106683 -0.01619114348554581 0.9997117304398966 0.42092373541815414
