1.0 8.809142651444726e-20 8.673617379884037e-19 -5.551115123125783e-17 -8.809142651444726e-20 1.0 1.7347234759768075e-18 0.0 -8.673617379884037e-19 -1.7347234759768075e-18 1.0 -5.204170427930421e-18
0.9999993011580781 -0.0003480319849955573 0.0011298482609536818 1.3160940844717768 0.0003481171165631284 0.9999999365833229 -7.515200288644408e-05 -0.058402083065748844 -0.0011298220340017183 7.554526988583102e-05 0.9999993588973364 0.018140396604628333
0.9999976844684006 0.0012037922336848642 0.001783799903291163 2.5652097675998258 -0.0012028053760217308 0.9999991230587825 -0.0005542029350592417 -0.11574037075546209 -0.001784465484192614 0.0005520560876714074 0.9999982554569841 0.031373844761168695
0.999998937549621 -0.0008534051341351645 0.0011817780275218714 3.936933142044096 0.000855063298867825 0.9999986497839302 -0.0014033164545617 -0.039064343258638064 -0.0011805788343990482 0.0014043254586263434 0.9999983170503949 0.05211447542819971
0.9999993089243014 -0.00032595458274685315 0.0011295594404138996 5.255164675968452 0.00032819056055648845 0.999997986154256 -0.0019798935295907852 -0.03574913705601408 -0.001128911810286107 0.0019802628720804122 0.9999974020551664 0.06213747487270184
0.9999989410101021 -0.0005228810054385638 0.0013581509961874746 6.571270407322823 0.0005261995528173774 0.9999968744381339 -0.0024442233927247847 -0.040882160495824584 -0.001356868713217408 0.002444935462763756 0.9999960905912972 0.06832892745595179
0.9999973242535067 -0.0003914873879708443 0.0022799612830070037 7.908069405104622 0.00039950848116782815 0.9999937295840283 -0.0035186908927487687 -0.03306348847669057 -0.002278569463594681 0.003519592341493247 0.9999912102568449 0.09817484133996696
0.9999967956577792 -0.00020468273977940422 0.0025232477384941063 9.223390880505997 0.00021385913563422155 0.9999933632011219 -0.0036370067334784975 -0.01676391542793653 -0.0025224865597035413 0.0036375346988446093 0.9999902026534414 0.10649626640927279
0.9999979116306492 -0.0007723302360163791 0.0018921523054126965 10.55796158995595 0.0007785912751355298 0.999994217335088 -0.0033104519345682837 -0.018098838747411018 -0.0018895846016060058 0.003311918234398148 0.9999927303073968 0.11888262397018669
0.9999995194327548 -0.0006367791728958795 -0.000745417027189797 11.878080503459914 0.0006364854900823163 0.9999997197637825 -0.0003941555241403434 -0.003316151530554024 0.0007456678083256034 0.0003936808876002424 0.999999644497376 0.13487743888053652
0.9999987352217208 -0.0005461606721965572 -0.0014937414364785393 13.213271421881728 0.0005492869356920853 0.9999976581883896 0.0020932992138970943 -0.010379181531055512 0.00149259466071173 -0.0020941170589940765 0.9999966934119943 0.15316708901218246
0.9999984282101204 -0.00040847693525285494 -0.0017253184870870174 14.555186151984955 0.0004183142212023214 0.9999836376363453 0.005705214526615011 0.01746250826845866 0.0017229598082537198 -0.005705927284475809 0.999982236743895 0.1645951944350451
0.999999589054768 -1.0022155581364193e-05 -0.0009065262552326794 15.90547876323662 1.539337623000959e-05 0.9999824454626591 0.0059252451058205025 0.036850078463248226 0.0009064509578553732 -0.005925256625368987 0.999982034678916 0.1865671198219151
0.9999986399588742 0.00015580894577248296 0.001641890366154228 17.251051126864848 -0.00016333794888793844 0.9999894689164689 0.00458643400398819 0.025593072361022803 -0.0016411584678226168 -0.00458669594925403 0.9999881343391793 0.20976090886943358
0.9999930641191496 0.0002494177900751212 0.00371611414793031 18.614266843091446 -0.000248467511403173 0.9999999363184007 -0.00025617784916778054 0.03214707866032007 -0.003716177806595223 0.0002552527387143158 0.9999930624102095 0.22730971481172493
0.9999983588490056 -0.00014118880331221784 0.001806201820798622 19.95435165090863 0.0001451383620306424 0.9999975985900275 -0.0021867210691390586 0.02122477829939436 -0.0018058887428366276 0.0021869796295733686 0.9999959779348857 0.2539928941324354
0.9999998068198317 0.0001723499390283419 -0.0005972066624305819 21.302458434247914 -0.0001740752594532041 0.9999958083934599 -0.002890137248437989 0.03008950730363417 0.000596706044196678 0.0028902406490254984 0.9999956452159617 0.2465213395684979
0.9999984046382434 0.0003886766841714821 -0.0017434596075843129 22.657606153014484 -0.00039026162869962663 0.9999995108599281 -0.0009088320888624702 0.039634431316553656 0.0017431055129455873 0.0009095110443325402 0.9999980671845476 0.29303648301648727
0.999999153077917 0.0011533538952478713 -0.0006030076625751619 24.02323088004757 -0.0011524655569450212 0.999998253317286 0.0014714569368472843 0.04753993798143412 0.0006047037199019037 -0.0014707607450762186 0.9999987355973216 0.2826587230261342
0.9999922490721455 0.0018394288060683652 0.0034811344845322315 25.419100325170156 -0.0018452342196542263 0.9999969111012321 0.0016652022907128476 0.0528730836448045 -0.0034780607105987433 -0.0016716128923241066 0.999992554374297 0.29761834400242276
0.9999876365317975 0.002000888871571194 0.004552277152518427 26.789705188196134 -0.002001195701582 0.999997995630975 6.284740613834552e-05 0.048063127796423924 -0.004552142277399559 -7.195662659646794e-05 0.9999896363577626 0.3148753927753198
0.9999907962870919 0.0020458808050040603 0.0037711686304839273 28.156865256880657 -0.002030147637837793 0.9999892402461374 -0.004171078100629603 0.04522010342963811 -0.0037796615822599396 0.004163383682137183 0.9999841900723425 0.33757295248465674
0.999997358790722 0.0019273248557927214 0.0012521303766863106 29.515732164580307 -0.001921897269277792 0.9999888153264336 -0.004321519746833441 0.0540355719663407 -0.001260445344439656 0.004319101866843657 0.999989878267074 0.33998317156866853
0.9999963027343282 0.0026331238310942136 -0.0006790998188266216 30.905245037610083 -0.002636005102256927 0.9999873777117844 -0.004277370010877798 0.05382984539250695 0.0006678284021229311 0.00427914430689186 0.9999906214206342 0.3788957233238171
0.9999934478101626 0.0030799469338945004 -0.0019021733958325695 32.29104429586469 -0.003083797684942465 0.9999931951831262 -0.002024791169626014 0.06428304761554564 0.001895924202536282 0.0020306438207243174 0.9999961409710998 0.3715394080053626
0.9999849678092887 0.0036417762263758523 -0.0040989780888254605 33.671483120648155 -0.0036426045511203497 0.9999933467528284 -0.00019463340332369377 0.06363347661797347 0.004098242006010002 0.00020956143379855446 0.9999915802127863 0.4093075086300352
0.9999847215178704 0.003895715774925537 -0.0039217508115820645 35.061986381652005 -0.0038941190593420306 0.999992331902092 0.0004146972003366316 0.07390694262760059 0.00392333628163804 -0.0003994190998114953 0.9999922239181682 0.41521119037328225
0.9999919110302136 0.0032976354348545497 -0.002302927415321741 36.45995977387557 -0.0032973829595953027 0.9999945571858873 0.00011342054115996255 0.06817179575737707 0.0023032889005114737 -0.00010582599008816519 0.9999973418270174 0.44986769252807257
0.9999941782454517 0.003191206721584744 -0.001208170047591998 37.859292406648045 -0.003189649602481108 0.999994082850347 0.0012885649798003143 0.08081750789147196 0.001212274975893757 -0.001284703838979251 0.9999984399614976 0.4607040638074569
0.9999961454419424 0.0026586096315175476 -0.0008005598571684378 39.25629365333852 -0.002655898799861145 0.9999907999827927 0.0033684048656928804 0.07392149785016941 0.000809507765622758 -0.0033662656760168933 0.9999940064583267 0.47583382345507635
0.999994480771199 0.0032509927788683525 -0.0006851810649739339 40.652042042326045 -0.0032469069436373214 0.9999774283752679 0.00588220496795389 0.08932960763588718 0.0007042886051987036 -0.005879947783561305 0.9999824649420724 0.5028703198880735
0.9999948014579555 0.00319715126354007 -0.0004186655728730146 42.079850595162526 -0.003193539471285812 0.9999599490431512 0.008360718585370536 0.09633897402095587 0.00044537928690554173 -0.00835933809679121 0.9999649609380692 0.5208708026038524
0.9999957524189443 0.0028864546106157755 -0.0004043808232261855 43.468171987937374 -0.002882466015226138 0.9999503452738063 0.009539306917525735 0.09769266258006011 0.0004318955202413013 -0.00953810078456623 0.9999544180109827 0.541466814643645
0.9999967288769732 0.0024918793219631443 -0.0005768646271740583 44.89298301964829 -0.00248678561838851 0.9999593363051463 0.00866842739252162 0.10652613278550412 0.0005984418447002506 -0.008666964498370558 0.9999622620847961 0.5579345508516215
0.9999980776891157 0.0016122841772745356 -0.0011158663920982261 46.29382760708371 -0.0016030225717256054 0.9999646697764837 0.008251637258291124 0.0943080041060921 0.0011291309524773306 -0.008249832637065448 0.9999653320614433 0.5847204492130846
0.9999994753801702 0.0007652595209166153 -0.0006808944483423224 47.724887184758856 -0.0007599277657039812 0.9999693171621805 0.007796617471273626 0.10557708444889596 0.0006868399923192287 -0.007796095950416687 0.9999693741004055 0.6066778414319307
0.9999999595047774 -0.000272235206504111 8.293633693699497e-05 49.122582910019965 0.0002715621016705881 0.9999678776416168 0.008010614142840307 0.10826837077657014 -8.511444402165776e-05 -0.008010591296082739 0.9999679110764598 0.624948988912905
0.9999992368984874 -0.0012331915281639733 7.376379694449396e-05 50.550220761660036 0.0012325026589949137 0.99996134765694 0.00870540804970908 0.11678279630420277 -8.449638125702074e-05 -0.008705310492523158 0.9999621044967606 0.643932911933282
0.9999970850013934 -0.0024103171456532164 0.00014268837881328247 52.00172273211135 0.00240897116007383 0.9999585370652831 0.008781856763154489 0.12242796127555101 -0.0001638495224612488 -0.008781487431864821 0.9999614285720314 0.6584374398253968
0.9999930797309435 -0.003548641327953516 0.001116975804751044 53.41291996170753 0.003538054595328129 0.999950108526817 0.009341446723458735 0.13269709315331354 -0.0011500695210883772 -0.009337430156755163 0.9999557438897806 0.6849969456142599
0.9999888667299425 -0.004328494003864844 0.0018789773345641067 54.865183445129986 0.004313275636475625 0.9999584633131268 0.008029153238903464 0.1461733599327462 -0.0019136534297216248 -0.008020959301013457 0.999966000493238 0.7048042425700995
0.9999850837229993 -0.004859086412644261 0.002494315685870491 56.261879896147995 0.0048463205146653905 0.9999752575156778 0.005098777689111553 0.14713554860908373 -0.0025190293716939945 -0.0050866133810526905 0.9999838902979069 0.7089976248733268
0.9999844431548011 -0.005210482752190566 0.0019910594846651347 57.69262713248392 0.0052036004479732246 0.9999805226225763 0.0034462904487341 0.16554608482278488 -0.002008977540990247 -0.0034358761573007337 0.9999920793507674 0.7309364208598659
0.999984736623774 -0.005119297666470138 0.002078295186828456 59.13892025475025 0.005114579439959634 0.9999843456881103 0.0022692412551867723 0.18257239673939016 -0.002089879574009738 -0.0022585770130710272 0.9999952656054139 0.7475685461754668
0.9999845812453185 -0.0049396865063832665 0.0025370788012215643 60.54305193700664 0.004934893249854186 0.9999860333338366 0.0018920797741016485 0.18278061105413942 -0.002546389647618048 -0.0018795303875372776 0.9999949916201005 0.7734188036966437
0.9999848019732072 -0.0042982508556405645 0.003452660161044035 61.999830401224436 0.004298359720293564 0.9999907617185183 -2.411083460439838e-05 0.20031478273690856 -0.0034525246299821387 3.895124353138204e-05 0.9999940392604748 0.7871256092764273
0.9999875760448563 -0.003961795530579582 0.0030252160429430274 63.39802791461142 0.0039696990497800335 0.999988711950007 -0.002611027004818645 0.20682836093271156 -0.003014837539035182 0.002623003762787309 0.9999920152710589 0.7992969067544468
0.9999916893992155 -0.0035820552273787684 0.0019467955339746096 64.81445935618459 0.0035879907071949464 0.9999888997837282 -0.003053953505520261 0.2154735856990783 -0.001935834494004525 0.0030609132096165712 0.9999934416560615 0.8255293569467833
0.9999943213656441 -0.0027535815026413914 0.001942942452339411 66.27069048249861 0.002759366294290614 0.9999917498443892 -0.002980963067585066 0.222464253571165 -0.0019347180979988772 0.002986307429700509 0.9999936693968701 0.8465810060997837
0.9999961445803964 -0.002164350251351431 0.0017396586826760362 67.63095362219859 0.00216638163261777 0.999996972849274 -0.0011666545804470659 0.23471747385116212 -0.0017371283673325614 0.0011704188471212992 0.9999978062499725 0.8671458664802887
0.9999946318794825 -0.0015623732261340097 0.002880139253671951 69.10249918730767 0.001558222206158533 0.9999977449346644 0.0014429376777774744 0.24946042383767653 -0.0028823871659644984 -0.0014384420349722205 0.9999948113509077 0.8851151811071769
0.9999914795579836 -0.0007197644074874737 0.0040648186469615455 70.46191274111735 0.000700660952846656 0.9999887133428547 0.0046991766439629795 0.2642404822516744 -0.004068155068839941 -0.004696288545194531 0.9999806973078211 0.9027936141420956
0.9999882206874747 0.0001188672173756516 0.0048522527637119795 71.9163933349539 -0.00016191650837926543 0.9999606246625485 0.008872593055585137 0.280998618349663 -0.004851007044174585 -0.0088732742023639 0.9999488650604025 0.9242757115655847
0.9999907649977854 0.0005377238278359568 0.004263891676490517 73.27428866901838 -0.000590279536429736 0.9999237579012559 0.012334097238937898 0.28770436544486544 -0.00425693425046006 -0.012336500221524766 0.999914841010509 0.9285814226908806
0.9999921386660903 0.001244627279935397 0.0037647720983964997 74.67045883053238 -0.0013055097994546345 0.9998677141887423 0.016212642201162204 0.3004589763527955 -0.0037440953757018653 -0.016217429695035476 0.9998614787678862 0.9463160619569366
0.9999907021855016 0.002103204658610073 0.003764581346108024 76.12137178155426 -0.0021692766248546337 0.9998421597145608 0.017633771469751636 0.31434030490646303 -0.0037268997132097487 -0.01764177393253208 0.9998374258003353 0.9602290871557381
0.9999888316542809 0.002380730854618502 0.0040827303736815515 77.48881944873754 -0.0024539862047650274 0.9998343880325545 0.018032594357830216 0.31533633913907616 -0.004039123470895311 -0.018042411927597004 0.9998290638171216 0.9795427448021335
0.999988449881116 0.002461941304491123 0.00412782622889833 78.90867729054953 -0.002533025159720957 0.9998470523987403 0.017304785265665344 0.31581635618278203 -0.004084591522167313 -0.01731504128103102 0.9998417402056854 1.0069193893056325
0.9999933271450728 0.0021637555410753575 0.002943438004391645 80.27197731777457 -0.002211616884275666 0.9998637944615522 0.0163554662331598 0.31686700308872245 -0.002907647861144499 -0.016361866852694692 0.9998619079137929 1.0174387608026585
0.9999937025303058 0.001986383865530928 0.0029409486341934934 81.66273617749293 -0.002033266372128728 0.9998695231223211 0.016025060343160927 0.3234956804299784 -0.002908732987088476 -0.01603093915778913 0.9998672653218171 1.0453324748464345
0.9999934007177798 0.0015546594231269052 0.0032835278235605896 83.05763287662174 -0.001604791030148477 0.9998813455094774 0.015320559647305216 0.32896946950330896 -0.0032593199658163072 -0.015325727918606823 0.9998772419137887 1.0539467834117833
0.999996129090807 0.0013124568573369927 0.0024534181053559962 84.41768982529327 -0.0013498252696308708 0.9998821582902522 0.0152920732593306 0.3399190286008638 -0.0024330588039596264 -0.015295325750859222 0.9998800594246451 1.0723464694440448
0.9999958853107553 0.0005494348328637626 0.0028155786124791893 85.83154831318994 -0.0005932041281694199 0.9998786320021471 0.015568216801458826 0.34315753693173945 -0.002806683170743899 -0.0155698229559407 0.999874843739305 1.0872548155368413
0.9999939307127673 -0.0006536695285477804 0.003422170915743942 87.1874104805463 0.0006025459306603265 0.9998885282422153 0.014918714020255668 0.3505558049821321 -0.0034315413490966836 -0.01491656145913583 0.999882853497451 1.1115770116830739
0.9999879208316224 -0.0017166917356010109 0.00460555754864305 88.5746830957571 0.001654461768745291 0.9999077465597146 0.013481881401693601 0.35599488370707094 -0.004628276904497395 -0.013474098832890118 0.9998985087065271 1.1287629932900594
0.9999832039534493 -0.0028823476582069923 0.005028308161932122 89.95437203397023 0.002826117396876535 0.9999337959153098 0.011154229998463496 0.35692060964268174 -0.005060125636107894 -0.011139832062323912 0.9999251468335867 1.1480705813740042
0.9999785318971866 -0.0037872788813659236 0.005347173404911207 91.31847396589308 0.0037339467480885604 0.9999435369967368 0.00994889240759493 0.36724905910184746 -0.005384550717550064 -0.009928712763003111 0.9999362116037402 1.166491453147104
0.9999806840380139 -0.004089230953160571 0.004680784237439119 92.69433625188056 0.004047320431156364 0.9999519497140896 0.008928463491454043 0.37866188151254204 -0.004717069873691644 -0.008909346395914626 0.9999491851082255 1.18066869071921
0.9999797207072488 -0.004574779896857733 0.004430526283391855 94.0516718601318 0.004543259263494467 0.9999644840966868 0.007098544957359208 0.38584952724513893 -0.004462843210016615 -0.007078271974308735 0.9999649899353179 1.1992477599163676
0.9999820180489293 -0.004569102217703556 0.0038841837900571744 95.42273922441092 0.004542423058858193 0.9999662216496332 0.0068499600371861894 0.4056389706458123 -0.003915350756333313 -0.006832193255527166 0.999968995101235 1.2101215756425485
0.999985306693004 -0.004458547695757436 0.00308346404928355 96.77955485156771 0.004438184543570267 0.99996850523162 0.0065795944249444575 0.40983034937041884 -0.0031127023718598647 -0.006565812766459478 0.9999736002448565 1.224263134663348
0.9999879049209942 -0.004233272192616544 0.0025038806408697067 98.10004878539615 0.004213482917095961 0.9999602593581673 0.00785660652279905 0.4297130792961132 -0.0025370402889672607 -0.007845961438215688 0.9999660015798948 1.2428759744244922
0.9999890425860877 -0.003970163252434083 0.0024804256708707046 99.44722131737313 0.003946918022178044 0.9999488984567149 0.009307110901286485 0.4468028505522671 -0.002517249666977535 -0.009297218882636979 0.9999536115116352 1.2532458603150125
0.9999847130524321 -0.003924430442321466 0.00389519025829729 100.79357777343246 0.0038865653466617295 0.9999455809453934 0.009681412995306332 0.4495630894168868 -0.003932972317609387 -0.00966612608457694 0.9999455473850892 1.2744041312369832
0.9999790510435005 -0.0038349333490056816 0.00521447603783079 102.13368705374337 0.0037840930915748337 0.9999455511312363 0.009724989065415557 0.4706937778909724 -0.005251486800395012 -0.009705053274291728 0.9999391150601764 1.2900535189727578
0.9999842625198143 -0.0036169760376781462 0.004288612484928319 103.48058228133526 0.0035757119741686746 0.9999476148619972 0.00959071507660724 0.48021844255308693 -0.004323077211987742 -0.009575229299903829 0.9999448114707499 1.307837497241524
0.999992447750233 -0.0034846117915855474 0.0017210238695320721 104.8097437789233 0.0034679882642127454 0.9999481982361995 0.00956942535252363 0.4895831418112999 -0.001754280449882189 -0.009563384591251273 0.9999527309704509 1.3217205870569115
0.9999929818593312 -0.003735348705145222 0.0002887942766307667 106.13977801458685 0.003732768565686984 0.9999571556764003 0.008470729035821991 0.5073108608878392 -0.0003204230301709187 -0.008469591584856294 0.9999640810286475 1.335806027657234
0.9999933117664745 -0.0033098062691714275 0.001556150628632093 107.48943775753922 0.0032986217461162762 0.9999690995659033 0.007135755596467739 0.5109355242712831 -0.0015797205115106127 -0.007130574718564091 0.9999733293379821 1.3617078686307806
0.999990376302313 -0.0028321207954527723 0.00335058122696147 108.81451822576307 0.002819361057096809 0.9999887795610417 0.0038068300787044997 0.5154979654237979 -0.003361325034599992 -0.0037973469446927416 0.9999871407424166 1.3686304628868922
0.999989264098139 -0.0019086858768688703 0.00422239347832619 110.17111329841936 0.0018978912308924626 0.9999949246120773 0.0025590543099837646 0.5296639011125215 -0.004227256478860932 -0.0025510131926719435 0.9999878112428935 1.3946009534955564
0.9999942405732433 -0.0013709799388465413 0.003104711637145551 111.47603208423824 0.0013643552813766555 0.9999967904551279 0.0021348569294701 0.5379052405936883 -0.0031076285184568476 -0.002130608704198687 0.9999929015505764 1.4095256464153896
0.9999996213460245 -0.0006180403278630063 0.0006126450527999155 112.80947009145844 0.0006159421319312315 0.9999939651409429 0.003419107629888199 0.5498268737237979 -0.0006147545019739448 -0.003418728981329564 0.9999939671663296 1.4231009813298057
0.9999988571994658 0.0005426550962795716 -0.0014110723613893039 114.16799911187896 -0.0005334091356725309 0.9999784417619441 0.006544576842569385 0.5475046620156121 0.0014145933891320365 -0.0065438166845348126 0.9999775884432324 1.4495318633814527
0.9999963952513028 0.0019479106647393107 -0.0018480066131711904 115.46862880652289 -0.0019308339512114437 0.9999558349589588 0.009197826470661847 0.5643573903731126 0.001865841540157899 -0.009194225120898085 0.9999559914615109 1.4614666888697112
0.9999941324345791 0.003423048893374685 0.00013353908401866131 116.83672149606714 -0.00342421485003634 0.999943964437425 0.010017122232786838 0.5756850065411482 -9.924250190722263e-05 -0.010017520723181366 0.9999498184556496 1.482746202490716
0.9999882399778314 0.004220781452951519 0.0023884953350792144 118.13959355533031 -0.004244477646107631 0.9999409461640181 0.010004428725310448 0.5809095294698409 -0.0023461277780562877 -0.010014448988064431 0.99994710184885 1.4957397516193087
0.9999814954053252 0.005128059007495054 0.003272897454132692 119.50300488785906 -0.0051591605292915415 0.999940934415329 0.009566124776075767 0.5779400662870328 -0.003223648486206219 -0.009582833162175957 0.9999488873932624 1.5175402811262917
0.9999782662559088 0.006149829162106304 0.0023762611606538728 120.82769751643498 -0.006173703561695176 0.9999291866267892 0.010173844711813134 0.5766482323431942 -0.002313525482686008 -0.010188293928066791 0.9999454216439396 1.5330707084365958
0.9999693204646488 0.007528279319419874 0.002164056366450685 122.13499949286349 -0.007553750881917299 0.9998993032689286 0.012013499487033428 0.5712236127471784 -0.002073397473306634 -0.01202947766113782 0.9999254935694548 1.5505780503961408
0.9999613564028024 0.008642323445263873 0.0016111941332506517 123.50218620607718 -0.00866314031668937 0.9998727552073607 0.013394901787410976 0.5746784412755831 -0.001495226043422916 -0.013408342161075578 0.9999089861880283 1.5601889992926827
0.9999509666667981 0.009867805426364397 0.0008310705165464999 124.83063896441182 -0.00987863280895868 0.9998499991854269 0.0142264451894118 0.5738663339819566 -0.0006905620622540969 -0.014233957459855864 0.9998984536337023 1.5786647556311681
0.9999398372686975 0.010968948558550306 -6.332906660602356e-05 126.15247161360301 -0.010966737010898328 0.9998255303661895 0.015120830245121035 0.5643792414706396 0.0002291776267282675 -0.015119226021455313 0.9998856717055843 1.5955562056219639
0.9999303644491051 0.011797558628622746 -0.00028959123601726054 127.4945388823707 -0.011792034898844036 0.9998226419600986 0.014684431785834066 0.5582466760025628 0.00046278031960465674 -0.014679994357375567 0.9998921359826984 1.6181268718913766
0.9999179971445098 0.012798460529610846 0.0004454150693174365 128.82101375168497 -0.012803522152692611 0.999815768308572 0.01430032384337944 0.5528522643255522 -0.000262310879475684 -0.014304854057696997 0.9998976459335178 1.637408235052023
0.9999058775436165 0.013650615000465152 0.0013772304961019713 130.18861125976085 -0.013668079477628376 0.9998142611820944 0.013587742281033733 0.5445061736339246 -0.0011914936523337084 -0.013605287465233271 0.9999067338986495 1.6581727275344125
0.9999005278473894 0.013996475979459211 0.001741571321737882 131.5172101752588 -0.014016128586040138 0.9998317102667373 0.011836354360631086 0.5248960334702096 -0.0015756109836717485 -0.01185958706057101 0.9999284312613482 1.6701558366625828
0.9999007050106997 0.01395766422414872 0.0019400331212377905 132.86010381523369 -0.01397760469515102 0.9998453137683329 0.010675912255633756 0.5101845859254904 -0.0017907222262743467 -0.010701969207104724 0.9999411288515931 1.6939892083337176
0.9999007847559152 0.013816360596002157 0.0027438703296979875 134.191095745938 -0.013838326568253472 0.9998709925505422 0.00815469029356999 0.5004371379633396 -0.002630848208340428 -0.00819185179766538 0.9999629854158751 1.6995752481769224
0.9999095930005641 0.01318903073112516 0.0026182616025585003 135.5276514078384 -0.013206808749419135 0.9998890272833656 0.006892990713834148 0.479995206728326 -0.0025270591806014864 -0.006926946419467509 0.9999728153230963 1.724060027624525
0.9999251423267287 0.012057190196306775 0.00208180389121158 136.87476540821663 -0.012070219235220066 0.9999069021917955 0.006363706217370338 0.47045979324546955 -0.0020048816636159426 -0.006388357674501181 0.9999775844166395 1.7436834036936495
0.9999345805934349 0.011040872252853278 0.0029889251124520628 138.20131570545354 -0.011054351371253693 0.9999286314622722 0.004531368198301678 0.4602288315089141 -0.002938681539829318 -0.004564112387298626 0.9999852664059224 1.7574625975745188
0.9999447760246278 0.009943164611747391 0.0034027016561521822 139.55246858051262 -0.009954965370768088 0.9999444312528759 0.003468871693999762 0.4401346949719384 -0.003368021010013842 -0.003502553906268813 0.9999881942056165 1.7773955089022804
0.999957406388806 0.008627238014056387 0.0032796604124603087 140.91437956461667 -0.008634127445692317 0.9999605362176192 0.0020923313846680056 0.44040058005045 -0.003261479943795697 -0.002120559270698292 0.9999924329598479 1.7896252427706991
0.9999678723376884 0.007469451044242865 0.0029088818357494253 142.22755942330704 -0.007473713920566589 0.9999710094212646 0.001457366546547392 0.4353760146682558 -0.00289791177750858 -0.001479059875436244 0.9999947072306007 1.8026327877170587
0.9999770492666847 0.006405231590951458 0.0022077020090391407 143.5884132729343 -0.006407188201696862 0.9999790862556848 0.0008803355006701185 0.4278422276042409 -0.0022020170849642714 -0.0008944604585899928 0.999997175526634 1.8105450360983246
0.9999843638780674 0.005592115992208793 -1.5430696024963582e-05 144.9348352323416 -0.005592121430955209 0.9999842923849661 -0.00037836654167055264 0.4177720459719205 1.3314584056938089e-05 0.0003784469158111076 0.9999999283003242 1.8315795205058327
0.999989122009602 0.004550514098174221 -0.0010240526879011238 146.23795722249056 -0.004554168662953045 0.9999831670804862 -0.003595149992667114 0.42662794359820694 0.0010076756693779677 0.0035997745933204666 0.9999930130819028 1.8672276756566417
0.9999926492442576 0.0034563873460025543 0.0016597722631570746 147.62127677631105 -0.003434390866343951 0.9999085870522508 -0.013077557055832328 0.41637222722126493 -0.0017048216412063122 0.013071760619203907 0.9999131075535943 1.8708411961033553
0.9999928304387025 0.0019493709088836987 0.0032463863374722264 148.9459794800057 -0.0018830267355785344 0.9997918460286592 -0.020315482394440684 0.4051040273384252 -0.003285312999643237 0.02030922370907689 0.9997883486772734 1.8916951083407447
0.999999463277258 0.0010247703541900362 0.0001526136202601567 150.24649005373738 -0.0010210883804810899 0.9997477605550156 -0.022435967635703432 0.37643839853867456 -0.0001755668395859212 0.022435799761815013 0.9997482703487576 1.9147154798387302
0.99999417574432 0.0010587874869089475 -0.003244602671443146 151.64111763399887 -0.0011293314512617547 0.9997613256233066 -0.02181780003580228 0.3923566229441912 0.003220727854253132 0.021821337195200203 0.9997566984797362 1.9334921083434498
0.9999820309434806 0.0022129434209253052 -0.005571415580218498 152.96479853361248 -0.0023129993771793048 0.999835007465105 -0.018016877674402906 0.39652860389271505 0.005530626007323779 0.018029440608876724 0.9998221599101001 1.9598965381003275
0.9999801187746306 0.0029538833320612427 -0.005571052749368572 154.3291204816219 -0.003055228947452496 0.9998283932573979 -0.018271551997811015 0.400170775976019 0.005516124686256165 0.018288209578595553 0.9998175402336443 1.9807602626311571
0.9999912154354652 0.003406491980665684 -0.0024423071646730416 155.6631207041381 -0.0034586014180829454 0.9997594283773663 -0.021659257761815317 0.40277338185207046 0.002367937527002671 0.02166751446169087 0.9997624276241435 2.0003420061990242
0.9999926242694065 0.003815783496268621 0.0004372677615967968 157.001024191426 -0.0038010001259826055 0.9995454799046442 -0.029906286968413198 0.4009301668177984 -0.000551184930860844 0.02990440433288055 0.9995526113200183 2.015182997281768
0.9999914943059595 0.0038456458896593336 0.001490745929203887 158.35510380506497 -0.0037964403873286755 0.9994898112371233 -0.0317128408308826 0.3822222047805385 -0.0016119417233732075 0.03170691156310846 0.9994959096479633 2.0418938369278306
0.999991591471056 0.0037265974106637264 0.001711566219452473 159.68086186744068 -0.0036677434193919944 0.9994423350175594 -0.033189857379298256 0.37309805858895745 -0.0018342969754767474 0.03318330071568358 0.9994475993808871 2.064268181159853
0.9999869265330338 0.004803452216770229 0.0017531713602055097 161.0470353209156 -0.004744702663063077 0.9994733112372499 -0.03210277123686594 0.3744633164672774 -0.0019064521122131054 0.032094033265525075 0.9994830356084566 2.073774283834514
0.999980880864751 0.006041003981227271 0.001320672501281797 162.38969765381373 -0.005998866959235007 0.9995358117687562 -0.029869291705346874 0.3765605804800237 -0.0015004999707578137 0.029860798091687055 0.9995529406875682 2.0807927795840824
0.9999757268476102 0.00695376515939683 -0.0004368817936626099 163.73887417534837 -0.006962936983591367 0.9996207513854569 -0.026643402713191947 0.3785115268145408 0.00025144414133287105 0.026645797974216255 0.99964490606723 2.098456935299211
0.9999701712302896 0.007627724628716839 -0.0012142761851117274 165.08651183220323 -0.007655819165666718 0.9996552713408592 -0.0251142770816918 0.3782124085344955 0.0010222927994821675 0.02512282423259468 0.9996838493343835 2.105948217916175
0.9999689647444583 0.007878014537071126 -8.021751590115801e-05 166.43117595786416 -0.007877684716802414 0.9996840541097712 -0.023869102248609806 0.37408869509788106 -0.00010784896299470052 0.023868993393221006 0.9997150891744084 2.126646915428011
0.9999700773011965 0.007731360902878369 -0.00026563288302030295 167.7679514200241 -0.007735413178664281 0.9997086963098568 -0.02286232502179031 0.3669917453906006 8.879861735888828e-05 0.022863695699428734 0.999738587598663 2.1384216967782828
0.9999706710966675 0.007235603276567382 -0.002510575970676878 169.15108821101614 -0.007283397325961547 0.9997817439861436 -0.01958102437099183 0.36374568276916197 0.0023683474982757404 0.019598735603332352 0.9998051212575769 2.1670413181509565
0.9999624197079675 0.006530771369844577 -0.005701596013536433 170.56588129362547 -0.006616042552763459 0.9998645951983489 -0.015067157986229998 0.3704239770345997 0.005602423826057729 0.015104313759877 0.9998702278561535 2.193606721109779
0.9999558760724528 0.00637036814421925 -0.006903934956287173 171.9208738575439 -0.0064420837207703596 0.9999250039195107 -0.010415665792500842 0.37014627374350095 0.006837065562660118 0.010459681939409214 0.9999219217460023 2.2096527014189475
0.9999597619826219 0.006730679717434875 -0.00593062949434793 173.2705506431123 -0.006768349661042871 0.999956902361168 -0.006354751224332591 0.36981907620002064 0.005887602103044978 0.006394636095870235 0.9999622216717378 2.238704624038861
0.9999654886957899 0.0074631553709422855 -0.0036500314107012974 174.63518844581205 -0.007473749308282925 0.9999678734187419 -0.002897447441447274 0.3762444086284525 0.0036282900472359267 0.0029246268664881296 0.9999891409755532 2.2673698883455655
0.9999708046706194 0.007491678694431549 -0.0015048444216906184 176.06119893353898 -0.007493511483949961 0.9999711838962777 -0.0012160027617183213 0.3749733899032981 0.0014956911559553423 0.0012272438290726617 0.9999981283885235 2.293045457164822
0.9999781544625385 0.006580708954002579 -0.0006203767872672119 177.49102877487343 -0.006582513954150847 0.9999739723882503 -0.0029538205948302955 0.370658337011219 0.0006009224067041373 0.0029578397058908543 0.9999954450278938 2.3164013087082362
0.9999865639124671 0.005149865457178379 -0.0005923515089777289 178.88642061643498 -0.005153111744709349 0.9999709526280735 -0.005615989623372062 0.36757205455944375 0.0005634127117538604 0.005618966619961809 0.9999840547629947 2.3305874035898
0.9999857515205338 0.0030209601805582698 -0.004401199325261387 180.22595574346354 -0.003053770532976211 0.9999674562956509 -0.007467317800750174 0.36163406326858705 0.004378497624200124 0.007480651655635061 0.9999624335990637 2.34989547347588
0.9999617636369704 0.0014600465133121536 -0.008622037358921055 181.64311153305766 -0.0014946916143479085 0.9999908303091607 -0.0040131277793534585 0.3722603108702197 0.008616098944282348 0.004025861618881777 0.9999547766160267 2.3850209958139246
0.9999539110901876 0.0009547187344388226 -0.009553230216805111 183.03667630057114 -0.000962002520018894 0.99999925008728 -0.0007578759983899137 0.39508241238100184 0.009552499494302213 0.0007670313002542621 0.9999540796538589 2.40525271275098
0.9999627189042317 0.0006618926931477862 -0.00860945408949072 184.36796635128198 -0.0006386135583403257 0.9999961338546381 0.0027063718332343686 0.412617096565259 0.00861121213183108 -0.002700772822615412 0.9999592755966521 2.4272437743715605
0.9999843547202596 0.0009044803304202985 -0.005520165761811052 185.80394041136194 -0.0008751430049287667 0.9999854940623022 0.005314676819362344 0.40639336757703026 0.005524892707276084 -0.00530976273530428 0.9999706405591455 2.4584550248834494
0.9999947337921239 0.001332340291101199 -0.0029592663563795924 187.18047265756397 -0.0013167165257208138 0.9999852186461116 0.005275295904448293 0.41503899213178197 0.002966251103697306 -0.005271371608727997 0.9999817068305562 2.4826379928793783
0.9999957094796326 0.001464822001655689 -0.0025367930206925946 188.62508704800425 -0.0014536898271860059 0.9999893310452768 0.004384584530607417 0.4208987312266987 0.002543188591651268 -0.004380878008250329 0.9999871699675271 2.5035655361436895
0.9999970689160873 0.0012871956500393608 -0.0020506795441423285 190.03913606759158 -0.0012791797201497986 0.999991555576071 0.003905441817952296 0.41646394094747496 0.002055689295054465 -0.0039028071830892186 0.999990271071481 2.5320795148085455
0.9999981300895502 0.0014262498384564675 -0.0013059972440393225 191.39283202525007 -0.0014255861160493296 0.9999988543103765 0.0005090011398621326 0.4192558465017789 0.0013067217105653338 -0.0005071383765368811 0.9999990176440366 2.5522252883506513
0.9999976536236824 0.0017953624692905413 -0.0012121966562571962 192.85085351780432 -0.0017963825253586164 0.9999980329212304 -0.0008409301352182167 0.4257129671226413 0.001210684497366823 0.0008431057309702612 0.9999989117072948 2.577814747319099
0.9999974076442432 0.0022161438495658815 -0.0005228873983672481 194.22700057750268 -0.002218117094115897 0.9999903053379824 -0.0038038384042375765 0.4230213154112739 0.0005144524760663541 0.003804988368811807 0.9999926286739133 2.5976685075814654
0.999996545582517 0.0024827366493069937 0.0008630421560951025 195.6900594930755 -0.00247505913842104 0.999958339873267 -0.008785931946089523 0.41791861114183054 -0.0008848193568903772 0.008783765515437318 0.9999610305197275 2.6110237518763673
0.9999955120997294 0.0027206185345515495 0.0012545976205467003 197.11198734462957 -0.0027045688981752213 0.9999166859923572 -0.012621663168416423 0.4122311765747763 -0.0012888318257438137 0.012618213377946618 0.9999195565662639 2.630778386690129
0.9999909430521253 0.002976465645723682 -0.0030421153792791187 198.50430997889558 -0.0030105706781819812 0.9999319757778572 -0.01126855275456458 0.41646007044765554 0.0030083679815957882 0.011277609199230165 0.9999318803062721 2.6509247329170624
0.9999647969346233 0.0031679832664960094 -0.0077697344562663645 199.94279368540268 -0.0031999131878424933 0.9999864729610237 -0.0041005427155568755 0.4314140194066526 0.007756638904059102 0.004125260839636221 0.9999614076432736 2.674667223393082
0.9999505209885536 0.004675174085631469 -0.008780565015370166 201.38557529621193 -0.004626128599472168 0.9999736319086872 0.00559771574220965 0.44679121057551796 0.008806503784206771 -0.0055568187498312395 0.9999457821584531 2.6954413710926173
0.9999695285614518 0.006011024847127305 -0.004980916469379503 202.83318573644925 -0.005951513827982362 0.9999117458707178 0.011877708235531676 0.4634450423348301 0.00505187408226418 -0.011847702311431547 0.999917051818898 2.7169280419966197
0.9999727275946391 0.006883069733140435 -0.0026772033890813873 204.26983797560067 -0.006846753169105283 0.9998875017750806 0.013345627187581225 0.45329901167937797 0.0027687610910169832 -0.013326933069438236 0.9999073591173252 2.740250219263041
0.9999771355076814 0.006425139299480108 -0.0021085651126703663 205.73544806582638 -0.006397723198289387 0.9998981060054415 0.012761141979034121 0.44899185593005936 0.002190342377383987 -0.012747360186064932 0.9999163501056259 2.7722076667962314
0.9999845156255538 0.00515364029544971 -0.002099643024840193 207.1689342744135 -0.00513310805418735 0.9999400724359303 0.009669681407911055 0.4426558844347155 0.0021493512580962695 -0.009658753984421634 0.999951043181934 2.793970050821738
0.9999887740146912 0.003954469046426302 -0.00261036762846074 208.59677307528275 -0.003933483955305806 0.9999602958522782 0.007995900386919604 0.43501500473573756 0.0026418835266171932 -0.00798554278587533 0.9999646251532335 2.8197028524878363
0.9999884349679127 0.0035482235607453894 -0.003246542774663995 210.0788606120588 -0.003521056267745577 0.9999590569291045 0.008335863975342334 0.4410577695604529 0.0032759873601894847 -0.008324336311022749 0.9999599858653331 2.838954985775615
0.9999886803630139 0.0034548010195287796 -0.0032716197446380937 211.54746742809564 -0.003423766503963096 0.999949537994517 0.009444537441212215 0.44466911802482983 0.003304083649725479 -0.009433229270381482 0.999950047360751 2.866087284563678
0.9999913050441888 0.0032643159227457347 -0.0025950101303979095 212.98466359151922 -0.003236420131919104 0.9999377054738985 0.010682263632998217 0.4483573779105775 0.0026297187587397716 -0.01067377220815941 0.9999395757575046 2.8847598401754033
0.9999925029568997 0.0028330400715215046 -0.0026396806526696754 214.4179912033299 -0.0028064018784716835 0.9999456488980374 0.010041083526169184 0.45853430251863453 0.0026679839751085053 -0.010033600242990997 0.9999461029113882 2.9145125282433986
0.9999900322395209 0.00260811316943619 -0.003623971205390171 215.90235194823362 -0.002570516593145731 0.9999432303207634 0.010340627646375264 0.45721552570963647 0.0036507350008520264 -0.010331209095359142 0.9999399673243297 2.936422200521827
0.9999888136729983 0.0023126580103893855 -0.0041260322098246 217.37554147487032 -0.002273144781491618 0.999951759616759 0.00955569213347596 0.46066593446258103 0.004147932216406832 -0.009546206171792998 0.9999458308358777 2.9612106516452994
0.999990060206029 0.0016988864065244933 -0.004122289912209053 218.85173704812814 -0.0016591455937585784 0.9999523039570278 0.0096248141244807 0.4574564068701953 0.004138444761173661 -0.009617878976667256 0.9999451833370413 2.9861321929637943
0.9999883108605614 0.0015721859900324766 -0.004572348789648841 220.3361268790059 -0.0015197539864516343 0.9999333129089305 0.011448147570305356 0.4646403386772469 0.004590042490230562 -0.011441064906011576 0.9999240138849324 3.018715741505538
0.9999882542830031 0.0014579981320350839 -0.004622287039885644 221.82359618953643 -0.001412814560058788 0.9999513388431998 0.009763395962031525 0.4705484669017211 0.00463629712712618 -0.009756750849514903 0.9999416535787524 3.0385264059387085
0.9999868575473524 0.0010235991125315577 -0.005023641849085306 223.29933493580398 -0.000966848234637359 0.999935841197615 0.011286216944084292 0.47416479297991015 0.005034872099888462 -0.011281211516259295 0.9999236892531664 3.0658073991428076
0.9999862786629325 0.0006590848421817488 -0.005196931116589319 224.78444381408806 -0.0006039615442258583 0.9999436218345475 0.010601338729633336 0.4803285603669443 0.005203625304810519 -0.01059805451854885 0.999930299332963 3.0871969549135216
0.9999868934599573 0.000134542321268873 -0.005118086230996877 226.2508914900907 -7.718061031748847e-05 0.9999372056431168 0.01120619533063931 0.4917608862526286 0.0051192725515959055 -0.011205653439172514 0.9999241103101493 3.116687047862
0.9999871899768191 0.00019705833221153298 -0.0050577712758296985 227.74519839396672 -0.00014400890659989384 0.9999450003944863 0.010486917922130657 0.49709101127185523 0.005059559634960525 -0.010486055220357714 0.9999322194540067 3.1472929483899708
0.9999836921560732 0.00034122761590854627 -0.005700788157972559 229.26145757988522 -0.00027910541028190207 0.9999406156414895 0.010894369678371821 0.49783970181343223 0.00570416708011697 -0.010892600893873665 0.9999244040044672 3.183438957835727
0.999986292122017 0.0003321575687759711 -0.005225441551657678 230.75000767121273 -0.0002882424748511042 0.9999646559738368 0.008402601942377816 0.5094763733522493 0.005228047851347334 -0.008400980566330611 0.9999510443222649 3.1999367007284394
0.9999890238676349 0.000676881165095356 -0.004636159633044409 232.25986689472177 -0.0006408397044813283 0.9999695994424539 0.007771069126664046 0.507591287240844 0.004641278781531186 -0.0077680127952115255 0.9999590574160953 3.2315484942241928
0.9999904452584092 0.00047175085044992706 -0.004345899564397162 233.77103055146128 -0.0004409452149335451 0.999974792018982 0.007086670156804484 0.5110468165880353 0.0043491331557167666 -0.007084686141884893 0.9999654455345268 3.259004600839398
0.9999893682431226 0.000651339829548305 -0.004564992568123755 235.22151975279957 -0.000618225047805303 0.9999735147381206 0.007251732212360144 0.5120429661393393 0.00456959500512324 -0.007248832920957662 0.9999632859374253 3.280272250572503
0.9999860850132297 0.0009552699917213856 -0.005188182644874222 236.7740501287215 -0.0009113751238767462 0.9999638292650226 0.00845633236198303 0.5198751962153687 0.005196073065040186 -0.008451486311629421 0.9999507853908746 3.3115895955908132
0.9999884200456394 0.0012946799096282 -0.004635038139794358 238.25467997466012 -0.001250101119524019 0.9999530626573374 0.009607795241467067 0.5308246896975013 0.004647259602895885 -0.009601889717269073 0.9999431017273136 3.34219327395156
0.9999946652387524 0.0017518041630993594 -0.0027569323912123426 239.7655511763072 -0.0017233443462357676 0.9999455536049157 0.010291739892894107 0.5380103525025892 0.0027748113989720575 -0.010286933845069604 0.9999432380959267 3.3626516207421018
0.9999951810739797 0.002573962736340461 -0.0017356683584266073 241.30471741473912 -0.002559381040803608 0.9999618483852176 0.008351726929622978 0.5309051678682711 0.0017570991737769475 -0.008347244446579083 0.9999636173944743 3.385822478817535
0.9999891664567617 0.0029595287609413207 -0.003592792594093903 242.77924921388163 -0.00292334683081037 0.9999453797315302 0.010034520261214416 0.5403199765722727 0.0036222938061131697 -0.010023908572961586 0.9999431985090468 3.4150029406538995
0.9999816045568966 0.00372287628970468 -0.00478860521927446 244.34134259402845 -0.003673482387180021 0.999940384572115 0.010282646980322628 0.5333257579661493 0.004826600767163787 -0.010264866969542987 0.9999356661461437 3.443975188332243
0.9999810577558118 0.0039743647403333035 -0.004699846218582658 245.82474275396325 -0.003924237279393114 0.9999358281952908 0.01062731636740453 0.5360391131714275 0.004741781452423936 -0.010608671750444457 0.9999324835169366 3.46048738101869
0.9999859371591773 0.004000381147438602 -0.0034817286737012223 247.34047358852268 -0.003961898139904092 0.9999317545143714 0.01099043570291319 0.5411430708701748 0.0035254569932251286 -0.010976486891809337 0.9999335417359009 3.4878774291423347
0.9999888447370777 0.0037859938920324298 -0.0028242966653898634 248.90301899142432 -0.003754087682020031 0.9999300283464548 0.011218076338384295 0.5395082804286915 0.0028665706131795602 -0.011207348540471347 0.999933086817119 3.5246569215732544
0.9999900143914575 0.0033852192530899805 -0.0029174317440259865 250.393454577711 -0.0033531996680275585 0.9999348493654513 0.01091114459984528 0.5474940109370808 0.0029541782882692553 -0.010901252914270996 0.9999362157235533 3.546132103032978
0.9999896608017479 0.0036101502651086363 -0.002764978240186749 251.968701866584 -0.0035755763861306253 0.9999166160816468 0.012408712154590903 0.5406021595575632 0.002809545000941474 -0.012398697467552105 0.9999191861135558 3.574113805671189
0.9999900372041591 0.0035661379599470095 -0.002684800267276412 253.47019973745105 -0.0035277353203328307 0.9998933051986802 0.01417509443950092 0.5514541880093925 0.0027350641554118493 -0.014165481951198083 0.9998959238566563 3.5936252692744026
0.9999887580930121 0.003805294419811343 -0.002829031985304421 255.0277476177341 -0.0037649228579075605 0.9998929176768933 0.014141376717408944 0.5454793892034009 0.0028825411478984975 -0.014130566654179983 0.999896003613657 3.6143837295233485
0.9999902597543339 0.0037813636961447103 -0.002276331491058104 256.53253833216297 -0.003751846600557132 0.9999105956730278 0.012834496791720735 0.5503416441228894 0.0023246598773996787 -0.012825831334002516 0.9999150433947106 3.6442775164048093
0.9999917042710997 0.0036773315474343204 -0.001751748175866567 258.08478552784 -0.003657741553864178 0.9999321680681205 0.011058037317409442 0.540351358717325 0.0017922934208836473 -0.011051538140834916 0.9999373236303439 3.656686769971128
0.999992618919725 0.003759772620447435 -0.0007913380518099177 259.60776409087396 -0.003752769008038206 0.9999553453063911 0.008673183841504478 0.5402727797947556 0.0008239119139910687 -0.00867015011512259 0.9999620741138833 3.697674233035903
0.99999292141982 0.0034488222269576994 -0.0015042391766889006 261.16158016459826 -0.003437251580181299 0.9999649992028993 0.007627953245815708 0.5335914312546955 0.0015304939818190494 -0.007622728802250003 0.9999697753401245 3.7154707469930663
0.9999904915054547 0.003424050661687926 -0.002700513978001547 262.6840372672738 -0.0034016460524405553 0.9999601176998054 0.008257833488585525 0.523488496670325 0.0027286815155130963 -0.008248568776308014 0.9999622569928974 3.7546291251910437
0.9999918182625018 0.0039002896751134755 -0.0010729158894111047 264.2224353577034 -0.003895314350979931 0.999981829195738 0.004600848231910294 0.5313881320179507 0.0010908410345221724 -0.004596631244316375 0.9999888404612529 3.767947010824147
0.9999903119731778 0.004279868951761133 0.0010289225151807965 265.7690792803356 -0.004281000598426067 0.9999902312914855 0.0011001615689030981 0.5238557052553142 -0.0010242039165959925 -0.001104555728411533 0.9999988654808465 3.7803441999740395
0.9999897319175515 0.004523634664495489 0.0002697941546431525 267.34513454803306 -0.004524203357985222 0.9999874632790193 0.002145895796043664 0.5174347381152403 -0.0002600835236997353 -0.0021470943654291054 0.9999976611684382 3.817482331533897
0.9999894258760673 0.004474212034651827 -0.0010628088832507342 268.84453440145484 -0.004472851092512286 0.999989178236096 0.0012794584016574788 0.5287835239164909 0.001068521949962457 -0.0012746910866311932 0.9999986167107813 3.8359249920227216
0.9999845697473505 0.005392326101159522 -0.0013353225921381837 270.42729307346576 -0.005389798635449923 0.9999836903733536 0.0018891950556812523 0.5196825361507825 0.0013454879693341846 -0.001881968785039247 0.9999973239242276 3.8537592838475274
0.9999784182130257 0.0064980693290523075 -0.0009686088838447189 271.9215870803549 -0.00649467478569375 0.9999728976484128 0.0034674440247987187 0.5280877934786447 0.0009911143239339486 -0.003461078391465325 0.9999935192933826 3.8752712281998654
0.9999719811801768 0.007324211891176231 -0.001546859646244797 273.4590807797169 -0.007315482564357206 0.9999576980303204 0.005575469913192161 0.5294522378599634 0.0015876301340720408 -0.005563997670333621 0.9999832605401361 3.901863191116665
0.9999636501388488 0.008362618045328752 -0.0016628350543784042 275.04997807006805 -0.008352172911408188 0.9999459470883623 0.006192262043566848 0.5147679098310624 0.0017145286956090783 -0.006178148669804032 0.9999794452239334 3.922944513692792
0.9999554127017599 0.009207345398528178 -0.0020969976549931935 276.54339315980917 -0.009191952975844733 0.9999315773292673 0.007235237404074585 0.5152432802566659 0.002163471502632784 -0.007215639300551458 0.9999716265677449 3.9497623106447124
0.9999436202753462 0.010253340746919958 -0.002761389896745968 278.13726872443146 -0.010232088342907604 0.9999187425573937 0.007603463065189571 0.5046448171162041 0.002839126410928928 -0.007574779598662823 0.9999672805023444 3.977967908611607
0.9999320926933518 0.01123201189574374 -0.0031067524310664204 279.61964435830953 -0.011209309028623347 0.9999110285099214 0.007230937375739747 0.48702906964816783 0.00318769399329501 -0.007195621794182767 0.99996903033744 4.00255676064816
0.9999219857742122 0.012149568132543481 -0.0029000619905347738 281.1732932097612 -0.012129026942250392 0.9999019488890591 0.006998522222264074 0.47531242227366904 0.0029848066588013212 -0.006962801307953852 0.9999713047518691 4.027776605410897
0.9999154598923585 0.012869549765240214 -0.0018568136937340584 282.7801442288685 -0.012859525032848356 0.9999031953636508 0.005313428035695362 0.4522694064070842 0.001925015372089072 -0.00528910109574137 0.9999841597372512 4.057177291863378
0.9999140118737404 0.01302098636377366 -0.0015565258352626386 284.2715572673661 -0.013014284639008968 0.9999063174936766 0.0042408291134703804 0.4514198079951227 0.0016115997940788261 -0.004220207382253047 0.999989796245819 4.076839540925943
0.9999071061049479 0.013099488994911125 -0.003765972503949581 285.86854086903577 -0.013090957615294926 0.9999117076233772 0.00228118092581169 0.43569802767864324 0.0037955223017199827 -0.002231668831600603 0.9999903067853624 4.102577534399695
0.999896593511016 0.012890101768973435 -0.006375544012214266 287.36684503633586 -0.012862175050951096 0.9999075888668353 0.004402065364180912 0.422363830369367 0.006431697911505522 -0.0043196067989271815 0.9999699866791392 4.140718067018017
0.9999070084940352 0.012240673573817596 -0.006011678215661195 288.89239458053686 -0.012223152520453315 0.999920964557934 0.002942648465717169 0.3923067235627182 0.006047223079327199 -0.0028688931646709036 0.9999776000216398 4.156840536234241
0.9999137032521719 0.011685086472796856 -0.006003732393343758 290.45122050170687 -0.011676741494295597 0.9999308117917305 0.001423143564891909 0.3771191247393801 0.0060199465614755 -0.0013529167210725626 0.999980964748701 4.191873621162296
0.9999227894286545 0.010367240986063274 -0.0068509485150158 292.0184988991995 -0.010353826259004086 0.9999444162347008 0.0019906588964426278 0.37208239477141525 0.0068712053540019346 -0.001919571665898024 0.9999745505669645 4.223691005774018
0.9999239354101348 0.010153953982320595 -0.0070014721618658834 293.61761539627605 -0.010141495308989166 0.9999469307779919 0.0018126501514499538 0.3572404815608315 0.0070195061654092115 -0.0017415068758740333 0.9999738465014947 4.249811111212801
0.9999310038725214 0.009525696642686064 -0.006873761558486539 295.1433970636585 -0.009512864691882355 0.9999529521224841 0.0018970890550718236 0.34762649032943255 0.0068915092574374365 -0.0018315689996433971 0.9999745759043848 4.274022337255465
0.9999435854559945 0.008428657849421563 -0.0064640260107556085 296.73648862379474 -0.00841379907948321 0.9999619063888174 0.0023224461870809347 0.35251971053190606 0.0064833548769466795 -0.0022679281512392622 0.9999764110275003 4.317311566125848
0.9999564674511435 0.007553706017543525 -0.005477657166222707 298.32153733012694 -0.007543471948698318 0.9999697679482172 0.0018865896607418455 0.32733808390963004 0.005491742309080589 -0.0018451869795072797 0.999983217884891 4.342347022417378
0.9999671530175637 0.006880252024738881 -0.004284275670917407 299.8749038432019 -0.006872105732440155 0.9999745564628423 0.0019132667728678793 0.32192239348481655 0.00429733042137807 -0.0018837619324303296 0.9999889921355292 4.369750937815761
0.9999626737988903 0.007669430464157979 -0.003978799483477479 301.4774823137548 -0.007663577579513349 0.9999695329236895 0.0014841843083311407 0.3132084178553308 0.003990061109438732 -0.0014536370708542066 0.9999909831351528 4.389197576288247
0.999954487638262 0.00859367776796067 -0.004143833312447231 303.05567857998443 -0.008582112245539127 0.9999592506853728 0.002800770992526701 0.32204004821068183 0.004167733377491445 -0.002765080680209918 0.9999874920854391 4.414046400048429
0.9999494441051348 0.009095871539366068 -0.00428653178820248 304.656743579226 -0.009085333295647554 0.9999556731022369 0.0024715480087630338 0.3042539365768416 0.00430882266273723 -0.0024324784874635405 0.9999877584729071 4.443630021859484
0.9999426580626656 0.00926658605730312 -0.0053675850634611385 306.25046823332 -0.009268380805693123 0.9999569997113146 -0.00030958938416406886 0.29369619644008604 0.005364485419083082 0.0003593204540841111 0.9999855464880478 4.46550553692184
0.9999268279968535 0.009732643839165828 -0.007184309016955367 307.8509468216318 -0.009754330259478281 0.9999479558990406 -0.0029897382025036692 0.2833007206772989 0.0071548370589542476 0.003059597560208038 0.9999697231263702 4.496598120635703
0.999916806073442 0.009793031104077443 -0.008395086281932364 309.46563294294805 -0.009824339032156614 0.9999449086301035 -0.0036962233854574596 0.27295316978050665 0.00835842655454729 0.0037783920559584985 0.9999579293445319 4.522525034301401
0.9999263121914422 0.007903610029327966 -0.009214289757038193 311.05433708729925 -0.007927290503876121 0.999965362053735 -0.0025362882347788754 0.2631063326563887 0.009193924759835053 0.002609145692947915 0.9999543310103033 4.559193224248461
0.9999468080459022 0.005462490764512055 -0.00874884412133316 312.6737118547409 -0.005476087420171251 0.999983834262685 -0.0015309081832458498 0.25752840601097204 0.008740340118004987 0.00157873618648191 0.9999605562454327 4.586637106793293
0.9999689910500045 0.005355782173655464 -0.005773433618264159 314.3040780717913 -0.005355009329672223 0.9999856506874872 0.00014931243080082085 0.2571298313426566 0.005774150458316086 -0.00011839100988907259 0.9999833224459563 4.615836135887821
0.9999804239180515 0.005665377050957382 -0.0026561783721018644 315.9232449077758 -0.00566837802156314 0.9999833033179588 -0.0011236440307262352 0.25812490719957626 0.002649768155631019 0.0011386782572843823 0.9999958410616255 4.650514037939756
0.9999811208334123 0.0058583514019779175 -0.0018541023713493602 317.53919579313936 -0.005861981941931985 0.9999809000062191 -0.0019587726934155573 0.2558020432751758 0.0018425917792509712 0.001969604428038914 0.9999963627503512 4.674494717599044
0.9999774048792703 0.006083659386077469 -0.0028598635271640436 319.17952669939166 -0.006092594289930353 0.9999765539945885 -0.003125980794300214 0.24936211195730237 0.002840779072388367 0.0031433341505823476 0.9999910246720616 4.707285086966559
0.9999734967647533 0.006624289176614048 -0.00302068882479794 320.790555016771 -0.006635352647476273 0.9999712608265304 -0.003667371844091265 0.24475910269902304 0.0029963082810843737 0.003687317982463369 0.9999887128476905 4.72403370471343
0.9999728944514423 0.0067730820544681224 -0.0028871650261203434 322.4219815529816 -0.006784761888315976 0.9999687614233981 -0.004055019540520737 0.236789124069639 0.002859609855114094 0.004074498354226178 0.9999876104705687 4.750892476431512
0.9999688422436808 0.0073880673427993634 -0.002780468084845378 324.0403049889114 -0.007399595210498651 0.9999639744457868 -0.004158822105699951 0.23388680993855382 0.002749642259158015 0.004179266864457773 0.9999874865196675 4.788173480370285
0.999963172773371 0.007792058858341285 -0.003596792426786198 325.68186947449885 -0.007802278417594641 0.9999655399994887 -0.002836065060114111 0.22401125936823965 0.003574569695442838 0.002864023791627489 0.999989509854585 4.812458990691505
0.9999544791374076 0.008499286058157904 -0.004336103035833373 327.2908076771075 -0.008508626211662386 0.999961510751759 -0.002140162388699066 0.22879238476731975 0.004317746290134764 0.0021769592466082057 0.9999883088893653 4.840067641396422
0.9999516845906772 0.009324082366823538 -0.0031128720313412443 328.9169976460489 -0.009332271709127333 0.9999530034134875 -0.0026267221194880386 0.2139395120011672 0.0030882339635846566 0.0026556453759258784 0.9999917051449094 4.871247767108266
0.9999552868116567 0.009276607474510057 -0.0018354648406850257 330.54272606746144 -0.009284379285873577 0.999947773667885 -0.004272029718528843 0.2078400924410102 0.0017957390382704376 0.004288879854206236 0.9999891903570272 4.899809349473666
0.9999531614375048 0.009254309781950834 -0.0028341985814839773 332.15183734969486 -0.009267074355966624 0.9999468248431626 -0.00452424788872156 0.20186605947367683 0.0027921790810373323 0.004550300708448267 0.9999857491481777 4.92892572620962
0.9999557321362655 0.00905033476120512 -0.002573948044425979 333.8019049582663 -0.009059596647940852 0.999952445700697 -0.003609715469579479 0.17805831707895647 0.002541156508737889 0.0036328746062622066 0.999990172324555 4.973687667589348
0.9999478863835538 0.009154046817911592 -0.004519728301441082 335.3851342896249 -0.009164184188590154 0.9999555273905857 -0.002227323320342266 0.1855635862319558 0.004499138275376634 0.002268626869105838 0.9999873054628783 4.9789959943884625
0.9999316654196739 0.008660177267710838 -0.007852758797340148 337.0057025168617 -0.008663224861253259 0.9999624108467653 -0.00035415890254451014 0.1801561604530346 0.007849396539909428 0.0004221649164870784 0.9999691038980867 5.018413325584135
0.9999461336765614 0.0077153776223903734 -0.006942815958994868 338.59263754280954 -0.007709987294490301 0.9999699553367419 0.0008028198759309383 0.17997481890121547 0.006948801422932884 -0.0007492476081440036 0.9999755760951397 5.052711316792081
0.9999689574154903 0.006809511311984764 -0.003964184792512309 340.2024503942629 -0.006803178926986346 0.9999755641247603 0.0016086981864151901 0.17746093852848938 0.003975042372685256 -0.0015816791898226883 0.9999908486226641 5.088271300579721
0.9999820534612689 0.005839478932342236 -0.0013391195549730618 341.82391297711706 -0.0058362595110477925 0.9999800994642078 0.0023955689246622225 0.16828080799738343 0.0013530817800429665 -0.0023877104832525915 0.9999962339970809 5.111430749996408
0.999987089967027 0.004612550373263826 -0.0021317312989734888 343.4174185355449 -0.004606242702985095 0.9999850267939345 0.002954440064615012 0.17713589004177688 0.002145326883744298 -0.0029445826509557397 0.9999933634807651 5.138138221448898
0.9999897175796436 0.0028155622907359117 -0.0035549042141335904 345.0231953169923 -0.00280518232931123 0.9999917978127515 0.002921516613065987 0.17144572121699045 0.0035631007681510827 -0.0029115144183202114 0.9999894136423185 5.169465787273495
0.9999958920652189 0.0009342878044641272 -0.0027097894725117266 346.60314710773093 -0.0009288088331571917 0.9999975234577705 0.0020224718729768987 0.17462464792905105 0.0027116723324094594 -0.0020199466883962826 0.9999942833079285 5.19190446163752
0.9999984496696478 -0.00027511664116075415 -0.0017392438399677884 348.2275076919363 0.0002743714803030679 0.9999998704838797 -0.0004286636381554184 0.17075289927790457 0.001739361547207991 0.00042818577467818925 0.9999983956378883 5.236302219618281
0.9999964623224225 -0.00048794683753995374 -0.0026148136690254775 349.81460985893614 0.00048652459220405154 0.9999997333920961 -0.0005445269119654116 0.18700200466996295 0.0026150786720801353 0.0005432528144507526 0.999996433113598 5.256625976326541
0.9999937338017983 -0.0007646780085569929 -0.00345653362219268 351.42444329391714 0.0007625285375738327 0.9999995151279535 -0.0006231324796874872 0.19184291886590044 0.003457008441919784 0.0006204928694878582 0.9999938320215936 5.286945012697511
0.9999928786550185 -0.0005058046374583302 -0.003739893169337996 353.01217388887176 0.0005023744877233363 0.9999994523917206 -0.0009180610725389564 0.19667588518662085 0.003740355480889493 0.0009161757077942586 0.9999925851539846 5.3096381974868
0.9999929600182631 -0.0005828804313315649 -0.003706772762814839 354.606542983739 0.0005776047719502524 0.9999988190698639 -0.0014241599647673076 0.20513841241392178 0.003707598500349724 0.0014220088890708282 0.9999921157709593 5.339715870343612
0.9999911003587963 -0.0007882230736752138 -0.004144623938273732 356.1949524073513 0.0007796782218078414 0.9999975683049712 -0.002062882937753852 0.2029919432270461 0.004146239871742134 0.0020596331058136052 0.9999892832457733 5.374592055307434
0.9999875203826354 -0.00037531023095046915 -0.0049817889576854995 357.81140313264734 0.00036405543027759313 0.9999973801472075 -0.002259903176030827 0.22462204859013452 0.004982624070914709 0.0022580613259813665 0.9999850371962653 5.4061803158077035
0.9999881743539256 -0.000572192234005247 -0.004829466673467206 359.3923221023572 0.0005596343489939567 0.9999964602405943 -0.002601214269726273 0.23103800894076681 0.004830937972921245 0.002598480773249162 0.9999849548548082 5.435633535652934
0.9999842693227817 -0.00013540525253175712 -0.005607385522679579 361.00988985164986 0.00012212059482341804 0.9999971854864663 -0.0023694104131675893 0.2374636805816191 0.0056076905712324834 0.002368688363481748 0.9999814713892924 5.460274176339161
0.9999809062173185 -0.00032446056728943157 -0.006171055511861376 362.5742618250985 0.00030548348758329807 0.9999952228413649 -0.0030758696798908057 0.24412479745223634 0.006172024030171496 0.0030739257943437483 0.9999762282672432 5.503454852914388
0.999983148087672 -0.0006111484363324535 -0.005773217322939289 364.15589151671134 0.0005838014082341497 0.9999886081549495 -0.004737376514736554 0.25609985089776466 0.0057760467955914035 0.004733926268479689 0.9999721132239137 5.526024427381307
0.9999916217537625 -0.00030006774905545427 -0.004082447994259839 365.7613917557614 0.00026520107147900073 0.9999635112438696 -0.008538492210170771 0.2504935656647764 0.004084861156948395 0.008537338002998203 0.9999552128816325 5.556968547841989
0.9999885507650149 -0.00017927954555675517 -0.004781861324819201 367.33353020630796 0.0001397148961075324 0.9999657687815545 -0.008272952608492512 0.2641719969950287 0.004783180807063679 0.008272189792255878 0.9999543449865137 5.584962557126507
0.9999836137473794 0.00039739382696673316 -0.005710894402623223 368.9591722570317 -0.00043800505415893785 0.9999746156527781 -0.007111694710196388 0.2666866239246495 0.005707923291719656 0.0071140795767824245 0.9999584038766168 5.6129045852171675
0.9999874009657911 0.0003265103273704766 -0.005009121748201464 370.54986659889886 -0.0003543775097841686 0.9999844613298031 -0.005563408624600166 0.28071987965525236 0.005007227402739328 0.005565113651115919 0.9999719781992831 5.64532288144532
0.9999902156724133 0.0009304694138029327 -0.004324671792217787 372.1523006343902 -0.0009480490151816475 0.999991289730177 -0.004064685331236086 0.2914080252694114 0.0043208520577821315 0.0040687455618568635 0.9999823876184258 5.6736005426502345
0.9999891296136402 0.0012129370162273082 -0.004502159298475014 373.74279406011726 -0.0012295353254128572 0.9999924514987497 -0.0036858090569392376 0.28893188099923517 0.004497654659680014 0.003691304554668852 0.9999830725433541 5.705286012262958
0.9999865298865132 0.0013154268228991912 -0.005020925990628658 375.34862094451944 -0.00133356166746886 0.9999925939522282 -0.0036102152253168897 0.3050938337108776 0.005016139831467092 0.0036168623097443927 0.999980878141289 5.738481359841044
0.9999835087061685 0.0019319888719526463 -0.005408302386044432 376.9773818789681 -0.001949644702080473 0.99999278166301 -0.0032612125676308645 0.31221282708591824 0.005401962720705531 0.0032717030541103654 0.9999800571800868 5.76188648260539
0.9999842911789051 0.002008041194324248 -0.005233083793018887 378.5663868014957 -0.002023070200943394 0.9999938402534497 -0.0028682123561903587 0.30864983012434277 0.005227292069983745 0.002878754195836289 0.9999821939374196 5.791399693592569
0.9999827351398736 0.0026896814448597226 -0.0052244651307534985 380.1902213881913 -0.0027016942306327335 0.9999937200164335 -0.002293638153454368 0.3164708567851473 0.005218263165215765 0.002307713461414366 0.9999837219615719 5.819877798823973
0.9999848039052641 0.002436576774507788 -0.004945204967683864 381.80798701161837 -0.0024426985697492674 0.9999962573683302 -0.0012322633767105592 0.32601516645407275 0.00494218395527937 0.0012443242962212255 0.9999870131530698 5.851013504594667
0.9999812121354564 0.002845710284605753 -0.005429300975212454 383.41926971687246 -0.002845176730415157 0.9999959468590772 0.00010599429345114416 0.32283485982891574 0.005429580598541472 -9.054498124762163e-05 0.9999852556193668 5.885940046071155
0.9999769630228025 0.003530940529383075 -0.005797058104842626 385.0423739073001 -0.0035271472409624566 0.9999935588548663 0.000664440456022912 0.3330259973209092 0.0057993668648855575 -0.0006439780718230827 0.9999829761731994 5.9150737091533765
0.9999770384110421 0.0033835519747818362 -0.005871475684634922 386.63209517782553 -0.00337340362814 0.9999928006668403 0.0017374586184697462 0.33823036880103685 0.005877312195464952 -0.0017176118662820344 0.9999812533296981 5.949332776080071
0.9999791818099004 0.003996492288838749 -0.005065964487361551 388.25844268295776 -0.00398064579830826 0.9999871653438124 0.0031342633385145428 0.34218528560335576 0.005078425526712661 -0.003114032278573545 0.9999822560411448 5.98273136429707
0.9999794235563659 0.004160391205509089 -0.004882991797571002 389.858951658199 -0.004141251132684667 0.9999837286267532 0.003923330318985999 0.34699538282896464 0.00489923493354432 -0.003903027895488252 0.9999803817427185 6.006422450777738
0.9999784960018397 0.004207686683897067 -0.005030199466111694 391.50077076756565 -0.004182372317739495 0.9999785908815061 0.0050324487511756825 0.3384247031780774 0.0050512667415729936 -0.005011302366407222 0.999974685456036 6.0391102754440125
0.9999759652718209 0.0051411009563242524 -0.004651662030623379 393.152929960395 -0.005114295322524111 0.9999703543284528 0.005756252911632254 0.35328881527232725 0.004681117606327507 -0.005732324588293012 0.9999726134213728 6.074848714848661
