1.0 8.809142651444726e-20 8.673617379884037e-19 -5.551115123125783e-17 -8.809142651444726e-20 1.0 1.7347234759768075e-18 0.0 -8.673617379884037e-19 -1.7347234759768075e-18 1.0 -5.204170427930421e-18
0.9999993011580781 -0.0003480319849955573 0.0011298482609536818 1.3160940844717768 0.0003481171165631284 0.9999999365833229 -7.515200288644408e-05 -0.058402083065748844 -0.0011298220340017183 7.554526988583102e-05 0.9999993588973364 0.018140396604628333
0.9999976844684006 0.0012037922336848642 0.001783799903291163 2.5652097675998258 -0.0012028053760217308 0.9999991230587825 -0.0005542029350592417 -0.11574037075546209 -0.001784465484192614 0.0005520560876714074 0.9999982554569841 0.031373844761168695
0.9999981628321449 0.00034463321940458175 0.0018856193356505521 3.8981117879388862 -0.0003432418929466306 0.9999996686703239 -0.0007381356551640218 -0.11791717311216707 -0.0018858730969561048 0.0007374870755347779 0.9999979497956362 0.04791527463881815
0.9999975295525372 0.0006722293287481 0.0021187252186396694 5.225319822085076 -0.0006697465987252624 0.9999990885810311 -0.0011722954407727046 -0.10600466741309861 -0.002119511338970561 0.00117087353566959 0.9999970683591264 0.055160326290242694
0.9999971027683278 0.00024356468959144565 0.002394813394098293 6.5605484875219195 -0.0002401142369838622 0.9999989329542047 -0.001440984248702706 -0.11234540192407003 -0.002395161811603972 0.0014404050450466587 0.9999960942089736 0.055234926776603493
0.9999952944779965 0.0004996322062700634 0.003026778737134549 7.895255562911967 -0.000491273585327519 0.9999960659040572 -0.002761670992868059 -0.10071671655212125 -0.0030281466492677583 0.00276017102132225 0.9999916058566709 0.07787817800917024
0.9999950597272445 0.00045618884753166416 0.0031100502954553703 9.227431285586608 -0.00044763238513154254 0.9999961147845564 -0.0027513707565266117 -0.08925727531934931 -0.0031112933568944847 0.002749965004772989 0.9999913787358968 0.0803087558918026
0.9999950018387441 -0.0001090919961481996 0.003159809561785151 10.547904449014139 0.0001179147537580996 0.9999960950497218 -0.002792128474597881 -0.10081761309111348 -0.0031594926240171278 0.0027924871072559183 0.9999911097715392 0.08507755875618354
0.9999981679593651 -2.545851763643902e-05 0.0019140088236826232 11.881564626387727 2.7227462025682787e-05 0.9999995725668344 -0.0009241887327553159 -0.05720111377259566 -0.0019139844770966205 0.0009242391532065669 0.9999977412201535 0.09621304096959815
0.9999990807367183 0.00021112618536158967 0.0013393847290219458 13.200097700064994 -0.0002121835327899242 0.999999665964351 0.0007893347419663141 -0.05656263074842439 -0.0013392176323866539 -0.0007896182117434376 0.9999987914988762 0.11303241303778697
0.9999994656174528 0.0001668140610680556 0.0010202636315661865 14.538114916778909 -0.00016894731513550766 0.9999977992582788 0.002091156475257503 -0.046931246101760506 -0.0010199125519254793 -0.002091327728581262 0.9999972930596953 0.10842108812237523
0.9999988131732676 0.0007182401764663738 0.0013630051743570284 15.889097210204579 -0.0007214590995704709 0.9999969487656054 0.0023626163985771003 -0.031143132165244496 -0.001361304089489724 -0.0023635969470466012 0.9999962801234051 0.12253020744226692
0.9999951976848861 0.0011228159993462215 0.0028885794774123003 17.223651589199505 -0.0011275335980564598 0.9999980324893257 0.0016320801030152566 -0.04090092369711911 -0.002886741268449465 -0.0016353292356637494 0.9999944961964241 0.12345623968060272
0.9999788929151354 0.0011393437954462598 0.006396531867795251 18.579051180001528 -0.001121947722402625 0.99999566449498 -0.0027225400918205393 -0.05089328411957404 -0.006399606044760697 0.0027153060525754256 0.9999758357858017 0.15391904715638538
0.9999897890683284 0.0009185939047945609 0.004424697087745793 19.928977937882525 -0.0008945654439061858 0.9999848602779823 -0.005429453700947457 -0.04877237086939353 -0.004429617562137927 0.005425440080052252 0.9999754712432656 0.18086985272369852
0.9999965096032554 0.0010961258584350482 0.002404015268067308 21.28905371505864 -0.0010821774715851825 0.9999826188378809 -0.005795766908145549 -0.05931436375569045 -0.002410326373465677 0.00579314510745515 0.9999803147045133 0.17103455202864082
0.9999972369435124 0.001505905678261114 0.0018050909752213868 22.627989469594052 -0.0014993070447328167 0.9999922097779936 -0.003651364362946471 -0.044651928610773904 -0.0018105755234895092 0.003648647888404946 0.9999917045580229 0.21814006175424958
0.9999955087286513 0.002307757182493364 0.0019122707216005024 24.006629445565107 -0.00230529260427355 0.9999965107229983 -0.0012900262930927242 -0.034016671464891846 -0.0019152411166017428 0.0012856121556827204 0.9999973395228862 0.17685250758950757
0.999963578381515 0.0034031002461509655 0.007826929100894742 25.371260677474666 -0.0033994332818033956 0.9999941058618846 -0.0004817622362674677 -0.043485699644609674 -0.007828522453078432 0.00045513756642720076 0.9999692530703118 0.20036823143337154
0.9999651508543458 0.002741668293233425 0.007885450641248971 26.776259020543897 -0.002725224769951033 0.9999940914401255 -0.002095288713069295 -0.06388143504310488 -0.007891148636221514 0.002073726068637987 0.9999667141627232 0.21019425493525995
0.9999556660860056 0.0031305115086551977 0.008880639627135398 28.13153427501962 -0.0030775709262248247 0.9999774509585337 -0.005968762993078047 -0.05352152077320262 -0.008899124658466463 0.005941167576130107 0.9999427524154297 0.2525943199146103
0.9999775381548428 0.0031276657541879902 0.005927975430945455 29.49298732373675 -0.0030927931156369192 0.9999779134678152 -0.005882789074790868 -0.035220355098422 -0.0059462439004536434 0.0058643229348910855 0.9999651253418749 0.252136363571476
0.9999827305834751 0.003520339197484843 0.004705926768657278 30.871366694187792 -0.0034915608149200666 0.9999752403458784 -0.006109639783046325 -0.0424714839257761 -0.004727318255948934 0.006093103243628766 0.9999702628353353 0.27407680333487
0.9999869165275723 0.00413353629346344 0.003013411918211697 32.2782612386177 -0.004121042469508865 0.9999829362472009 -0.004140558342918243 -0.026311539480421725 -0.003030475646281298 0.004128085771544254 0.999986887476641 0.2513658949838006
0.9999872866567203 0.004874633539222551 0.0012901444835750487 33.64828342688643 -0.004871297743468916 0.9999848166255362 -0.0025762330420964676 -0.03160666597278165 -0.001302683086820099 0.002569915611649847 0.9999958492666479 0.2789138884408099
0.9999863037452239 0.004961554628064808 0.0016659224584642817 35.044516044418344 -0.004957366429974142 0.9999845650293203 -0.0025088286509761344 -0.030361470327544784 -0.001678344435404253 0.0025005357013492104 0.9999954652302993 0.27711370417038306
0.9999861500760951 0.004457150790273167 0.002798832403378473 36.433224421419986 -0.004451145589587687 0.9999877862272547 -0.0021481851071484225 -0.03519504694399809 -0.0028083730040235257 0.002135697344439861 0.9999937758995918 0.3054486385759792
0.9999844167331201 0.004242456443588551 0.0036287538144450836 37.84116971827512 -0.004236609191720289 0.9999897173033749 -0.0016175382755485765 -0.015968634000795155 -0.0036355788367503352 0.001602139457253172 0.9999921078266975 0.2943315564933056
0.9999834765873791 0.004421454204404301 0.0036738664833067653 39.22583360016349 -0.004417949680625463 0.9999897785912146 -0.0009614747595073763 -0.003189940664508781 -0.0036780800478334688 0.0009452279154066146 0.9999927891096765 0.2733449340776289
0.9999777166591595 0.004594926004893161 0.00484281324681608 40.626539158208914 -0.004610228774900404 0.9999844005541038 0.0031534804728945683 -0.00478363389370119 -0.004828247692182024 -0.003175736679796297 0.9999833012209572 0.3335084778376837
0.9999794246603563 0.004059406543658023 0.004967038801552983 42.057412280097154 -0.004090112414131115 0.9999724927510936 0.006187464876978606 -0.02358836384507221 -0.0049417847365700795 -0.006207653314850931 0.999968521406519 0.33728168748103293
0.9999801686886614 0.004013847029665066 0.004852964188904342 43.446284760139505 -0.004045582665755747 0.9999703819801211 0.006547398217990669 -0.008617847856812721 -0.004826540198825209 -0.006566901442298314 0.999966789606113 0.3406786392197888
0.999978297487183 0.004217945838109288 0.005060976935485837 44.867809846023256 -0.004247932472508176 0.9999734005358946 0.0059290210311928725 0.024154142135436305 -0.005035834026628921 -0.005950391044804816 0.9999696161494459 0.35364146699120236
0.999986218813655 0.0027839551942535844 0.004451042152725559 46.276519794409495 -0.0028092944545344183 0.9999798269524811 0.005696801975994523 -0.0006402470408235611 -0.004435092720189 -0.0057092277553414715 0.9999738669940335 0.3736385369222297
0.9999865896996137 0.0015418415397290854 0.004944000971142644 47.70788040046016 -0.0015682509752028312 0.9999845001256333 0.005342293268429944 -0.014392418467538354 -0.0049356873700700426 -0.005349975061016862 0.9999735080276034 0.38665052251011484
0.9999855349740686 0.0004081409790473428 0.005363139338781941 49.12081086734675 -0.0004388272168909902 0.9999835342956845 0.005721762681673147 -0.021703983382720705 -0.00536071574509261 -0.005724033407737419 0.9999692486112998 0.4003532365823025
0.9999845289945635 -0.0004342432443648623 0.005545557169994151 50.53411508928012 0.00039920763699812417 0.9999799658219521 0.0063173244328529115 -0.009083153731071828 -0.005548189324771861 -0.006315012868718595 0.999964668479684 0.41137751105520487
0.9999852785875497 -0.001434923002412964 0.005232934564637492 51.98660819468521 0.0014062343010540742 0.9999839855109636 0.005481899916960749 0.0034244954538025134 -0.0052407168661520506 -0.005474460483571095 0.9999712821722145 0.4014857674281747
0.9999781629627243 -0.0023389980853632682 0.0061808321164582595 53.39722602625198 0.0023001456637986952 0.9999776000120459 0.006285602920484782 0.01755273814104251 -0.006195395679089673 -0.006271248847348167 0.9999611435002232 0.42044173462888634
0.9999721331235457 -0.0032299045563061995 0.006730578942613868 54.85211525860813 0.0031921878526345038 0.9999791854648519 0.005607011125797014 0.021621141321072335 -0.0067485489595243715 -0.005585369603568884 0.9999616296305235 0.43885870505626384
0.9999640188970752 -0.003102165332843707 0.007895408884753385 56.232266243965036 0.003081616821745918 0.9999918367876436 0.0026134260728784345 0.0530121148059618 -0.007903451712617252 -0.002589001414092102 0.9999654156633138 0.43815152050444334
0.9999625378308507 -0.0037477764095547607 0.0078023782828380355 57.67002928855384 0.0037274570642914966 0.9999896282013585 0.0026171651729506398 0.06554277096214664 -0.007812105908036655 -0.0025879840982176 0.9999661360964125 0.4783233459514197
0.9999573435319214 -0.003631342014395604 0.00849261277566487 59.122529584464885 0.003601600426940281 0.9999873374950901 0.003514729555127208 0.07372737965608295 -0.008505268423016668 -0.003483992631379462 0.9999577602100986 0.5178056289285361
0.9999574067323604 -0.003817651369204756 0.008402991081498725 60.55286437437298 0.0037943149677499644 0.9999889057178191 0.0027913464858729926 0.05930851049077796 -0.008413554244078221 -0.002759343998470645 0.9999607982944531 0.5296229682210974
0.9999513091992279 -0.0028725957337648093 0.009440732201485998 61.986161346601634 0.002888784095044927 0.9999943798165112 -0.0017015468971630617 0.09049188870998971 -0.009435791286481166 0.001728736284511319 0.9999539875982577 0.49907466609610995
0.9999628012171725 -0.002676338799978529 0.008199597095788456 63.39618170379118 0.002718201074843325 0.9999833080837994 -0.005098522991791623 0.07669580864409983 -0.00818581485389534 0.005120621486581165 0.9999533847488936 0.4901627907093247
0.9999679018700045 -0.002265621971902728 0.007685192696438957 64.80355672239685 0.0022993998047237687 0.9999877237712236 -0.004389198945717428 0.0885401958792466 -0.007675154085684755 0.004406729391224549 0.9999608356059918 0.5266255222417725
0.999972938462609 -0.0014459420225959333 0.0072132928765040105 66.25520586533021 0.001482161645311778 0.9999863092518053 -0.005018416663644551 0.09598406857626485 -0.007205937781586724 0.0050289721236123205 0.9999613912047144 0.5296956479304482
0.9999732751242224 -0.0010016286880615418 0.007241945685213015 67.62755078509626 0.0010251129278957927 0.9999942263264365 -0.003239823648992343 0.09439561705511418 -0.007238658772271574 0.003247160877252813 0.9999685283874767 0.5395004662292553
0.9999651482695222 -0.0001954041083624447 0.008346500077686473 69.08890524727563 0.00020681368613815644 0.9999990454330714 -0.001366148251486446 0.12490924191689394 -0.008346225159412558 0.0013678268093032112 0.9999642341481059 0.5442596266796846
0.9999542449767035 0.00047492316529989517 0.009554182385633728 70.43554884855516 -0.0005003638384961239 0.9999963355093184 0.00266056459492313 0.12443567738898165 -0.009552883810662499 -0.002665223428100275 0.9999508182880688 0.5693290337897717
0.9999448010901943 0.0015639108696964671 0.010389848674694294 71.9102105009887 -0.0016275165348075878 0.9999799709963102 0.006116273060267522 0.14236102568194503 -0.010380075270455867 -0.006132845099174736 0.9999273184828831 0.5813000078929046
0.9999445519832987 0.002135968090378191 0.010311672960144559 73.27439627805794 -0.0022351713297971715 0.9999512424648108 0.009618560298065803 0.16151450789915442 -0.010290625250515299 -0.009641075323736512 0.9999005714062551 0.5769222358545714
0.9999474883684979 0.002340080868739804 0.009977200361852328 74.6506749116088 -0.002484213823593785 0.9998923859189675 0.01445839766202243 0.1509383135384408 -0.00994229285484258 -0.01448242392703197 0.9998456931996988 0.5991582755172551
0.9999433277931822 0.003314641018800307 0.010117033004448403 76.12161274805854 -0.003464903083771108 0.9998834145455813 0.014871172223110608 0.16962371365848736 -0.010066560908109843 -0.014905383979818483 0.9998382338558061 0.591031739741097
0.9999370409853697 0.003594410963250053 0.010629876539748263 77.48557779206132 -0.0037633308360424523 0.999866282454878 0.015913973447278254 0.16060561802143575 -0.01057125377812465 -0.015952975261356517 0.999816858816588 0.5980045335120425
0.999931838915462 0.004012064300106461 0.010964527495257385 78.87465352500432 -0.004181103734104743 0.9998720889447841 0.01543774986059699 0.18111595910998282 -0.01090118776588585 -0.015482541433676781 0.9998207114358291 0.6253866435734668
0.9999460496621134 0.003334736415408751 0.009837545332752334 80.25819401811059 -0.003478875682799054 0.9998863170808813 0.014671412284263925 0.1555428497975128 -0.009787501679072134 -0.01470484435385046 0.9998439740096507 0.6120204537738351
0.9999455468362183 0.0032303882794379657 0.009923102034169164 81.65772123307983 -0.0033681069753606677 0.9998978097321214 0.013893377858137546 0.1682662883043185 -0.009877206984719375 -0.013926043388936054 0.99985424242622 0.6322338154863352
0.9999386280072684 0.0027524798283556765 0.010731452545499578 83.00545334818594 -0.002894066303727224 0.9999086818228806 0.013200469516615547 0.17447735707062087 -0.010694138542745972 -0.013230716912698297 0.9998552812936504 0.6308215303551403
0.9999506894795118 0.0024289291343213147 0.009629066035151226 84.38334412261935 -0.0025528937947882583 0.9999137558178854 0.012882688362394997 0.18915285685768984 -0.009596944447134695 -0.012906635093257306 0.999870650348258 0.62511742420448
0.999949934413515 0.0017629957508956255 0.009849899105546176 85.77112708205021 -0.0018892566366109852 0.9999159852351036 0.012823930001092904 0.2001730664778451 -0.009826463034486862 -0.012841896950771458 0.9998692546062897 0.6263348063195059
0.9999427361072137 0.0007229672713251725 0.01067716370314026 87.15415341965478 -0.0008623179926673671 0.9999144412540669 0.013052454912647995 0.20612247428711425 -0.010666813680691405 -0.013060914588641153 0.9998578056883937 0.6433176218666298
0.9999323462785291 -0.0005077989143084943 0.011620886634777398 88.57663250093046 0.0003732157236049584 0.9999328754307487 0.011580386125618358 0.20537252686261065 -0.011625987095269583 -0.01157526557178656 0.999865415769044 0.6390988037592726
0.9999242651617358 -0.0015386079497036165 0.012210512943349487 89.94176689170219 0.0014203337053946235 0.9999520515151403 0.009689031057201217 0.2055601430684024 -0.012224835087964028 -0.009670954256907565 0.9998785056449773 0.6513194083163625
0.9999154632935262 -0.0024665011617543203 0.012766465388349064 91.31734632450512 0.0023526865650795683 0.9999574262406584 0.008922475670157533 0.20637092830360143 -0.012787929168530148 -0.008891685901848063 0.9998786960373761 0.6603660372359798
0.9999143078213086 -0.0022971033770081088 0.012887991709675651 92.69571231584973 0.0021972857684743794 0.9999675244990202 0.0077538301860050835 0.22528655604755843 -0.012905384515193272 -0.007724847142635356 0.9998868824957842 0.6712968557231253
0.9999136450574952 -0.0026213083767103102 0.012877545194156292 94.01540479798119 0.0025457041738162806 0.9999794493538261 0.005883898391210088 0.23686274128692017 -0.012892704064422012 -0.00585060786695354 0.9998997692616467 0.6757352881346652
0.9999180558116306 -0.0029094047723864196 0.012466636505459611 95.40138049938612 0.0028364303436900847 0.9999787646993716 0.0058672662479322775 0.2539553181609045 -0.01248344202510819 -0.005831424713493803 0.9999050745750901 0.6678763209738696
0.9999249441482438 -0.002672061470649023 0.011956845638734906 96.76826833307818 0.002604940361306422 0.9999807828728704 0.005625670686698844 0.2640185254560484 -0.011971648000400686 -0.0055941015773955036 0.9999126890242449 0.6702009136549479
0.9999352277541409 -0.001642436601454602 0.011262446372096216 98.08975714586485 0.0015677284313458902 0.9999767326126097 0.006639010541856207 0.2965129629292862 -0.011273088478304901 -0.0066209240608490864 0.9999145367683884 0.6729236512178762
0.9999311571893499 -0.001709234599080063 0.01160859160506058 99.44455052002496 0.0016089317379529419 0.9999613434055401 0.008644248564798151 0.30561960470570704 -0.011622917905172654 -0.008624976038964675 0.9998952532979127 0.6738364266019264
0.9999178225669877 -0.002814551222036034 0.012507054581820588 100.8465696582748 0.0026975539464876553 0.9999525411947636 0.009361546925606772 0.24083731823419705 -0.012532809565292725 -0.009327039163265277 0.9998779600655507 0.6761012603347956
0.9999079605459035 -0.0019385368842084962 0.013428049436927911 102.14161236844662 0.0018096486107287409 0.9999522435610535 0.009603945497622562 0.3088076317916637 -0.013446025763685875 -0.009578761504713455 0.9998637165730128 0.6678572384878516
0.999918866707937 -0.0024818267989865197 0.012494020059803766 103.49197211780104 0.0023650855395788203 0.9999534918760064 0.009349890660962576 0.28495767808034117 -0.012516643795579617 -0.009319582647378174 0.9998782320899747 0.6746816897768168
0.9999422951013643 -0.0022315342759543113 0.01050841197284607 104.81044257471025 0.0021319562479965386 0.9999528127105145 0.009477716754961658 0.2838334097701577 -0.010529065959164757 -0.009454766369714986 0.9998998680682588 0.6785021741731404
0.999955684749436 -0.0014410808200431586 0.009303323242616679 106.08938860343704 0.0013741256352108279 0.9999731406009361 0.0071992954821264755 0.31424171213116137 -0.009313448127582202 -0.007186192508582969 0.9999308067667504 0.6850277351120445
0.9999483779436075 -0.0013176888903748728 0.010074976125841927 107.4993147916669 0.0012457243933745165 0.9999736922452206 0.007145837123561477 0.31849798925316664 -0.010084127066030745 -0.007132917597231886 0.9999237130240822 0.6865375090460144
0.9999315304307033 -0.0018832559604142285 0.01154936351056151 108.82735988237862 0.0018317230943215041 0.9999883277560812 0.004470921840317196 0.28404669546361433 -0.011557648593777831 -0.004449460482357421 0.9999233085894131 0.6702852494119174
0.9999201572555183 -0.0005482337111521456 0.012624521927478823 110.15280091523336 0.0005051000698399839 0.999994025619714 0.0034195904430514134 0.3202312972317432 -0.012626321238543113 -0.0034129407666581707 0.9999144602651291 0.6755565072643711
0.9999259873569212 -1.246856281694011e-05 0.012166332759760548 111.49535796570517 -3.444356678823205e-05 0.9999925662445003 0.0038556801448551645 0.31961770523337596 -0.012166290393007572 -0.0038558138276717563 0.9999185537221515 0.6626536423558788
0.9999591254689495 0.0019083742734291504 0.008837731553190991 112.85219767509017 -0.0019486584216822226 0.9999877416914855 0.004551834478383575 0.3294419667034844 -0.008828936613735587 -0.004568870144303544 0.9999505864310871 0.6896702247500522
0.999970842989032 0.0016862974840504814 0.007447789779505825 114.19382099570096 -0.0017436668989788352 0.9999688103478339 0.0077031134798274175 0.2807310391289507 -0.007434567744652809 -0.0077158753445722775 0.9999425945873679 0.7008319229867157
0.9999675611891075 0.004051734835251775 0.006961322743087158 115.4817655438091 -0.00412142207057393 0.9999412486722199 0.010025621375145764 0.33828539585891243 -0.006920292596762173 -0.010053986705103643 0.9999255106765247 0.7053588387361116
0.9999487205510287 0.005215473414048238 0.008680731848652416 116.85760041028153 -0.0053116812916592674 0.999924318283599 0.011097015226435601 0.34780956512079114 -0.00862219868807773 -0.011142555458567962 0.9999007456481049 0.7204023883846709
0.9999291025919098 0.004678976367081788 0.010949747480852872 118.15164611015963 -0.00480816803171769 0.9999187918892899 0.011802167040070583 0.35949366009518524 -0.010893636211886357 -0.01185397852281041 0.9998703975432335 0.707967566228798
0.9999125872919004 0.006065076378046532 0.011748728601269812 119.51105203142396 -0.006202013144142894 0.999912852384185 0.011654298343656219 0.36550094789564075 -0.011677020517996536 -0.01172614537908904 0.9998630629773113 0.7177480585683994
0.9999123361238825 0.007105679701727491 0.011172707069291351 120.825925468704 -0.007237076178459995 0.9999046075982474 0.011764371304161692 0.3641598729334889 -0.011088047423550365 -0.011844197725953165 0.9998683764298987 0.7204546490588012
0.9999030732640838 0.008256724241978193 0.011210289105645926 122.14714009089874 -0.00841080862760022 0.9998698410547116 0.013768051694267222 0.34313109481788295 -0.01109515098005069 -0.01386100479828423 0.9998423726621671 0.7182477979164092
0.9998973441966662 0.009514323190582395 0.010713483218764334 123.51033205243692 -0.009676206150193068 0.9998382422991214 0.01516114345102407 0.3525022262099992 -0.010567502211618639 -0.015263252943875046 0.9998276656537259 0.7159371068729953
0.9998872755554322 0.010603806047186902 0.01062993319117252 124.85165200235768 -0.010778477058569989 0.9998055761630432 0.0165116415169165 0.3428836490583319 -0.010452780234608836 -0.016624354742332786 0.9998071665150076 0.7119163855865468
0.9998823363441833 0.011982412629596761 0.009577852289091518 126.14981505745867 -0.012142238832064878 0.9997850249921527 0.01680683901230661 0.3416871285510085 -0.009374406810175848 -0.016921158028178087 0.9998128799470143 0.7175398868465888
0.9998677548783939 0.01323577571081609 0.009449179634914647 127.50352043399491 -0.01339226189219387 0.9997709487479648 0.016694231369103585 0.358841668592165 -0.00922605418642264 -0.016818569526783216 0.9998159908919351 0.7286088009516369
0.9998548220987141 0.01367751449478615 0.010161708674908555 128.83140856969288 -0.013843325315779257 0.9997691800693898 0.016430122567458228 0.3227983192075309 -0.009934639910449806 -0.01656840911569695 0.9998133779607196 0.7256753362191216
0.9998325825187369 0.014861669936227312 0.010674160417569904 130.1985141493711 -0.01503820084277659 0.9997482363504332 0.016652820470138496 0.3293599366319668 -0.010423984330652667 -0.016810552665066893 0.9998043537961662 0.7423818194760616
0.9998332495627049 0.014863433469587616 0.010609025137915288 131.52226765136032 -0.01502010558976616 0.9997769987950412 0.014844160752711841 0.2885734789971781 -0.010386024116766299 -0.015001034160191018 0.9998335358834343 0.7332333388867686
0.9998262442842286 0.015233502402304562 0.010743446609594079 132.87335583853343 -0.015383953932009952 0.9997827557586482 0.014063258835030934 0.30875623810025365 -0.0105268799704382 -0.014226091951138978 0.9998433892894856 0.7556585777066747
0.9998242113244733 0.015021370087708244 0.01122073482812385 134.20426468001685 -0.015156975072861338 0.9998119158096093 0.012099550064338306 0.29040524484973573 -0.011036872565886934 -0.012267495498547087 0.9998638387291329 0.7490008326132747
0.999835942219896 0.01420011383830728 0.011244794895053046 135.5420466949098 -0.01433384033208232 0.9998264222076905 0.011902372734186087 0.25301229184800333 -0.011073828000608783 -0.01206160115193005 0.9998659350688295 0.7639933953410322
0.999853669710101 0.013256690658751725 0.010811998891154643 136.86408632398468 -0.013392990838348174 0.9998305039438626 0.012632940266049638 0.24601179886581243 -0.010642695318766122 -0.012775896686331695 0.9998617451929102 0.7783023644632803
0.9998440079766107 0.012653418289319558 0.012322772369182564 138.2057951876732 -0.0128249919949033 0.9998205085146276 0.013945262058564957 0.2541119735031638 -0.012144105302484914 -0.01410112616590953 0.999826824478747 0.822823081468689
0.9998591327306044 0.011126217402908261 0.012566701297751798 139.57321545588724 -0.011290662712219533 0.9998505549768945 0.013091548721033242 0.21340115372993707 -0.012419163849575013 -0.013231590936070877 0.9998353311273702 0.826393633752277
0.9998665753421425 0.010202749264748427 0.01275677941394578 140.93648798610556 -0.010349533825223769 0.9998803824908511 0.011493818318984099 0.21631476016008927 -0.012637984933364356 -0.011624311480252964 0.9998525674915447 0.8215875237364823
0.999888840083388 0.0086799203068646 0.012122972414536335 142.26821430400537 -0.008827171709815845 0.9998872684485545 0.012146251853721726 0.21459120096830905 -0.0120161772749305 -0.012251913236514988 0.9998527402101484 0.8218330952732917
0.9999006220546819 0.007766663560333919 0.011765413371435244 143.60808413517137 -0.007911534726112534 0.9998928410966338 0.012317221357899737 0.2076886167413531 -0.011668488888355744 -0.01240907977420434 0.9998549200290109 0.8249733351848076
0.9999249279839707 0.007652626363092672 0.009569519632561583 144.9593200075392 -0.00774469706349312 0.9999237203973134 0.009621489187769712 0.18065801308033264 -0.00949516001159557 -0.00969487991377652 0.9999079213806698 0.8225608398368564
0.999943163459017 0.006213826191471532 0.008663614467161563 146.27018206535791 -0.006275883361842948 0.9999547138005977 0.007154273966877168 0.18353923414360032 -0.008618766710032914 -0.007208239176579528 0.9999368770819341 0.8493538926121742
0.9999157689988736 0.005619190326570534 0.011699555866137702 147.67422133410042 -0.005608530836738734 0.9999838267631446 -0.0009437128750241854 0.18016159359803915 -0.011704669548707972 0.0008780160652925654 0.9999311125265303 0.8609687880204078
0.9999037824333589 0.004233675321754258 0.013209915545985535 148.9795379575654 -0.004130363005269441 0.9999607496434075 -0.007838320868593285 0.16663533670767527 -0.013242581957715155 0.007783004937958885 0.9998820224692656 0.8656721062411481
0.9999016627418486 0.003436948256060907 0.01359603739226149 150.22513767228213 -0.0032916106148414954 0.9999373605224173 -0.010697678767912406 0.18786120680856433 -0.013631953111967321 0.010651873926513634 0.9998503425194227 0.8841430198569352
0.9999538250587271 0.0031785628733664232 0.009068874708624917 151.6099939634442 -0.0030698697113057632 0.9999235949119892 -0.011974148748017402 0.18080402130320933 -0.00910624238510526 0.011945755578618534 0.9998871812726072 0.878986728776232
0.9999728037616136 0.003201492356239793 0.006643958445881192 152.93195413375395 -0.003159698436080624 0.9999752163191795 -0.0062915064335288306 0.14836513716830455 -0.006663935993891861 0.006270342423109218 0.9999581365052072 0.8797067223632592
0.9999770318555508 0.00393333594377389 0.005519477304612781 154.40519808143458 -0.003916728583819357 0.9999877800436427 -0.003016454970279419 0.14198043381577632 -0.00553127458759838 0.002994767393379218 0.999980217989184 0.8985735227143647
0.9999567806233693 0.00450345558248909 0.008133619929862147 155.66838640764118 -0.004433198988275454 0.9999528882934405 -0.00863527303195173 0.15396247599202026 -0.008172125309688806 0.00859884186519017 0.9999296356676806 0.8746407302721311
0.9999272366491353 0.005449492130811758 0.010762176487146446 157.00094585037235 -0.005241591528780775 0.9998009167189944 -0.019252341314856414 0.1621746785648563 -0.010864949400235637 0.019194529516884083 0.9997567318658853 0.858755691382792
0.9999169178162929 0.005312741462102984 0.011744455837627496 158.33474394517114 -0.005048997144238369 0.9997369294289025 -0.022373635464701204 0.1385106682796236 -0.011860231557714356 0.022312478890224512 0.999680693118143 0.8694278149863429
0.9999198030448182 0.004666009825902735 0.01177352246002144 159.6798621003408 -0.004398102916152538 0.9997331191276181 -0.02267922419534604 0.10666745320408905 -0.011876201815015634 0.02262562422715488 0.9996734651668917 0.874507762549442
0.9999182930840352 0.005613320302650827 0.011484676359795836 161.0722940832364 -0.005364291826913139 0.9997522878169827 -0.021600633738491023 0.10491971613125552 -0.011603082741457904 0.02153726166179377 0.9997007126290379 0.8722992864841349
0.9999165862535393 0.00700056407852691 0.010854153013970321 162.4013047720438 -0.006784935811019286 0.9997813912753268 -0.019777115705078414 0.11686712359828214 -0.010990231167204375 0.019701821290280495 0.9997454941417526 0.8677575774939077
0.9999127493495719 0.008938165856398245 0.009726401148629616 163.72550011620436 -0.008756647819641068 0.9997896310329348 -0.018547635913799643 0.16089295247985574 -0.009890136861708346 0.018460846951091157 0.9997806671078938 0.8569877403312921
0.9999161419825542 0.009750461157013845 0.008522764220027318 165.07237336109728 -0.009602916839232506 0.9998062182937075 -0.01718458173521533 0.17438856151190524 -0.008688670260943176 0.017101297274215072 0.9998160093940462 0.8306937226719356
0.999907740758387 0.009649738618246516 0.009559943308302466 166.42029975839665 -0.009476805635074893 0.9997935698441449 -0.01797241923770507 0.15782518676063845 -0.009731398995696769 0.017880163391321133 0.999792778344936 0.8319471534029466
0.9999107959867994 0.009401859843038733 0.009487101798601232 167.74523806805482 -0.009221529168488047 0.9997793060473679 -0.018875979424602746 0.14262435234550833 -0.009662477365556475 0.018786810025524767 0.9997768212457343 0.801509255659191
0.9999286269939407 0.009341752225568305 0.007447991901766024 169.12398157578224 -0.009213267083423836 0.9998112909954415 -0.017102576053864612 0.14606835323349882 -0.007606354426542422 0.01703273505297414 0.9998259995163924 0.8055920117722276
0.9999426197242265 0.008829985328464348 0.006065362161507023 170.5332918343228 -0.008742168796009264 0.9998587382236679 -0.014355419970064866 0.1350579766403147 -0.006191263505393608 0.014301571832283316 0.9998785592757417 0.8235302636075136
0.9999581089829375 0.007895504046560793 0.00463047461049418 171.85730309710613 -0.00785080585699549 0.9999231660628182 -0.009593060945589779 0.10877830954096795 -0.004705860884413643 0.009556306125317288 0.99994326433382 0.8203567624259762
0.9999528909877297 0.007978645327166982 0.005527840810377164 173.24018798049005 -0.007941745117775227 0.9999462488708857 -0.006665437234669823 0.09705136534738752 -0.005580724842337964 0.006621222529737698 0.9999625067583514 0.816560735626125
0.9999316623733866 0.008836168156704578 0.007654587872769082 174.62772742519948 -0.00882409780174799 0.9999597720461859 -0.0016092194769472177 0.13513686029785787 -0.007668499278261021 0.0015415646746860748 0.999969408380663 0.8359886328799647
0.9999214588288389 0.008611137540669798 0.009106288149536259 175.99729664423285 -0.008581673144211498 0.9999578309207658 -0.0032697501866154116 0.13013982568323357 -0.00913406041433033 0.003191346188150024 0.9999531910293875 0.8248034465129246
0.9999140832456519 0.00741645066329452 0.01080844052425129 177.46576946374665 -0.0073713851102927075 0.9999639965384416 -0.004203368699420147 0.09493618470508017 -0.010839225459557256 0.004123334382078215 0.9999327523913848 0.835506879726705
0.9999254893280242 0.0060683103114797955 0.01059204428214596 178.861058882036 -0.006007819044881426 0.9999655158591301 -0.005733515754579628 0.10481844614378238 -0.01062647177737338 0.005669453461105466 0.9999274650668503 0.8329470867697376
0.9999698801362998 0.004345866363212074 0.006430572738660987 180.20252895170293 -0.004284740536268148 0.9999457990191029 -0.009488942121482052 0.10162445872142185 -0.006471461869699036 0.009461102980153933 0.9999343016977005 0.8109934630476376
0.9999885744052704 0.0031724101219609887 0.003575873730027714 181.62663984795685 -0.0031471677738544885 0.9999702471919828 -0.007042731416728366 0.14466078878023753 -0.003598109770175812 0.007031397074766892 0.999968806044098 0.8474083069076666
0.999995925827655 0.00155148885130093 0.002396082309842352 183.01351483614766 -0.001544248721045641 0.9999942457604908 -0.003020553226634331 0.1112414074806229 -0.0024007548768667413 0.003016840773337414 0.9999925674962638 0.8432648102585476
0.9999913202190343 0.0011035583466531295 0.0040176666820863 184.3366585577554 -0.0011027003968919712 0.999999368751002 -0.00021575317405961322 0.11886769605445127 -0.004017902242154284 0.0002113210187244035 0.9999919058697423 0.8483361057568143
0.9999786585645052 0.001122216226473308 0.006436073824458797 185.7846079311674 -0.0011409482856053574 0.9999951221934237 0.002907546451748823 0.13484717422933837 -0.006432779534728194 -0.0029148276279298206 0.999975061252708 0.8551985836357472
0.999962915420216 0.0019554745784618284 0.008387127248051837 187.16338936871463 -0.0020001971458380743 0.9999838098519409 0.005327217413916901 0.1445961817167913 -0.008376574220993046 -0.005343795764281021 0.9999506372072322 0.8723127205845344
0.9999556908954197 0.0022262111849856627 0.009146596614245396 188.61723151538985 -0.0022514765959575243 0.9999936761585734 0.0027529068273559657 0.14571986789709088 -0.00914041022064853 -0.0027733781967290904 0.9999543795965775 0.8696703663434251
0.9999560293657933 0.0022384124425539977 0.009106527589257124 190.02409828852274 -0.0022672754794193124 0.9999924356362832 0.0031604006256323917 0.16294009461057832 -0.00909938442408637 -0.0031809086675183133 0.9999535404323301 0.8771538915091719
0.9999442711709823 0.003043194211140192 0.010109081131649742 191.41138025198737 -0.003022181515288974 0.9999932423968686 -0.0020932222735024716 0.2026011756789667 -0.010115382900396782 0.002062554142543667 0.9999467110297365 0.8659274642671678
0.9999440568407494 0.0030864246971030176 0.010117172107514304 192.84499135023944 -0.0030639871909353823 0.9999928139043747 -0.0022325147489791414 0.1805245830366007 -0.010123989893205978 0.0022013909693050972 0.9999463279128747 0.8835091763690848
0.9999385348485129 0.0031747802357481652 0.010622960767307411 194.1904339290254 -0.0031301286626966972 0.9999862082549601 -0.0042172970517033075 0.16223515203075722 -0.010636203249468968 0.004183786600920708 0.9999346814217986 0.8863736420755514
0.99992055731965 0.0038288044160212135 0.012009134286215811 195.63098149895907 -0.0037180773350112464 0.9999504990243582 -0.009229052056840539 0.17463867125729488 -0.012043876057622952 0.009183667986205369 0.9998852960674178 0.8832505445267453
0.9999114322781508 0.004253063769253451 0.012611068473042069 197.06119313881928 -0.004091069974566425 0.9999091502261629 -0.012843459053392728 0.15910839080108444 -0.012664546810695322 0.012790728773906438 0.9998379901321574 0.8883812477059335
0.9999379301724522 0.004713202334774804 0.010095619158005087 198.48573704766255 -0.004610936482972677 0.9999380677624675 -0.010129161081402088 0.16683026168427578 -0.010142734699379529 0.010081982107426718 0.9998977340556401 0.9037389795192144
0.9999774416950069 0.004972592395444329 0.004515465200613346 199.9271298478837 -0.004950923701469807 0.9999762366686773 -0.004797338058946516 0.19596552923786867 -0.004539213104868 0.004774874115446548 0.999978297825293 0.8918107841907247
0.9999711656719492 0.006361163162861073 0.004147701519961341 201.38631717699457 -0.0063843038816329065 0.9999639956204794 0.005590002385769007 0.19507597659080558 -0.004111993267285018 -0.005616321388720155 0.999975773929263 0.8932671219357671
0.9999510394594635 0.006322348068098985 0.007612266340854907 202.80953555094658 -0.006413482369257281 0.999907336370959 0.01200774397767098 0.1764822696928706 -0.0075356438236910805 -0.012055977208002375 0.999898928635151 0.9027123278073472
0.9999253524098115 0.006981672346056279 0.010027255824325726 204.23609305061416 -0.007111279950641149 0.9998908761522924 0.012948570765318522 0.12909756595185784 -0.009935758933155051 -0.013018910809017984 0.9998658853345127 0.9018459645017083
0.9999166439656191 0.008015051723599672 0.010122453576159665 205.73076125316024 -0.0081362347408236 0.9998950415274339 0.011987811021764588 0.21392456010414976 -0.010025308213501508 -0.012069170423825628 0.999876906584258 0.9065876531028989
0.9999223738491136 0.006770871199157885 0.010459520981277946 207.13968584658707 -0.006868560605426492 0.9999328637993994 0.009332243521329948 0.19351834082726158 -0.01039563134989706 -0.00940336094894989 0.9999017489992208 0.9225799808325058
0.9999389655109515 0.005119320617029772 0.009790700143922474 208.56292681715172 -0.005194245426443111 0.9999573043681923 0.007642594791585207 0.17141992041126228 -0.009751157230709823 -0.007692983629161343 0.9999228634927513 0.917449144170476
0.9999454234657227 0.004730340418560114 0.009315254665394145 210.0655924529885 -0.004799914773362937 0.9999606484380542 0.007460723390832821 0.1759518173849296 -0.009279596334165786 -0.007505028638893011 0.9999287792823068 0.9132305162030786
0.9999437027625312 0.005016940724075277 0.009349952477410866 211.5374184151536 -0.005100490722692298 0.9999470868926303 0.008933555245826025 0.1945660652442313 -0.009304638625247965 -0.008980741657213558 0.9999163814936427 0.9178438451447202
0.9999391640669276 0.004657619080522583 0.00999873740204221 212.95707624273547 -0.004762190786992199 0.9999339498196964 0.010460283786261985 0.19309473608245528 -0.00994935696628342 -0.010507263320275205 0.9998952983755228 0.9179489362215326
0.9999430258040395 0.003606034791437718 0.010046972625867812 214.37235918154298 -0.0037049476051837457 0.999944684159793 0.009843880526240474 0.18587103531356144 -0.010010919493475094 -0.009880543186231916 0.9999010732853726 0.9303203564018856
0.9999499819851606 0.0037305259420563936 0.009279908624159493 215.8648528474764 -0.0038314810658747244 0.9999334159664668 0.01088500741731095 0.19584081560240457 -0.00923868392786272 -0.010920018765034937 0.9998976947215412 0.9395372612119487
0.999955395839848 0.003503282107008715 0.008771165558307224 217.3845156076663 -0.0035835994026697645 0.9999516427059106 0.009158060115103093 0.20316701036861856 -0.008738658140338664 -0.009189083971178506 0.9999195950623615 0.9328320900672779
0.9999582955765476 0.0024183755218077302 0.008806734212032584 218.82123566857646 -0.00250845980846932 0.9999445014300817 0.010232384332819686 0.1715875874425386 -0.008781499703077946 -0.010254048935945297 0.9999088657189634 0.9463714693921506
0.9999635296861556 0.003390896008102447 0.007838438739124126 220.33973370563203 -0.0034660376431416232 0.9999479822083407 0.0095926774429348 0.22001030551735223 -0.007805503229202599 -0.009619495918711113 0.9999232667648096 0.9267977266604654
0.9999638919303804 0.0026728533671022538 0.008066640584802788 221.79168500980268 -0.002756652632105502 0.9999421687210346 0.010395195031346253 0.20715854380093845 -0.008038389248619597 -0.010417056606920699 0.9999134308678607 0.9537168189293262
0.9999684818719061 0.002331341149613424 0.00758947371293656 223.29206773086847 -0.0024227654838055255 0.999924347924734 0.01205937953238525 0.21791833758033305 -0.007560785025757344 -0.01207738695826837 0.9998984804739202 0.955569915254258
0.999972288586524 0.0017843815844687655 0.007227588905750526 224.78407723240662 -0.0018573076986467473 0.9999473107085303 0.010095851370258925 0.2067059328908549 -0.007209193237947425 -0.010108995456464516 0.9999229149008032 0.9491243735361032
0.9999690303074515 0.001033755126145115 0.007801908504608384 226.24242964575976 -0.001131633087370941 0.9999205875142658 0.012551417118439427 0.19482655807230104 -0.0077883138438739905 -0.012559857302718677 0.9998907901126025 0.971455996179445
0.9999658802443536 0.0009899456224776713 0.008201119118715182 227.74965457099484 -0.00108490010170657 0.9999323391418331 0.011581888020151577 0.19469870501316885 -0.008189098784612105 -0.011590390243928408 0.9998992956868652 0.9865518221425011
0.9999689317257792 0.0012150328977717606 0.007788406657423131 229.25151044401838 -0.0012973422008848892 0.9999432747645296 0.010571856809585998 0.20823379899096747 -0.007775119704407369 -0.010581632588873943 0.9999137845661176 0.9938766263414227
0.999969026762802 0.0010920418132716143 0.007794418498691971 230.75388617162758 -0.0011667048831224042 0.9999534211791521 0.009580932722077447 0.1998058684695229 -0.007783592664726456 -0.00958972975569919 0.9999237234751671 0.9835225026899534
0.9999621274409104 0.002062028219531394 0.008455277847024639 232.24435630679042 -0.0021381926647477466 0.9999571339615482 0.009008794122130948 0.2358305600676247 -0.008436339015055545 -0.009026531949114144 0.9999236720395186 1.0011657759366872
0.9999625851447245 0.0017414722307825263 0.008473227552064103 233.7944985691899 -0.001828830279133281 0.9999451462839407 0.010313088916456962 0.22653402279097504 -0.008454802806084254 -0.01032819914883691 0.9999109183381548 1.0072178302683816
0.9999667858555308 0.0019273695201104263 0.007919118163787002 235.23157470167448 -0.0020007088205858162 0.9999550905918735 0.009263582655381191 0.2135415873364394 -0.00790090817402038 -0.009279118822970124 0.9999257340442314 1.005238316742259
0.9999638046907988 0.0038308516380729262 0.007596965448719743 236.73613877407692 -0.0038981519447649983 0.9999531166599558 0.00886390960333669 0.3195200211286044 -0.007562652954981635 -0.008893202897026106 0.9999318562894748 1.0022028269775336
0.999964009231261 0.0031719327510424155 0.007868868073946324 238.24567042964713 -0.003239472852085015 0.9999578978293011 0.008585358725501332 0.271523849089709 -0.007841304596998602 -0.00861054071634309 0.9999321839658873 0.9938771087409456
0.9999486395204066 0.0030742646168675863 0.009657495449317932 239.7777562009847 -0.003174728327958332 0.9999408307547085 0.01040461866803634 0.26345085780925515 -0.009624937471577643 -0.010434744206211643 0.9998992332690426 1.005588689281293
0.9999248132450328 0.0037790049002214203 0.01166563238106709 241.3065560998809 -0.0038814735788033064 0.9999539771127144 0.008773700434936657 0.2190741868332273 -0.0116319396380462 -0.008818320612739045 0.9998934619257331 1.0091852074132146
0.9999416532585631 0.004608459942664004 0.009769962921549311 242.77580450086143 -0.004720670439256597 0.9999228046863362 0.011493473748827622 0.25511521205910714 -0.009716241512823567 -0.011538923917242979 0.9998862174696161 1.0281700288299742
0.9999469763832303 0.00521247978910274 0.008881130360699114 244.32800625724164 -0.005300142745579363 0.9999371853606378 0.009875921218893946 0.23961327422415007 -0.008829094455946124 -0.00992246882048579 0.9999117919614682 1.0131362883218147
0.9999474762446918 0.005227201697105507 0.008815957933732146 245.81692526585888 -0.005318484160702002 0.9999321610843723 0.010362767746561957 0.22574576066151486 -0.008761191591554165 -0.01040911098771649 0.9999074416816496 1.011099415777949
0.9999373508225327 0.005002958735511068 0.010013232939755158 247.32743746370838 -0.00510504554662483 0.999934990683036 0.010195730365384412 0.2219978607764123 -0.009961573168024727 -0.010246209621489756 0.9998978859105616 1.0081857689265494
0.9999238193373765 0.005648300483587925 0.010975072819835039 248.87073890672818 -0.005768581558974831 0.9999233099844604 0.010958905808427396 0.2630049987198469 -0.010912331948352606 -0.011021381554398187 0.9998797178461425 1.0207698744812457
0.9999291126226201 0.005204354675913143 0.010709081293316198 250.36488390729417 -0.005319957458380113 0.9999275823885331 0.010794815017603664 0.26059212545157884 -0.01065212572121545 -0.010851021658376543 0.999884387090122 1.0188575775678996
0.9999284934561277 0.005230016844817769 0.010754296739525522 251.943882970045 -0.005362029610944949 0.9999101795792551 0.012283379511889264 0.27781408842891553 -0.010689088502309095 -0.012340166027435522 0.9998667229633184 1.0208876205728767
0.9999305442634856 0.0042690453510037685 0.010985531426398625 253.4850254124612 -0.004425452818553312 0.9998886290829511 0.014252887355456394 0.2187926015637921 -0.010923461735186208 -0.014300513361681927 0.999838073540567 1.025045849791058
0.9999359369227749 0.0035739249626608495 0.010740070331860052 255.0116571360275 -0.0037316579570931614 0.9998849500488272 0.014702428192156126 0.17455124349654313 -0.010686289312165106 -0.014741564578277085 0.9998342310075811 1.014530838748032
0.9999233208382626 0.005328937965287528 0.011178321159420858 256.5452042275809 -0.005486231886434196 0.999885705553117 0.014088189742966358 0.25640824582993293 -0.011101968450203394 -0.014148436334368086 0.999838270944768 1.0248351396905837
0.9999234774861683 0.004954978144883856 0.011335226665219909 258.0988632515388 -0.005095905838984343 0.9999096622671549 0.012437807220911912 0.2334410637707654 -0.011272573603591789 -0.01249461869638632 0.9998583967682542 1.004856056593402
0.9999088420747588 0.0052322872345414795 0.012447116574145791 259.63010519294403 -0.005371015317504325 0.9999235433876843 0.011138203332541056 0.2198131922062844 -0.012387886630666851 -0.011204041650812846 0.9998604951269515 1.0290150251800747
0.9999160420327678 0.004879623471906959 0.012004089315577197 261.1692328993188 -0.005005208671137801 0.9999328268855693 0.01045416676700765 0.22083177137885654 -0.011952270565976445 -0.010513372028348225 0.9998732980917688 1.0305686145449586
0.9999271687981984 0.0045130681890445615 0.011193270958041221 262.69752776063024 -0.0046523231755936775 0.9999117191210624 0.012446278698133435 0.186962076001241 -0.011136111901778328 -0.012497446934586686 0.9998598906005922 1.0625488385496702
0.9999133518974138 0.004761216799807893 0.012272714119705116 264.25736140520496 -0.004909920533417761 0.9999145549031432 0.012115096912726555 0.1482729731116048 -0.012213982873506286 -0.012174305213623525 0.9998512914003418 1.0727761921293322
0.9998569053319694 0.0077725449258695045 0.015025192356587379 265.7154214084711 -0.007891901290648323 0.9999376453195091 0.007900845960678289 0.26914848999331653 -0.014962845785336923 -0.008018292726699577 0.9998558997314329 1.0659745478248375
0.9998930195569325 0.005164403986530324 0.013684968863080195 267.37416283324444 -0.005295481339182002 0.9999402866980146 0.009559336571054117 0.1508895952660733 -0.013634783412505678 -0.009630782406234044 0.9998606606480414 1.0817921097059955
0.9998929044190256 0.006825052016814767 0.012945978427805213 268.82859074676713 -0.006950011577489411 0.9999294576987703 0.009632080009837615 0.2283228970418392 -0.012879325741597981 -0.009721023156588142 0.9998698038630984 1.0885729178001753
0.9998961208037497 0.0075480336634258785 0.012279038619903627 270.4310995010331 -0.007666033335016883 0.9999246163059393 0.009591331415740997 0.20009547358099125 -0.012205717288209857 -0.0096844665953247 0.9998786084181641 1.0784795621148568
0.9998858657049402 0.008174394148518487 0.012705701231620762 271.9254800100712 -0.008319365473947026 0.9999004173441816 0.01139927861937957 0.20704064959631754 -0.012611253767704495 -0.011503680942898789 0.9998543001873675 1.0764535376874642
0.9998840873473663 0.00887783613065131 0.012369150947479356 273.4634547025191 -0.009035945954785482 0.9998774288296964 0.012785890568020312 0.20832112913410653 -0.012254123804924738 -0.0128961755009963 0.9998417500320844 1.0755395095931373
0.999881384579709 0.009297201244990111 0.012279202741809945 275.04357096740375 -0.00946583103509073 0.9998606994243329 0.013746992016407132 0.15705106754967393 -0.012149683690509467 -0.013861594269570962 0.9998301062633224 1.0737180166438784
0.9998872437417474 0.009589444425140467 0.011556052879279853 276.58716209216135 -0.009759615424622704 0.9998434279693805 0.014760401525763859 0.13619234813822373 -0.011412699474490527 -0.014871519830045882 0.9998242786553293 1.0730860767155845
0.9998820173418353 0.01052310597355491 0.011189979315931445 278.17935954467396 -0.010691938143684803 0.9998282686774711 0.01513656540111484 0.11809402468786251 -0.011028773964192874 -0.015254422115568387 0.9998228186787731 1.0723132999872647
0.9998682953729315 0.012333639613548192 0.010548613269590291 279.6711182948718 -0.012484588278463117 0.9998188641306185 0.014365722539331419 0.13773657707033068 -0.010369520892766595 -0.014495525600781375 0.9998411637725323 1.073904553054023
0.9998458067700365 0.013856133893248891 0.01078750378480093 281.2059461192535 -0.014004565909519354 0.9998065886090762 0.013807878460040243 0.15044470092305823 -0.010594093545965291 -0.01395682368641498 0.999846474342199 1.0631484566937464
0.9998355366841456 0.013893669123919246 0.011656137516419751 282.8164328686138 -0.014046849988596535 0.9998146757371725 0.013164352850423814 0.08663198937126178 -0.011471076188592793 -0.013325919812442556 0.9998454051863357 1.0743797693669688
0.9998335041192324 0.01428785922850547 0.011349939177068327 284.3016222876438 -0.014423932724862186 0.9998239725336887 0.01199892127243464 0.08927819271502567 -0.011176502377997737 -0.012160634260590438 0.9998635930810635 1.0702311238800142
0.9998418465655947 0.014620073558122854 0.010125971827767255 285.8629067062162 -0.014744217595271933 0.9998156938934262 0.012295783501260399 0.07590579321178038 -0.009944340290081224 -0.012443138412863167 0.9998731311534645 1.0931992483438657
0.9998523444121716 0.01480343401888292 0.008726265795447701 287.41989129668235 -0.014922040412042103 0.9997949756311912 0.013687198857588734 0.052304759244116164 -0.008521859153119286 -0.013815391557041581 0.9998682477570232 1.1194270740924692
0.9998632732649078 0.01413766372867763 0.008576784961704062 288.94829900361265 -0.014244608898495631 0.9998199172623362 0.012538905967592953 0.0282495450971394 -0.008397969594692465 -0.012659364511304347 0.9998846006399221 1.1130990233995914
0.9998719977325036 0.013402572145904753 0.008738375723551807 290.4861134173746 -0.013509254211659168 0.9998335097256613 0.012265923540878578 0.004887849756828466 -0.00857252594378754 -0.01238240241389886 0.9998865875235068 1.1314791823780046
0.999897593107862 0.01209183230976239 0.0076544685313133885 292.0543044640704 -0.012183440016053251 0.9998533316604906 0.012036567483798624 -0.00813845808329253 -0.007507801707524843 -0.012128592614536624 0.9998982599018317 1.1254835975242856
0.9998896813524001 0.012697868971969787 0.007706442017348384 293.6659050246135 -0.012795733002371483 0.9998363879932998 0.012785400323954595 0.004868100511909663 -0.007542833812837651 -0.012882599430334079 0.9998885659362194 1.1318495523940166
0.999892253944623 0.012252974555967458 0.008083632603746848 295.18398758356835 -0.012355222121742117 0.9998427319355794 0.012722416512581245 -0.030581249945756138 -0.007926473860674691 -0.012820920798757001 0.999886391047507 1.131475706895734
0.9998981091503876 0.01145301184073605 0.008520553811552742 296.76228925677134 -0.011564368326082987 0.9998468338461695 0.013136751234950946 -0.05385387379162621 -0.008368793383654224 -0.013233947542825477 0.9998774054501559 1.1476446526018345
0.999899267503253 0.010687394334210452 0.00933993837256142 298.3659431329832 -0.010806965391639698 0.999859074336827 0.012846827052920054 -0.05877083609565769 -0.00920132302889431 -0.012946469350708053 0.9998738543365703 1.1377974123224524
0.9999128756978786 0.008174197823210251 0.010364531033572622 299.8966072932184 -0.008298897383310619 0.9998930053939399 0.012045997945204192 -0.10793425685578074 -0.010264955714475603 -0.012130962625513617 0.9998737272425745 1.139468465277554
0.9998924097336607 0.009933862257152194 0.01079292998537131 301.518749473864 -0.010060137323983951 0.9998808371825382 0.011709187511064291 -0.101294120913561 -0.010675326413547506 -0.011816506074242339 0.9998731957554227 1.1325947047329967
0.9998832049321459 0.010781770760613785 0.010831893365701367 303.1744837093056 -0.010920912686006893 0.9998575431235784 0.012869620234739436 -0.1089528254311753 -0.010691592992859638 -0.012986411288241823 0.999858511471062 1.1421819132514937
0.9998741151708613 0.01142214356109357 0.01101310345711549 304.7490213065528 -0.011563207239840936 0.9998508142891901 0.01283126663942446 -0.13166477895276563 -0.010864899889821839 -0.012956998175244356 0.9998570248533891 1.1396472126603658
0.9998573406297052 0.012181247067460956 0.011701094340918294 306.30926791444864 -0.012315400185412616 0.9998584644216896 0.01146220059909267 -0.12296155627812853 -0.011559814322329543 -0.011604669068188689 0.9998658421751646 1.1632831078764947
0.9998332700361731 0.013427065065204125 0.012375219291304274 307.9196338309403 -0.013565085732199464 0.9998459619967632 0.011137357309758499 -0.14179938012012303 -0.012223771015982468 -0.011303371289218425 0.9998613970044282 1.1916955933879536
0.9998339739319649 0.013211281505528208 0.01254936701178914 309.49581781004406 -0.013347943081468883 0.9998518343092229 0.010869307428548521 -0.14812789390540274 -0.012403910145948336 -0.011035011076755719 0.9998621762741239 1.1916131587846683
0.9998631419811361 0.010748899394249428 0.012576107085364309 311.10719480467964 -0.010895382231499936 0.9998729185315182 0.011637758946363708 -0.19706989524026416 -0.012449415795119125 -0.011773187719409613 0.9998531912722406 1.2006223953770416
0.9998840879890282 0.008094854558159071 0.012895112098451976 312.70312689076394 -0.008258640852948895 0.9998852557564581 0.012699219350189297 -0.21288761023183858 -0.01279083412492691 -0.012804243457716276 0.999836209542275 1.1848655633583078
0.9998766713881622 0.007837602173437546 0.013609335248276977 314.3370017294174 -0.00802215148996728 0.9998758878936457 0.013559273371592432 -0.21183416529599217 -0.013501373974565807 -0.013666777274269414 0.9998154490203351 1.138025477344561
0.9998445996864745 0.0087844856194272 0.015284282456025583 315.9635161867073 -0.008977232387826304 0.999880465996928 0.012588209420757581 -0.20297468573854066 -0.01517187451992855 -0.01272346376455579 0.9998039446278374 1.1280582399540047
0.9998433835067921 0.00817211089762149 0.01569793174806319 317.61770061358203 -0.00836052733838054 0.9998933479311884 0.011974737808560442 -0.22255427822179802 -0.015598398645824697 -0.012104105354653494 0.9998050712980253 1.1184804264078674
0.9998494881224077 0.008152763750818817 0.015314488061397732 319.26098414381624 -0.008321856083364434 0.9999047560507867 0.011010246970194844 -0.2420765927845768 -0.015223265506688415 -0.011136034762887959 0.9998221046351559 1.1223941059911595
0.9998329194770698 0.008979115040590693 0.015921954121497394 320.86666363577655 -0.009143142100017832 0.999905570912379 0.010259250017824236 -0.23766510336488839 -0.015828331639756332 -0.010403112586009202 0.9998206034914586 1.1184971968503041
0.9998295032707443 0.009129247305450169 0.01605058357234196 322.48713679162387 -0.009296335447496558 0.9999030523215857 0.010366489532329366 -0.2389184330374503 -0.01595438925889743 -0.010513933688786807 0.9998174406669266 1.0939542466957537
0.9998184326609884 0.010000496329797963 0.016220104330198323 324.10875720908746 -0.010168325332282306 0.9998952755968419 0.010297718147842232 -0.23391050217557458 -0.01611542339691039 -0.010460779716313253 0.9998154155725271 1.1044058183335972
0.999821270919765 0.010261733334562907 0.015878382957843357 325.7532500786915 -0.010444658676688584 0.9998795442703123 0.011480681814243013 -0.2625403058906172 -0.015758658620361184 -0.011644474172874307 0.99980801702113 1.0856288755167067
0.999819595943784 0.010544795249201601 0.015798191667431384 327.37015039313667 -0.0107360877039626 0.9998694807595331 0.01207302225933363 -0.27255615100851993 -0.01566882215169048 -0.012240455008452816 0.9998023100961333 1.0824005276171824
0.9997966001323314 0.011628304376094975 0.016478498146607512 329.0001155526148 -0.011824653149045246 0.9998596478306649 0.011868538993625711 -0.2713941492635599 -0.01633817436972782 -0.01206097745936581 0.999793777176568 1.0803618756614455
0.9997920595876942 0.010962056838292513 0.01719508346215639 330.6509591536622 -0.011155809986806218 0.9998749028843325 0.011212782241041637 -0.3059992726482063 -0.017070017250569915 -0.011402275734290429 0.999789279107925 1.0816816582497049
0.9998061102644974 0.011126857041397415 0.01624607429984703 332.25201339047095 -0.011309964907555637 0.9998730579768608 0.011222861746944235 -0.306022454870079 -0.01611913681205372 -0.011404428279465348 0.9998050372167829 1.0655932359053448
0.9998057694741532 0.011045683984301216 0.016322260612894587 333.8772782258478 -0.011234686652271331 0.9998703719875031 0.011533474645464075 -0.3338198589056541 -0.016192749674517136 -0.011714609976061427 0.9998002614377969 1.0693187612401343
0.9998230592962867 0.010862908179521355 0.015357321553484373 335.4914643407525 -0.01106565632496233 0.999851917654521 0.013179302435053341 -0.33691537354654627 -0.015211881853066333 -0.013346909322388826 0.9997952083612064 1.0538108096918464
0.9998583517990365 0.010527136007159954 0.013132240677080546 337.11694203559483 -0.010721760412994934 0.9998324092232506 0.014839047155281516 -0.3479270976391485 -0.012973827167044706 -0.014977745969173404 0.9998036541913229 1.0804552386272994
0.9998725210309122 0.009285231222841238 0.012989463746691122 338.7333757912544 -0.009489787418526404 0.9998305185311512 0.015775872352439352 -0.3710050997531787 -0.012840779650761348 -0.015897128510132155 0.9997911760378229 1.055481068453148
0.9998201699134571 0.009818896224546167 0.016223967183064233 340.26205994236966 -0.010085338901565356 0.9998142616126009 0.016423404497553352 -0.3142920627408375 -0.016059694065147213 -0.016584075282670308 0.9997334918234722 1.066570911891443
0.9997809719916514 0.008394121511692054 0.01917150926441824 341.89969332643665 -0.008722403879528289 0.9998156607032609 0.01710451060581369 -0.3485302498059835 -0.01902439786145978 -0.017267985885706296 0.9996698899884201 1.049554457745736
0.9998054326363769 0.0070161390427923515 0.018435581458670323 343.49563636472794 -0.007336632813897121 0.9998221295120393 0.01737478509118549 -0.34695838532603596 -0.018310398404762042 -0.017506659616929737 0.9996790715921363 1.0417847536377287
0.9998345759593832 0.005386943657438616 0.017372436621039867 345.1168309503104 -0.0056875497824764275 0.9998341516706214 0.017300893923746966 -0.3579985138044304 -0.017276356490658482 -0.017396838538092894 0.9996993935755324 1.0402325030811013
0.9998236433574172 0.004381023293326593 0.01826167622107609 346.69312943807626 -0.004692220018095166 0.999843916040689 0.01703310387807595 -0.3355174508979435 -0.018184203441500346 -0.017115787779791756 0.9996881436497459 1.0380300834270058
0.9998024504557855 0.002624958442788065 0.019702021616584853 348.2984367326828 -0.0029158958502301796 0.999886921163998 0.014752709465434584 -0.3720798163714893 -0.019661068485648272 -0.014807244117476703 0.9996970480638863 1.0539937427117083
0.9998085342732841 0.002434141789559674 0.019415708796116343 349.8550853395529 -0.0027227250078279523 0.9998860133281511 0.014850828908449767 -0.34405690209228595 -0.01937734664083343 -0.014900849119584367 0.9997011969246993 1.0479689798110112
0.9998251709484288 0.0017046582358006635 0.01862046396425497 351.4882712790318 -0.001977024554106855 0.9998911872086693 0.014618656448191113 -0.3563805811878075 -0.0185935180064844 -0.014652913796815227 0.9997197473319238 1.0354913370486072
0.9998309021677143 0.0017175535834651988 0.01830893443601854 353.0793952814885 -0.001976281658869322 0.9998983190150011 0.0141225331219224 -0.3667275393727755 -0.018282816558159644 -0.014156328643504447 0.9997326327463948 1.0169791446383962
0.999827943413927 0.0016052548838165325 0.018479900579685245 354.6641086242089 -0.0018597649294895074 0.9999035514227231 0.013763325420571687 -0.38003720573998706 -0.01845602457421719 -0.013795325620785365 0.999734496827999 1.0115712732901756
0.9998306531448555 0.0013738359457769254 0.018351501484230714 356.2542801016716 -0.0016162265084009937 0.9999115710555914 0.013199919735085369 -0.39074473109133323 -0.018331744156112717 -0.013227344553357844 0.9997444596056841 1.0116888387491545
0.9998419022720919 0.0020161512467616128 0.017666510551737666 357.8736229999423 -0.0022461067459571844 0.9999128917280407 0.013006304646330409 -0.3541989565839546 -0.017638748975203497 -0.013043929247645126 0.9997593362626688 1.0007188796687863
0.9998452334910966 0.0019492374376365992 0.017484551425369067 359.51189231622516 -0.0021645399227675152 0.9999219673999156 0.012303409202537625 -0.3479822404249532 -0.017459204794531884 -0.01233935105643963 0.9997714321700979 0.9924697952801482
0.9998540963599933 0.0031805004331371695 0.016783039329510415 361.07176468747673 -0.0033899477736650833 0.9999165494870044 0.012466046530270199 -0.33243528544482087 -0.016741990509879713 -0.01252112131551535 0.9997814397530939 0.9774274262527646
0.9998579846870183 0.002349271361400751 0.016688061052292955 362.65424745274305 -0.0025524656636342004 0.99992274364196 0.012165182553960536 -0.34863418697806625 -0.016658192478493074 -0.012206050614581262 0.9997867357350485 0.993078335847886
0.9998529421479311 0.002428544201111987 0.01697634386990118 364.21941045155614 -0.002602835115470234 0.9999440577813595 0.010252148902104352 -0.3233616392938952 -0.016950496378795553 -0.010294827867064597 0.9998033292561592 0.9685775146588865
0.999817136863067 0.0031269573370391736 0.018865708911980753 365.8184642845465 -0.003242089544861299 0.9999762899469019 0.006075228342436935 -0.3341420990587326 -0.018846264625181144 -0.006135281724744581 0.999803569021353 0.9588961130318387
0.9998260817836795 0.003082677519458109 0.01839302270987843 367.3890481002905 -0.0032052057491529498 0.9999728452898707 0.006635912822361613 -0.326260140633193 -0.01837206687339976 -0.006693712138373892 0.9998088124119571 0.950453502557001
0.9998358474961296 0.004212511188867622 0.01762194118648555 368.9994012272346 -0.0043441561435701844 0.9999628947226021 0.0074389169503714615 -0.3396358076685233 -0.01758995079858304 -0.007514248297594878 0.9998170481160168 0.9353308388752322
0.9998287734659481 0.004139962656124307 0.01803564411890306 370.60389196239873 -0.004280645962195061 0.999960661040995 0.0077686833249000975 -0.3473315387882686 -0.018002772556586097 -0.007844557327353398 0.9998071629572444 0.9031521514296831
0.9998177265817595 0.0046329630653535415 0.018521589189836433 372.2138995211239 -0.004789516779229945 0.9999531054220371 0.008417094857851018 -0.32641202428839666 -0.01848172453813417 -0.008504270107402347 0.9997930302057706 0.8980078969941816
0.9998228001302156 0.004739064397922604 0.018218386547863268 373.80290818090606 -0.004912642080200065 0.9999428567535206 0.00949469195919613 -0.32958439367329384 -0.01817234953347724 -0.009582509913405701 0.9997889483366941 0.9090661181374918
0.9998273452790474 0.0053211760546838325 0.01780350296002768 375.38982531243516 -0.005491886394972037 0.9999392833580577 0.009553469589567648 -0.3336198378185517 -0.01775158629749398 -0.00964959495363055 0.9997958624144998 0.9050503335288862
0.9998287362998529 0.006116592685437401 0.017466692960016954 377.0051632106048 -0.0063020408500739 0.9999241497480512 0.010582014541699342 -0.30373139600047994 -0.017400642234212275 -0.010690278039283645 0.9997914460552659 0.8928068125169852
0.9998251607860518 0.006209372883971545 0.017637787489744417 378.60756406478407 -0.006399982682414061 0.9999215088313571 0.010771090849445188 -0.3113168448327253 -0.01756952135974073 -0.010882089174878169 0.9997864232196693 0.8766737245566666
0.9998203753127911 0.007154104721704169 0.01755095139929148 380.2344653926419 -0.007347195335840753 0.9999129226549457 0.010962017530610494 -0.3111235783670008 -0.01747099968766531 -0.011088998749900823 0.9997858762138212 0.8573581701811932
0.9998216783932511 0.006635494616138735 0.017679978113713652 381.84166101678875 -0.006835692603417961 0.9999129328550487 0.01128716154957922 -0.31051597238272216 -0.017603542868802773 -0.011406003700416568 0.9997799849757206 0.8428409461948936
0.9998294932058542 0.006567317950060019 0.01725847185203428 383.444048856934 -0.006785104075400468 0.9998977096204438 0.012590975279005986 -0.32068147845778333 -0.0171740175384394 -0.012705928959874416 0.9997717802032902 0.8391223868591526
0.9998375411046774 0.006724359738797829 0.01672346805706493 385.09978793259563 -0.006944799818824059 0.9998893053502577 0.013158525816210196 -0.316192069746749 -0.016633134197405416 -0.013272529234574833 0.9997735637705613 0.8348032690661685
0.9998380895264253 0.006680440018494809 0.01670827499496184 386.67210843605136 -0.006904970449132747 0.9998861477909265 0.013416886334692502 -0.3299416876810908 -0.01661674201654998 -0.01353008414536835 0.9997703839921318 0.8182814061170328
0.999820247483903 0.007196496553916568 0.017540899594278198 388.34296847645777 -0.0074525550479532954 0.9998659848893457 0.01457640849166625 -0.3512725343948202 -0.017433649775199338 -0.014704512865381195 0.9997398887495225 0.7975846968329038
0.9998167603456003 0.007335439377552594 0.017681545779901792 389.92683325560324 -0.00761207110684497 0.9998488834858006 0.01562902958159139 -0.34042459705584 -0.017564228007312138 -0.0157607589073678 0.9997215094080805 0.7857724791488874
0.9998248480427461 0.007217739573625754 0.017267816067676238 391.58638362184405 -0.0075051931020313645 0.9998333723499254 0.01664030083492157 -0.35920895230435795 -0.017144833414209706 -0.016766984547699305 0.9997124201070907 0.7942123122713732
0.9998178389353606 0.007740248039562124 0.017446418168535534 393.2187723309195 -0.008028639552231749 0.999831282009055 0.016521151989791354 -0.34719162279649607 -0.017315596829612662 -0.016658213482108504 0.999711295339819 0.772775970005692
