1.0 8.809142651444726e-20 8.673617379884037e-19 -5.551115123125783e-17 -8.809142651444726e-20 1.0 1.7347234759768075e-18 0.0 -8.673617379884037e-19 -1.7347234759768075e-18 1.0 -5.204170427930421e-18
0.9999993011580781 -0.0003480319849955573 0.0011298482609536818 1.3160940844717768 0.0003481171165631284 0.9999999365833229 -7.515200288644408e-05 -0.058402083065748844 -0.0011298220340017183 7.554526988583102e-05 0.9999993588973364 0.018140396604628333
0.9999976844684006 0.0012037922336848642 0.001783799903291163 2.5652097675998258 -0.0012028053760217308 0.9999991230587825 -0.0005542029350592417 -0.11574037075546209 -0.001784465484192614 0.0005520560876714074 0.9999982554569841 0.031373844761168695
0.9999990241224135 -0.000851419511026485 0.001107627661732115 3.9372427242583052 0.00085309148809112 0.9999984961928978 -0.0015099161751384665 -0.045006677803935906 -0.0011063404239822431 0.0015108596093753115 0.9999982466555165 0.05413046835745103
0.9999995192283986 -8.603794710964668e-05 0.0009768011278857387 5.244790170292739 8.792529848304252e-05 0.9999981292466403 -0.0019322971721718598 -0.04030433091232542 -0.0009766330496498474 0.001932382128708982 0.9999976560408504 0.0635012050037134
0.9999993024631666 -0.0001948748179035724 0.0011649450569300585 6.569191430270117 0.00019730968402063804 0.9999977957232785 -0.002090363000239237 -0.03299231043304982 -0.0011645351299597636 0.0020905913970751333 0.9999971366386714 0.07435096096450203
0.9999977958027619 -0.00019791360113648263 0.002090267883331092 7.907381347626992 0.00020495924405666586 0.9999942971158828 -0.0033710128180732854 -0.032726753680259575 -0.0020895887934892776 0.003371433807421386 0.9999921334954371 0.09282060042730929
0.9999964902765291 -0.0001942140473892026 0.0026422936110958375 9.235338791282022 0.00020345367113530952 0.999993864779362 -0.003497000177123279 -0.022317896803798403 -0.0026415982334834233 0.003497525487955075 0.999990394590985 0.10403524464259024
0.9999987013204648 -0.0005223267229227458 0.0015246416557443642 10.558575697646203 0.0005267156892845013 0.9999957149212494 -0.0028797065339702045 -0.024769292467823893 -0.0015231309748579352 0.002880505846834879 0.9999946913649591 0.1260711271359247
0.999999775440404 -0.00032571278079404837 -0.0005856879084704218 11.885990275562522 0.00032516888787516963 0.9999995160809572 -0.0009284950435051957 -0.010400518642281524 0.0005859900477474633 0.0009283043875168846 0.9999993974331324 0.13220805586304726
0.9999982581134389 -0.00047843993973202965 -0.00180412452787636 13.235580800197326 0.00048299187792043876 0.9999966993729221 0.002523482139299426 -0.015177259742593683 0.0018029112384914505 -0.0025243491211735213 0.9999951885747154 0.15587148224801287
0.9999976457560169 -0.0004729593933328572 -0.0021177327111958403 14.579171759135754 0.00048275741345630804 0.9999891717350726 0.004628537337363452 -0.010241939773410992 0.0021155206696139 -0.004629548791823323 0.9999870458412352 0.17187110934836242
0.999999364636337 -0.00015626581880040944 -0.0011163816176816075 15.92427918083306 0.00016143171074807508 0.9999892741908679 0.004628762580218936 0.013064400180467773 0.001115646326210827 -0.004628939858665777 0.9999886640602781 0.1835031717461102
0.9999994058951911 -0.00012817683030537158 0.00108248785903 17.288362706123227 0.00012474012592808074 0.9999949541447938 0.0031742912362565053 0.011238097938519062 -0.0010828892675421305 -0.003174154320722966 0.9999943760317768 0.21046744311340534
0.9999943831313174 0.00030909611437878473 0.0033373890106082726 18.625293509903745 -0.0003062110078747557 0.999999579042443 -0.0008649565050788277 0.025714991626562912 -0.003337654960403974 0.0008639297014791141 0.9999940568247575 0.22536605135869267
0.999999197406891 0.00014871876477347398 0.0012582004223272453 19.97190425300106 -0.0001457712929828638 0.9999972460075272 -0.002342376590396752 0.009110010083724552 -0.0012585453126059112 0.002342191300919048 0.9999964650955553 0.2520379386991386
0.9999998503554947 0.000211719599315177 -0.0005044440501133909 21.318353104801574 -0.0002133129563533456 0.9999949822793609 -0.003160682471131351 0.010002508596649362 0.0005037723405277189 0.0031607896026042306 0.99999487779814 0.2593518268479222
0.999998034987506 0.0004970169569993713 -0.0019191131470500252 22.679308374291978 -0.0004987252406470007 0.9999994797944006 -0.0008897662964422477 0.012056994296089281 0.0019186699197795223 0.0008907216582064497 0.9999977626578304 0.29500909714473017
0.9999990747797808 0.0011673813669564944 -0.0006983268049295242 24.04632031341366 -0.0011668527932152165 0.9999990328205893 0.0007568437386649768 0.02574247840168278 0.0006992096548004318 -0.0007560281938349381 0.9999994697634738 0.2878857192742367
0.9999922979477501 0.0019589735632234953 0.003400951007706497 25.42867058380224 -0.0019622543539958765 0.9999976124387759 0.0009616000197378111 0.061592164248600485 -0.0033990591387106843 -0.0009682661443668141 0.9999937544093189 0.3085401574077201
0.9999865399730383 0.0018732044681566069 0.004838489203412407 26.81351205375429 -0.0018723270183673378 0.999998229920156 -0.00018587116807258314 0.03167776086979816 -0.0048388288136027285 0.00017680943217802177 0.9999882771683563 0.3190283237154784
0.9999901707980862 0.002142505508881729 0.0038817492653321186 28.177973471287263 -0.0021274487765136313 0.9999902142399667 -0.003878838229293853 0.04712492077311175 -0.003890021711739621 0.003870541880684443 0.9999849432049626 0.34693531909825115
0.999997381954029 0.00214539347756272 0.0007958466650642223 29.5489250303677 -0.002141530363588909 0.9999860732904962 -0.004823595417979097 0.035241957218112914 -0.0008061840916870422 0.004821878459786551 0.99998804970626 0.34658718203044897
0.9999957941412616 0.002708850835869847 -0.0010362562118399151 30.93302366147117 -0.0027137905101154635 0.9999848190681632 -0.004795516059833528 0.044339308294490044 0.0010232501428178904 0.0047983080728441424 0.9999879645269653 0.3799327464896085
0.9999919514363741 0.003063357169914415 -0.0025909275022973437 32.3134630843439 -0.0030676547178678207 0.9999939229868724 -0.0016563465388965831 0.04556319634235244 0.0025858377761511083 0.0016642812786621542 0.9999952717942325 0.3832845112658271
0.9999847142266065 0.0034474966728145935 -0.004322739851420774 33.69850805550074 -0.0034467509102908936 0.9999940437437775 0.00017995869061915892 0.04637641618467236 0.004323334511061789 -0.00016505653229355866 0.9999906407237253 0.41637272822735744
0.9999838063529887 0.003657561817579245 -0.0043599625387449915 35.09635570140172 -0.0036545654063755706 0.9999930805219406 0.000695025129268609 0.05297811580769919 0.004362474467454936 -0.0006790801060098106 0.9999902537858709 0.4271769818679035
0.9999908104116267 0.0032993276458825834 -0.002737431164995101 36.48811174798128 -0.003296623444156111 0.9999940742997842 0.000991785856433637 0.04622652284633646 0.002740687170293583 -0.0009827524625745754 0.9999957614067331 0.471986307006105
0.9999941230924062 0.003278696336127286 -0.0010019635648108865 37.88899404128112 -0.0032770676647435803 0.9999933136169641 0.0016228212732421463 0.04910110252045174 0.0010072776034614724 -0.0016195282336719892 0.999998181258411 0.4782940737104226
0.9999948153197921 0.00303581390576428 -0.0010738563519227225 39.28393128647742 -0.003031640333930451 0.9999879275255956 0.0038670350334629165 0.050594966889060414 0.0010855829865480642 -0.003863759437893579 0.9999919464038626 0.49238397424404834
0.9999946769351168 0.0031088925392615194 -0.0009903982081364302 40.67897874981904 -0.0031032623923058352 0.9999792999867168 0.0056364315484700115 0.057196036258199565 0.0010079007668694626 -0.005633328079866453 0.9999836247413199 0.5098726695480299
0.9999939725716408 0.0033665967250653605 -0.0008490270192055783 42.08663617401665 -0.0033598560117776453 0.9999637821224366 0.007819578695318288 0.07022324305676499 0.000875321637275998 -0.007816678954833262 0.9999690661926239 0.5265578067112848
0.9999950212029693 0.003066757935582707 -0.0007433471849194845 43.491752900524034 -0.003059932028462719 0.9999546718783968 0.009016152424898052 0.08004322171100367 0.0007709638473853724 -0.009013832943445727 0.9999590773778764 0.5464705203578023
0.9999959480976718 0.0027155131723148713 -0.0008542695414579969 44.91035298523556 -0.0027084118313793074 0.9999626549563667 0.00820689941244597 0.08513740369669254 0.0008765235821830567 -0.00820455244515786 0.9999659579333611 0.5675837727290443
0.9999970522770958 0.0019100839954735403 -0.001499005086565601 46.3249663918149 -0.0018975527278095195 0.9999636120095556 0.008317087858619279 0.07278844882421996 0.001514836877190531 -0.008314218900957888 0.999964288879009 0.5995909335580969
0.9999989655279 0.001090895521444958 -0.000937491381938026 47.74081096261309 -0.00108360719909653 0.999969459101247 0.007739939289012009 0.07986202662366228 0.0009459062152152875 -0.007738915409850199 0.9999696067629811 0.6184575725198292
0.9999999835731221 0.00013161793460127435 -0.00012462132633409722 49.14808565614413 -0.00013064333249901316 0.9999696607734301 0.00778848284267687 0.1028234775146385 0.00012564264944487275 -0.00778846643379104 0.9999696615420561 0.6393784515466318
0.9999993342836854 -0.0011498930377570819 -9.580285920891122e-05 50.572332483090285 0.0011506525149878395 0.9999645142724657 0.00834542956483028 0.09888888078244351 8.620310822106186e-05 -0.008345534244942557 0.9999651717070903 0.6562133123738966
0.9999973051863883 -0.002315778133673574 -0.00016368138892974233 52.03053380933343 0.002317091845841102 0.9999608315221851 0.008542043481409273 0.09647039212578859 0.00014389350026775482 -0.008542399727005833 0.9999635026847553 0.6720488274951066
0.9999943406330394 -0.003336596784682948 0.0004310728351855661 53.42738934635613 0.0033327842121383946 0.999957796016297 0.008561468076497027 0.1227323055384292 -0.0004596208090508609 -0.008559982951268072 0.9999632570452704 0.6932450339119185
0.9999893177079493 -0.004224534731050876 0.001875573591256325 54.887577063135105 0.004210956915134325 0.9999653200739745 0.007185157702685143 0.12619693394486492 -0.0019058624947659963 -0.0071771829891481885 0.9999724274861239 0.7070450970236647
0.9999875924261769 -0.004650640089690543 0.0017850883604632825 56.28981181645229 0.00464053934682658 0.999973432064132 0.005621437578717717 0.133137865616758 -0.0018111842173154803 -0.005613084057541674 0.9999826062982765 0.7294795307637645
0.9999857300942444 -0.0051092873676229205 0.001560381516145229 57.710225502706905 0.005103439598639023 0.9999800248354939 0.00372891864593243 0.1348892464760098 -0.001579402464200308 -0.003720902121796302 0.9999918301542547 0.7489882295506727
0.999986867184222 -0.004880087313058808 0.0015653136752950408 59.161995361689904 0.0048755767921371505 0.9999839885273045 0.002872531978529722 0.15511170088109347 -0.0015793068191826477 -0.0028648624470687485 0.9999946491622494 0.7706633948788757
0.9999864372819975 -0.004615684046909515 0.0024126153520184703 60.566623289168724 0.004612071146672372 0.9999882379379168 0.0015009282321640784 0.16479194370232106 -0.002419514785183673 -0.0014897807218446604 0.9999959632426548 0.7884138897190417
0.9999861074898375 -0.004197337158000853 0.0031886028453003267 62.0269251952889 0.004198674252637393 0.9999911003433288 -0.0004127573847573991 0.1771216027313851 -0.0031868419859214614 0.00042613955518968553 0.9999948312082599 0.8020546507099803
0.9999891275908745 -0.0036392961720827354 0.002915514262257194 63.4022411520905 0.0036423018537989254 0.9999928401662798 -0.0010262813372113426 0.1819334149366395 -0.0029117584459178738 0.0010368893620629634 0.999995223250193 0.8313463721986734
0.999993607855721 -0.0029787654612252056 0.0019776764208190275 64.81411873753363 0.002984077264958878 0.9999919339013105 -0.0026883852390960734 0.1870880082248278 -0.0019696523995891544 0.002694269593794559 0.9999944306748816 0.8405709695983551
0.9999967073155847 -0.002113772246563749 0.0014551030474062713 66.27731722477769 0.0021190754304280246 0.9999910836144655 -0.003652699123534491 0.20736631910327263 -0.0014473690991141333 0.003655770569465512 0.9999922702022422 0.8597292801974817
0.9999974564566678 -0.0016443298761084275 0.0015437808954452132 67.64546385395123 0.001647002464497754 0.9999971445988785 -0.0017315244646757316 0.21131473693406017 -0.0015409292899230338 0.001734062671407668 0.9999973092781675 0.8803968569257422
0.9999963692850754 -0.0008360086224926009 0.002561738911427946 69.09346571340762 0.000833186839328569 0.9999990452784149 0.0011023801293134933 0.22964884568594532 -0.002562658064973883 -0.0011002417197387073 0.9999961111183384 0.9039567148098863
0.9999926701284878 -0.0002652537265019764 0.0038195981147086536 70.4794944655895 0.0002479355809438101 0.9999896916172216 0.004533782884247928 0.24680657216673632 -0.003820761343634426 -0.00453280263792438 0.9999824275871054 0.9192765251002807
0.9999897734003599 0.00021088272564630825 0.0045175904166956694 71.9137507011139 -0.0002469595523968726 0.9999680746102917 0.007986787286857365 0.26638595522640185 -0.004515761915388865 -0.00798782127128859 0.9999579004166432 0.9410380753707147
0.9999911019674104 0.0006641993488895314 0.004165912292539776 73.28776263017463 -0.0007171269725870802 0.9999188870431714 0.012716330573342727 0.27544658387258103 -0.004157128204588762 -0.012719204911089278 0.9999104660475958 0.9565466077404734
0.9999925682944094 0.0013287821713055367 0.0036190736234868594 74.69411826525102 -0.0013830470216771825 0.9998860396137975 0.015033128961428839 0.2888883837522487 -0.003598685438716149 -0.015038022588636487 0.9998804465233515 0.9635618647734409
0.9999922241264638 0.0018765287447294195 0.0034684761031576936 76.14230181361951 -0.0019379192045147885 0.9998400139446639 0.01778175987608973 0.2918237964155172 -0.0034345532118085637 -0.017788343233824392 0.9998358758762514 0.9830478940781687
0.9999902447958544 0.002086306272704338 0.0038932812977764577 77.50551910719133 -0.0021552128760152817 0.9998396111639509 0.017779398330044882 0.29789532886313036 -0.0038555635886598143 -0.017787615738367506 0.9998343539585735 0.9988320489303602
0.9999901864972017 0.0020647209611914363 0.0039196730277133865 78.95707904866757 -0.0021302680539617325 0.9998567228074452 0.01679273100999312 0.29763300733496073 -0.0038844391242542605 -0.016800916168713275 0.999851309119802 1.0238637788032514
0.999993633380222 0.0024950721312957634 0.002551041764047471 80.30248488857308 -0.0025349406683981626 0.9998728041645769 0.015746414444995787 0.31189377294204207 -0.0025114288423095515 -0.015752780933076617 0.9998727632144225 1.0366943037698924
0.9999944364707057 0.0021309607170380256 0.0025663269585540446 81.69664475719735 -0.002171496822998581 0.9998712677373921 0.015897564428808426 0.30612256744876076 -0.0025321195041837063 -0.015903048753080296 0.9998703322987305 1.0575255344571297
0.9999947674157387 0.001836305840727623 0.002663291572853878 83.12565353079448 -0.0018746219139621622 0.9998937447329745 0.014456314763766905 0.31328492946734143 -0.002636462368860535 -0.014461231784627538 0.9998919550838725 1.0700937406592679
0.9999960511217527 0.0013644177206748303 0.002456848628729694 84.45979433470912 -0.0014014164628207443 0.9998846857427823 0.015121218501007772 0.31263654625838655 -0.0024359336605740043 -0.015124601857271922 0.9998826494373528 1.0960196168008083
0.9999965847986572 0.000807915137833139 0.0024854907266030186 85.89182247539314 -0.000844744943247708 0.9998893352526413 0.014852732206961169 0.3270265872624073 -0.002473215923211511 -0.014854781087612979 0.9998866029114681 1.10476671882667
0.999994187865299 -0.00022889850659262145 0.0034017408917896303 87.1900301858797 0.00018452176660870888 0.9999149599181999 0.013039895839396003 0.3264718352788848 -0.003404436420149691 -0.013039192354525997 0.9999091905145201 1.1247036241269772
0.9999899690604712 -0.001220672281330934 0.004309493893659761 88.59740499807984 0.00116124314459111 0.9999045704520128 0.013765954508676034 0.33649865751347036 -0.004325886359700239 -0.013760812052978131 0.9998959579670506 1.152610439591296
0.9999857333060199 -0.0025987769012072587 0.00466685579799639 89.9753983945356 0.0025448662876936105 0.9999303946942538 0.01152082558550517 0.3364578832450696 -0.004696471015486145 -0.011508784697422296 0.9999227425330365 1.1636248543989396
0.9999834495684028 -0.003360697786034564 0.004669721583607298 91.34511698413449 0.003315953152356597 0.9999488347707117 0.009556793153935586 0.3440429684603952 -0.004701600149825782 -0.009541150406878413 0.999943429102339 1.182872092305187
0.999984315800224 -0.0037728631130051348 0.004139282243126583 92.7213184164813 0.0037354647559382738 0.9999524696499864 0.009005817228321564 0.3476225585277434 -0.004173063217215963 -0.00899021383635093 0.9999508795928737 1.202033183740742
0.9999831981064874 -0.004185909105711577 0.004010195715944296 94.0598118685167 0.0041552944554770445 0.9999623920630648 0.007612357552138805 0.3556554918878892 -0.004041909537550144 -0.007595566106093993 0.9999629844863349 1.2194964219985884
0.9999861676606211 -0.004098227681094718 0.003296819269861477 95.4706876672823 0.004074222595387478 0.9999653797428693 0.007255344646717731 0.36670107722983003 -0.003326439187397701 -0.0072418123127660885 0.9999682449741888 1.2275749104244682
0.9999885001050748 -0.003910814906741584 0.002775821386187282 96.79112956936339 0.003890747674893994 0.9999665230878442 0.007198248824426749 0.38143820566877223 -0.0028038794790635796 -0.007187366024717393 0.9999702395719052 1.247579217197694
0.9999899071261016 -0.003919555336186764 0.002196071924398841 98.14802847495437 0.0039012365818426147 0.9999580712091958 0.008284695330395997 0.38629705330620756 -0.002228452167549467 -0.008276044317882918 0.9999632698711415 1.2704546637661345
0.9999916431370907 -0.003522171354443825 0.0020755637622700495 99.50490985721031 0.003501779094445398 0.9999463556569853 0.009747992177236072 0.40926389874519337 -0.0021097865188256406 -0.0097406425488099 0.9999503331083905 1.2852859398805982
0.999988659232851 -0.0032600851713488815 0.0034717791347747213 100.87480609863194 0.0032255636169330796 0.9999457608901552 0.009903081195349417 0.421783911118034 -0.0035038757167204964 -0.009891770442348366 0.9999449363502361 1.3031936649311797
0.9999832349347474 -0.0031147058118526486 0.00488144006862744 102.21534836896781 0.0030626450338787268 0.9999387409171219 0.010636475848589113 0.4346138800523067 -0.00491427052922894 -0.010621347409193094 0.9999315161171684 1.3214972081744518
0.9999886675976035 -0.0030005300515533453 0.0036961460711493334 103.56025998717355 0.0029626995592521408 0.999943605719066 0.010198421097137634 0.4426151020521614 -0.0037265382986297812 -0.010187354954190026 0.9999411636248136 1.3376850836598129
0.9999949734465705 -0.0028772356123315268 0.0013321399415699537 104.88258864900946 0.0028634554298787368 0.9999435389911214 0.010233252313553676 0.4526438821373123 -0.0013615082055914156 -0.010229386352215116 0.9999467515574333 1.350862103591567
0.9999954368697378 -0.0030152276211827134 0.00018612386924047702 106.2797040439602 0.0030133834698965077 0.9999529550291538 0.009219937555449255 0.4675896718781297 -0.00021391532343124523 -0.009219334621082258 0.9999574781506355 1.368812938684532
0.9999947365516035 -0.0030365959484373586 0.001142783503214842 107.58071190485892 0.0030278114737113324 0.9999664466390431 0.007611698481001461 0.47420518056372213 -0.0011658588117555988 -0.007608198284216294 0.9999703776073066 1.3924501537186185
0.9999929443088921 -0.002358996741208992 0.0029234340779607975 108.9466668495265 0.00234569011737097 0.9999869120418424 0.004546810188911232 0.4888896466394346 -0.002934121726596446 -0.004539920637597554 0.9999853899184217 1.4070911263562291
0.9999905317899921 -0.0015755162269733849 0.004056362778082771 110.2414942633372 0.0015654032896747047 0.9999956620503109 0.0024950737666591277 0.4905390018568678 -0.004060276210991986 -0.0024887002991397953 0.9999886601996603 1.4288883663362058
0.9999958920453035 -0.0007628183590645527 0.0027629695381453287 111.60670996014323 0.0007564200161855564 0.9999970318574005 0.0023160537878324236 0.4969838249536631 -0.0027647280656076813 -0.0023139543081256244 0.9999935009259726 1.4482452582487
0.9999998911438667 -0.0001270251489597762 0.0004489731243170681 112.9278726891754 0.00012522098337596684 0.9999919273041288 0.004016173088820562 0.5028047236558517 -0.0004494796548784368 -0.004016116430779353 0.9999918343550883 1.4614234689073125
0.9999982851357815 0.0011342345198459007 -0.001463980037497892 114.2756049663423 -0.0011241424586298345 0.9999757275512802 0.006876089878746206 0.5080781166853758 0.001471743601619542 -0.006874432365066972 0.9999752877698674 1.4845772117122187
0.9999948555381525 0.0026756402660653403 -0.0017691371898237878 115.59335904808975 -0.002659143599230984 0.9999535691625071 0.009262206782504846 0.5261132894252886 0.0017938373807223178 -0.009257454743600946 0.9999555398512084 1.4949419688766548
0.9999916274700327 0.004091919380600565 -3.4432805442213764e-05 116.95941432836165 -0.004091339093553675 0.9999374276801253 0.010411612213093394 0.5315936768808374 7.703412869975185e-05 -0.010411384165275123 0.9999457971037761 1.5177639671206296
0.9999852339306358 0.005039929264844556 0.002032494451886255 118.29020922143869 -0.005059432237935339 0.9999400824280296 0.009707404352103018 0.5358744551014671 -0.0019834480384738114 -0.009717544279850306 0.9999508164240118 1.5366363639893408
0.9999782167228635 0.005918987867564193 0.002920900954405615 119.62627392032209 -0.005946825260914815 0.9999360858961536 0.009615580689496646 0.5373762597339163 -0.002863799762197975 -0.009632741318217949 0.9999495031978457 1.554879946596503
0.9999737715073781 0.006963607784959502 0.001991096162187798 121.00343681299795 -0.0069838134882267535 0.9999222778467763 0.010327856257509503 0.5383099140076069 -0.0019190222696700613 -0.0103414908176417 0.9999446839306648 1.5757645295533773
0.9999662965531796 0.008030064060626368 0.0017099207294071774 122.34423207577262 -0.008049289321443876 0.9999008970207313 0.011550111625287844 0.5342781511855903 -0.001617003134910133 -0.011563485993382644 0.9999318332229166 1.5859880271627398
0.9999560992136675 0.009249350991253114 0.00149971718227798 123.65685092473711 -0.009268323862322715 0.9998701804287407 0.013180305845497835 0.5305048796096375 -0.0013776132146992915 -0.013193627084254355 0.9999120113220925 1.5999187149068677
0.999943540744806 0.010593079021126942 0.000837854159649675 124.97123592322836 -0.01060406626275694 0.9998397170590917 0.014425462553777904 0.5265467893165376 -0.0006849098011724371 -0.014433532763933738 0.9998955965652198 1.6159334612751626
0.9999323718782418 0.011629106081538105 -0.00012474653487670035 126.32581404301258 -0.011625703315328903 0.9998085882901389 0.015736257614303552 0.5214180025267865 0.00030772126605230806 -0.0157337431345535 0.9998761696503214 1.6364412441110185
0.9999200459727008 0.012622360118098789 -0.0007600572353887352 127.67356047161462 -0.012608390353069255 0.999789187280539 0.01620523031691005 0.5113690345270373 0.0009644452585127675 -0.016194351545168448 0.9998683977521117 1.6638588693992298
0.9999083788720035 0.013536131030884522 8.377515678215469e-05 129.01164657793964 -0.013535835144219988 0.99979217495053 0.015244280062947983 0.5066192983848206 0.00012259082619751235 -0.015244017331524504 0.9998837957018233 1.6808901915761545
0.9998957769272869 0.014372869293898399 0.00136231833205798 130.36346522730673 -0.014389864227004792 0.9998064509779543 0.013416124268800842 0.4885328398730779 -0.0011692264561309225 -0.013434329574937922 0.9999090717152067 1.6921509383464537
0.999892327586291 0.014625475463450463 0.001195283036624487 131.68623244706157 -0.014640279122251422 0.9998018026003669 0.013491395193967007 0.47517076800534747 -0.0009977280652577244 -0.013507441820168444 0.9999082725701307 1.7142250668818269
0.9998914853557538 0.014685034082465664 0.0011693105067122826 133.04620185598753 -0.014698109171747036 0.999818847170252 0.012092908249195166 0.45286197250974447 -0.0009915139130095767 -0.012108782645041932 0.9999261944178757 1.7407261772104485
0.9998932368257256 0.014532359404705573 0.0015249525586398065 134.3897332713075 -0.014546713427233435 0.9998455098728376 0.009866585812305245 0.44071622931672666 -0.0013813321974033167 -0.00988771547214533 0.9999501612601013 1.751884389298885
0.9998984492224998 0.014139863056726355 0.0017763769805110405 135.727505089961 -0.01415422779506379 0.9998649379727963 0.008352463599525297 0.4273852753115581 -0.0016580343679513958 -0.008376758644784783 0.999963539753646 1.7741638791822205
0.9999153953718972 0.012862417206161512 0.0019391549389080032 137.0371111010827 -0.01287825053653749 0.9998819013099575 0.008386542547604094 0.4107357396343704 -0.00183105471808542 -0.008410805930423208 0.9999629521048368 1.7903805726423165
0.9999265685632039 0.011740891086335995 0.0030014926145140067 138.39078022493675 -0.01175233578612103 0.9999236260056011 0.00382423317555799 0.38966526729197287 -0.002956363473330898 -0.0038592269056865964 0.9999881830715321 1.7959406263829574
0.9999366354452389 0.010781531239983606 0.003237850919428756 139.75172127887834 -0.010788622710580903 0.999939423124856 0.002180756918785039 0.38114438877578866 -0.003214142881691184 -0.0022155506880566626 0.9999923802813122 1.8105236812578878
0.9999501260289689 0.009488202275489856 0.0031176068110552145 141.10017097783955 -0.009495170733135196 0.9999524376367125 0.002228047832780563 0.3722795734368875 -0.0030963183617905912 -0.00225753892013725 0.9999926581383617 1.83019081813608
0.9999616697506815 0.008423606403012209 0.002387861929853226 142.4694103513268 -0.008429841232896742 0.9999610539224841 0.0026131236141780025 0.3660527352083653 -0.0023657570071891564 -0.002633152749453112 0.9999937348305643 1.847656192691474
0.9999702947447242 0.007428424151237073 0.0020562448245980015 143.85118957639867 -0.007432587980338683 0.9999703279959349 0.002024787301638889 0.35729733796738367 -0.0020411428328005947 -0.0020400103753831556 0.9999958360381329 1.861894158110702
0.9999792314424436 0.006444863121981781 -2.056985404411976e-05 145.15829340779905 -0.006444832146555199 0.9999784405222194 0.0012580259746514683 0.3479822192188547 2.867721577933498e-05 -0.0012578672780100128 0.9999992084734509 1.8793458040383735
0.9999845260371796 0.00532131640851089 -0.0016221214128014669 146.48742841587296 -0.005326797872022358 0.9999800534254757 -0.003393814316308306 0.3609004186679833 0.001604029497227008 0.0034024025134416283 0.9999929253482289 1.9178190244746505
0.9999901691517695 0.00433842143505403 0.0009163510611010447 147.83925610693638 -0.004329508954455844 0.9999453694461355 -0.009513857022504521 0.34772802074101095 -0.0009575761215715155 0.009509796143095585 0.9999543223694211 1.934310813248006
0.9999924484004017 0.0028530050166201727 0.0026388453052802545 149.19783865415647 -0.0028032689336516007 0.9998218986637881 -0.01866313573929507 0.3308635975084116 -0.0026916213432954 0.018655597409701713 0.9998223461494704 1.9473398840056182
0.9999985118978744 0.0017209589037335772 -0.00012042627774181197 150.52500987740487 -0.0017232240420919243 0.9997477704172152 -0.02239254440004699 0.31470660253996535 8.18592540095105e-05 0.022392718599111173 0.9997492482881912 1.960125554293389
0.999990954161679 0.0022603533288313602 -0.003603109440944835 151.90378662998182 -0.0023318190763903556 0.9997981552420189 -0.01995523476311401 0.31001536790306994 0.003557276290867332 0.019963456050615405 0.9997943819645645 1.99835556633048
0.9999787118221423 0.003005546898033625 -0.005791596530530346 153.27814614926214 -0.003104491242838503 0.9998480817058362 -0.01715154929686122 0.32320404153845533 0.00573916689527929 0.01716916413234034 0.9998361274560671 2.0074241932934638
0.9999761933674908 0.0037266062718342837 -0.005807331913811324 154.6097700137812 -0.0038285889044217154 0.9998368967052921 -0.017649982825262964 0.3325250853098955 0.005740610182148326 0.017671796525137562 0.9998273615991465 2.035983596667111
0.9999844415910961 0.004525576008974512 -0.003261247848686317 155.90794157925882 -0.004591374029820492 0.9997801523052816 -0.020458893932613947 0.318727574964235 0.003167942591313287 0.02047354923345369 0.9997853759290158 2.0535381680950158
0.9999877953778736 0.004922987050583898 0.0004162857189524519 157.21030831147482 -0.0049085867266258345 0.9995538893729842 -0.029460618046594018 0.3085848530122336 -0.0005611342506149329 0.02945821511632861 0.9995658551043612 2.06735782438087
0.9999870320376378 0.004896585077009012 0.0013997182359430222 158.62239532975974 -0.0048516660337546615 0.9995238810181304 -0.030470848546623568 0.2929817291247906 -0.0015482549057988192 0.030463662436384317 0.9995346758255608 2.091570431577475
0.9999868116777975 0.004854445132117683 0.0016765538859405103 159.95760918714817 -0.004797990410273477 0.999470636143025 -0.032178048043344905 0.29148518077243757 -0.001831872947594087 0.03216957957941241 0.9994807463834346 2.1200444386664907
0.9999809613266534 0.005830965298995048 0.002019115624249055 161.34872687312307 -0.0057661201998400365 0.9995102975625036 -0.03075576245773213 0.289765728403494 -0.002197462642041444 0.030743534445430373 0.9995248902592367 2.131802359105142
0.9999747346463843 0.006909866797904438 0.0016684752705699263 162.67175146939113 -0.006860009684174276 0.999577720252133 -0.028236880895054422 0.29729584838196704 -0.0018628837930264664 0.02822472172375969 0.9995998673207145 2.1436656729011165
0.9999689449352468 0.00785409990195385 -0.0006498306083602374 164.0047968052945 -0.007868004158941665 0.9996502597125111 -0.02524782698103162 0.2963072592667984 0.0004513043810001821 0.02525215577805903 0.9996810115996583 2.1554195385904413
0.9999625364826911 0.008492201497376513 -0.001675752019456327 165.37297740636092 -0.008528294670748443 0.9997023908683748 -0.022856025071397768 0.29540793915532804 0.0014811553300175977 0.022869460111323917 0.9997373624973235 2.163100382325716
0.9999604090576267 0.008889435597734741 -0.0003978090716134636 166.75770286139308 -0.008895672701175299 0.9997550108005803 -0.02026784118560713 0.2915322692691033 0.0002175419437629168 0.020270577541973353 0.999794507067136 2.188780304624711
0.9999632600519379 0.008541153885980231 -0.0007261105950008924 168.11116395931484 -0.008554054523530552 0.9997603044307494 -0.02015345716604926 0.2825456875177774 0.0005538027705187469 0.020158927918699464 0.9997966347851247 2.200506577841804
0.9999629266882407 0.008169869853354194 -0.002720013909358871 169.45043230398787 -0.008219073542534348 0.9997932504968462 -0.018598470126675194 0.27793678285644985 0.002567504467428108 0.01862013661415168 0.9998233336111335 2.2188299889572516
0.999952833328817 0.007761952087564461 -0.0058380833722689075 170.84432245736585 -0.007841195505041566 0.999875741978884 -0.013675388668251583 0.2765509006146101 0.0057312102319601686 0.013720521198787661 0.9998894441523576 2.251572609094969
0.9999452592216123 0.0075953356466496496 -0.007196487798742832 172.19066512785895 -0.007663709486356651 0.9999253010745592 -0.00952154545548139 0.27856929727914737 0.007123630895228105 0.009576176030483377 0.9999287728310962 2.269506733707793
0.9999508262071104 0.00788780352383222 -0.0060106341834093085 173.55505884663495 -0.007915929793470245 0.9999577632922028 -0.004670084277614599 0.2826903482332696 0.005973543606788065 0.004717434390067656 0.9999710308751715 2.2947615632787066
0.9999555545844593 0.008636618914620673 -0.003781225913643114 174.9431066469258 -0.00864409518376038 0.9999607077376589 -0.001965349651976933 0.2781037494278646 0.0037641033647444365 0.0019979475779038003 0.9999909198244429 2.3210508097004463
0.999961967024449 0.008534523138856035 -0.0017962236462284026 176.35437180654682 -0.008532888709238946 0.9999631750374344 0.000915630563652964 0.2814322443212246 0.0018039719705920108 -0.0009002687630279524 0.9999979675985764 2.353961189223798
0.9999705111884623 0.007634745176973842 -0.000829107693892131 177.73617814468673 -0.007635494974250084 0.9999704396821633 -0.000904974231346263 0.27578997599394134 0.0008221739375571222 0.0009112781923615339 0.9999992468007526 2.3778213354069804
0.9999813292109875 0.006067465325301805 -0.0007260123642037294 179.1361373020166 -0.00607057028399596 0.9999720958443717 -0.00435381545790723 0.26887851088363357 0.0006995754811181155 0.004358141477821365 0.999990258551055 2.3902394769870163
0.9999809335628844 0.004156366747528983 -0.004566960275963502 180.48506297549906 -0.004179415629100142 0.999978519931126 -0.0050489762679238335 0.26421501731497843 0.004545876780273168 0.005067967227090165 0.9999768250877036 2.4125480347772337
0.9999596288247221 0.0026690986904831177 -0.008580013572520851 181.90074134683164 -0.00270014046476774 0.9999898443982825 -0.003608371068671048 0.271874159823047 0.008570295338826112 0.0036313926363255866 0.9999566805743768 2.4358063425549323
0.9999526063094117 0.0021029663370536007 -0.009505928024132294 183.26406438082228 -0.00210897124264753 0.9999975828486105 -0.0006217211866527011 0.28660473872137776 0.009504597588138599 0.0006417394498287209 0.9999546243681091 2.452704769070486
0.999961167293845 0.0019579195998004847 -0.00859246502300657 184.6548277033706 -0.0019167467880822227 0.9999866556376669 0.004797356391225076 0.29605558374976804 0.008601743200145577 -0.004780700517159459 0.9999515762858139 2.4917028333107414
0.9999823952638278 0.002001547580231222 -0.0055859618421282755 186.06800851051116 -0.001967860953098158 0.9999798856341439 0.0060295812784905735 0.30296092210417075 0.005597917977865894 -0.006018482733108317 0.9999662200194086 2.5163933155851597
0.9999917924384516 0.0022905427161508366 -0.0033419260611546203 187.46007528892105 -0.002269658396417737 0.999977957448198 0.006239652914523776 0.30218696400103556 0.0033561445881109702 -0.006232016671643532 0.999974948817073 2.5372008848073975
0.9999921696825136 0.0024734624093414688 -0.003089103003909099 188.86419050279898 -0.0024517007756788152 0.9999722930659155 0.007028674398586631 0.30856495106064896 0.003106402576248194 -0.007021045805603744 0.9999705271550907 2.5664468118313852
0.9999933912490697 0.0024827842668393814 -0.002655793755009857 190.29018056633652 -0.002467973509792587 0.9999814664993967 0.00556558752253734 0.3085238052343623 0.0026695626869913695 -0.005558996312320786 0.9999809853167507 2.590046901236183
0.9999953111140338 0.0024635108517983757 -0.001819028375195874 191.69006837523142 -0.0024572935413884125 0.9999911589535637 0.0034122900170031685 0.303131845325262 0.0018274185065679102 -0.0034078041304864237 0.9999925236783573 2.6197594645729283
0.9999946307698938 0.0028206188692025806 -0.001668094894958694 193.09803076823638 -0.002817901616805118 0.999994702769079 0.001629068525047372 0.3049888333722889 0.00167268104009581 -0.0016243592509021137 0.9999972817938867 2.6445396978806426
0.9999941231439715 0.0033062866735745705 -0.0009067226431677755 194.48045160317906 -0.003308614239357585 0.9999912043895262 -0.002577637561808649 0.3044620025825736 0.0008981922592686852 0.0025806224088521373 0.9999962668123558 2.6578452977106717
0.9999936296308627 0.0035115156844217994 0.0006402775110011307 195.9283435761394 -0.0035069579498681024 0.999969450024841 -0.006985718499566096 0.2998071211187945 -0.0006647884106172565 0.006983428571653237 0.9999753945881638 2.6802799067885323
0.9999918587463572 0.0039597094930175665 0.0007766220036104624 197.34698284226744 -0.00395133597003223 0.9999370413043136 -0.010502398375014108 0.2927540983098777 -0.0008181595550470692 0.010499244177867096 0.9999445467057841 2.69641068106359
0.9999858212150636 0.004100130268487457 -0.003397984787516295 198.7584058841945 -0.004131570772375122 0.9999482381655064 -0.009297909047346837 0.29612527112252873 0.0033596862632714413 0.009311816228927173 0.9999510000928701 2.715919811370975
0.9999544917050176 0.004503022444302324 -0.008410547415357749 200.15075405622557 -0.004513327644013034 0.9999890868233207 -0.0012066929348651127 0.3046894766603798 0.008405021864198758 0.0012445975764780964 0.9999639026406578 2.7350346689898792
0.9999444223876782 0.005971144047387825 -0.008688934027709023 201.61960563517545 -0.0059075725126024724 0.9999557307032604 0.007323743627190527 0.31991752316925454 0.008732280502874295 -0.0072720060831805615 0.9999354305177637 2.760239723389698
0.9999609438873297 0.007082178121743963 -0.005287102515775424 203.05588594369576 -0.007005269421341039 0.9998714006536419 0.014425961155454265 0.33737943463630965 0.005388589824328054 -0.014388360155908744 0.9998819621293951 2.787440458427743
0.9999649688150718 0.00792346249891881 -0.002698126146172856 204.4861697803889 -0.007878512403084263 0.9998364056196131 0.01628161662633221 0.33911866921266276 0.0028266915266582835 -0.016259789041701535 0.9998638052631631 2.8130609821377
0.9999691700050042 0.007443128070124099 -0.0025017761759835427 205.93490398010863 -0.007406458301127444 0.9998694535279216 0.014360371764315259 0.3343836782063532 0.00260833566410623 -0.014341399733199452 0.9998937547753541 2.8304090070734076
0.9999781148470525 0.006161641126186932 -0.0024091503829022647 207.35781646100872 -0.0061342075293227055 0.9999180869351516 0.011233473102029361 0.3244606908638572 0.002478169671866099 -0.01121844902733432 0.9999340003602731 2.8539965790825406
0.9999831432375382 0.005191794899930606 -0.0025997127706943 208.82548621872814 -0.005166247149612737 0.9999392263793814 0.009739272980741316 0.3233677586238134 0.0026501190845271013 -0.009725678049438718 0.9999491927369694 2.888192117105043
0.9999811221762762 0.004901557489931297 -0.003705404869679847 210.31168935771197 -0.004862399261949609 0.9999330090390379 0.01050402339832103 0.3158414142833039 0.0037566427156093284 -0.010485807947315372 0.9999379658094792 2.90033289678636
0.9999832977142192 0.004641365428518712 -0.003444128272052442 211.7253933627739 -0.004604605980322488 0.9999331600250798 0.010605332904924445 0.31199855458855597 0.0034931212921079638 -0.010589296917984976 0.9999378305146883 2.924975230382195
0.9999850282162869 0.004574661392326975 -0.0030026349124453 213.22623943621096 -0.004535149277103456 0.9999047349475527 0.01303661959630491 0.3224500870715282 0.0030619869866265552 -0.013022807017303382 0.9999105113624337 2.948654183078273
0.9999867373658694 0.004215368720434539 -0.00295901316564376 214.6861839826383 -0.004180843519172344 0.9999242254038498 0.011578600864480443 0.32451348260523294 0.003007597019526658 -0.011566076130716706 0.9999285875716858 2.979733734905806
0.9999844699995933 0.004012377035280498 -0.0038678922114416692 216.15586052686538 -0.003965744837399371 0.9999202599892633 0.011989434135473693 0.3175859800614039 0.003915689915866383 -0.011973908865987551 0.9999206432907323 3.00183087319081
0.999983319781628 0.003779732303581159 -0.0043673541449635355 217.60220723889375 -0.003731787317983255 0.9999332527287942 0.01093452562421693 0.3164601066707056 0.004408392215718159 -0.010918045197130409 0.9999306787808573 3.0246513505065837
0.9999858325616895 0.0030941730269269056 -0.004331370358704711 219.05604983706527 -0.0030490015635490026 0.9999413017958191 0.010396949184651246 0.31426404316004286 0.0043632860747724895 -0.010383595531519053 0.9999365693275087 3.0446169210914493
0.9999826317341165 0.0031923894705218276 -0.0049542789161228125 220.5385880767296 -0.0031326575158266735 0.9999228749984183 0.01201792460393887 0.3193194728733804 0.004992262713316711 -0.012002195814346889 0.9999155087349307 3.074589064152225
0.9999842042276744 0.0028680761363913784 -0.004833780551537929 222.01894027842863 -0.002817763694872506 0.9999421212049971 0.01038337362376617 0.3137118465102449 0.004863281084249857 -0.010369589159013334 0.9999344079077231 3.1010988996147195
0.9999834351229944 0.0024490705016892637 -0.005208793842531888 223.45997075997542 -0.0023881843865899716 0.9999291286399532 0.011663373126145321 0.32692015507245364 0.005236989111301502 -0.011650740363676314 0.9999184137688566 3.1266027870371773
0.999983012564026 0.002329425421962266 -0.005343066589377805 224.96746391307494 -0.0022656129275619302 0.9999264094439707 0.011918166576746516 0.3257153961706961 0.005370435870343646 -0.011905858796917149 0.9999147008344614 3.153077061913129
0.9999846259164937 0.001704713309381817 -0.005276540834939796 226.4029532723484 -0.0016405940899508291 0.9999250548225648 0.012132320022272523 0.33510978162233584 0.005296827511066325 -0.012123476837262191 0.9999124786338525 3.175497157414385
0.9999827912809001 0.0017339238979140247 -0.005604520494748384 227.96303444819233 -0.0016659108365493318 0.9999251943016847 0.012117365300376966 0.34165643903939935 0.005625111833953129 -0.012107820144615419 0.9999108754325065 3.2108596903264566
0.9999821768132829 0.0017494700273640727 -0.005708363197239907 229.44832402773253 -0.0016877031133636761 0.9999401745333631 0.010807359177353062 0.33439317969144977 0.005726928842703637 -0.010797532533432333 0.9999253049989385 3.23442809660424
0.9999832084689629 0.0017883579564750211 -0.005512218785383178 230.96157021941718 -0.0017357086829731662 0.9999529733363037 0.009541406146532814 0.34787589554596693 0.00552902301372225 -0.00953167832570713 0.9999392866633497 3.263372148972472
0.9999879518445197 0.0017846768311562925 -0.004572865011223033 232.4754059201544 -0.001752051211033327 0.9999730555212728 0.007128712927551457 0.3427163050233069 0.004585464246556781 -0.007120615146028926 0.999964134535627 3.293632816937012
0.9999888645822832 0.001875764472184934 -0.004330383248749494 233.95842704984517 -0.0018469671766187217 0.9999762193465429 0.006644505522845394 0.3400155411468882 0.00434274379680111 -0.006636433457778255 0.9999685486690447 3.315329878169261
0.9999868288547776 0.0019157738025534338 -0.0047615047729660165 235.43088095855938 -0.0018797523523900756 0.9999696700912989 0.007558136582026842 0.3470896950229479 0.00477584003702094 -0.00754908658291441 0.9999601005258681 3.3447026904876744
0.9999834303484129 0.0023382004049851313 -0.005260403738055349 236.95591091346498 -0.0022876149311931056 0.9999512847070338 0.009601824341211368 0.35351678087144744 0.005282598465509345 -0.009589631464192153 0.9999400647648005 3.3755372661460457
0.9999847272277841 0.00260203166011407 -0.004875935029724061 238.47223595682547 -0.0025535687041579797 0.9999475428281646 0.00991921765004897 0.3605181617238247 0.004901489370331339 -0.009906615121001829 0.9999389153237295 3.400255473832853
0.9999905900802045 0.0030852834867475492 -0.003049717503428731 239.988247686106 -0.003054900092087441 0.9999461525317778 0.009917641973869332 0.35980703392689484 0.003080152020871832 -0.009908232067371733 0.9999461683514905 3.4210721439080864
0.9999902960026528 0.003744113716348886 -0.0023215324692651028 241.52490395036162 -0.0037251009429867766 0.9999599255832451 0.008140691034277624 0.3649831063834161 0.0023519191081674165 -0.008131964094242989 0.9999641691763153 3.442157624686331
0.999983816685006 0.004393189289512924 -0.003614727646022983 242.98868779129586 -0.004357690908102056 0.9999427728408412 0.009770443865017188 0.36337414739648916 0.0036574441947702483 -0.009754533881048149 0.9999457346129967 3.4668378139432927
0.9999731313403682 0.005339313765632797 -0.005022780689081817 244.53714151931987 -0.005290510930775588 0.9999391529947502 0.009679917470345877 0.34637983610933737 0.005074159184518467 -0.009653084307799627 0.999940533667836 3.494610958186964
0.9999746710565247 0.005351468590621844 -0.004692443853587254 246.02624314175543 -0.005302715460925669 0.9999324669244302 0.01034131515638997 0.3557762300534686 0.0047474681816670255 -0.01031617052723097 0.9999355170067303 3.515986575561296
0.9999779872908616 0.005343764483986429 -0.00393307956402269 247.55589044494442 -0.005303253556257704 0.9999335128835584 0.010239400083244733 0.3572040478814043 0.003987535007405913 -0.010218316568124003 0.9999398409759851 3.5434178657887334
0.9999825647140685 0.004927367126409126 -0.0032544309909868785 249.1025384478579 -0.00489447561013998 0.9999376345234028 0.010038484559102497 0.3594531754173289 0.0033036913256625604 -0.010022380802143621 0.9999443172030538 3.578592380731486
0.9999841779124153 0.004656761051284468 -0.00315570932472611 250.59885163868069 -0.00462482838176314 0.9999387835818694 0.010051868047812614 0.3660397166169495 0.0032023252911222936 -0.010037114392226383 0.9999444991835332 3.60181955884493
0.9999843562278475 0.004872850226210361 -0.0027463849421149973 252.15677755181164 -0.004839487411882242 0.9999159693111667 0.01202637427075336 0.36002670085902644 0.002804756882082241 -0.012012895037538898 0.9999239089509009 3.625714478294599
0.9999827097786806 0.0051460270732470205 -0.002845794976507976 253.66565738925905 -0.005109773001316945 0.9999075187945066 0.01260333599047056 0.36028818370193183 0.002910388902178151 -0.01258857670966368 0.9999165252024105 3.6508264141681748
0.9999820485565557 0.0052558240109961485 -0.0028773040506538563 255.2072897863087 -0.005217955337355136 0.9999016975150716 0.01301415569967668 0.35221993056222306 0.002945421316524986 -0.012998908432768358 0.9999111724912492 3.666653280449837
0.9999834425852815 0.00514163355889835 -0.0025842135428361113 256.7373285290543 -0.00510985291524856 0.9999130359935561 0.012157707569022883 0.3574958290608043 0.0026464992865090804 -0.012144301317711152 0.9999227530099669 3.7042611433417414
0.9999855923567967 0.004977745931304329 -0.0020092596322481317 258.2673382220355 -0.0049565466068671234 0.9999334114346049 0.010421388702435495 0.3536461473017019 0.0020610008637438034 -0.010411279565772853 0.9999436771804915 3.7221664054549617
0.9999867015707403 0.005099126201581651 -0.0007717471422030211 259.80963941999494 -0.005093333457093694 0.9999601597371945 0.007330545181591471 0.3525985785867724 0.0008090957706013875 -0.0073265169313151395 0.9999728333878322 3.753406388027078
0.999986704148507 0.004875765546182881 -0.0016788199858753074 261.3449179004039 -0.004864167430828977 0.9999647448720048 0.006844624772145673 0.33824184428227105 0.0017121335845024018 -0.006836367705533657 0.9999751660292288 3.777493840795436
0.9999844136061096 0.00483407115448399 -0.0027936178905762794 262.8919321180716 -0.004816278399541947 0.9999682965533777 0.00634108433268776 0.3311453409561707 0.0028241825761213986 -0.006327530656546702 0.9999759928861128 3.8062366543928676
0.9999852866852648 0.005291740535962944 -0.0011932707525217762 264.463441156894 -0.005287945957824639 0.999981022596363 0.003161024308541527 0.33092558716286974 0.0012099754278097309 -0.003154667848143602 0.9999942919988254 3.8267711155248008
0.9999838359773188 0.00565487793799223 0.0005917259443913107 266.00797300255954 -0.005655346551754495 0.9999836937398976 0.0007932904198051006 0.32452616653843186 -0.0005872303350607757 -0.0007966240123199592 0.9999995102752385 3.839693043506603
0.9999831549337366 0.005802762234556682 0.0001334137167006132 267.54636669021875 -0.005802873266278253 0.9999828040695123 0.0008474828203668838 0.3145854958652023 -0.00012849368122315417 -0.0008482427273526145 0.999999631986757 3.869393832460096
0.999981480047633 0.0060003229745884965 -0.001017686565637163 269.0406567117844 -0.005999354759693356 0.999981550751457 0.0009517873600103637 0.3116612787076835 0.0010233788216479677 -0.0009456642702123615 0.9999990292069665 3.8968191586396106
0.9999758395536795 0.006776920261449595 -0.001547145980026208 270.60711940111497 -0.006774903745351173 0.9999761986489348 0.001304919486892644 0.31253802437077904 0.0015559524911718714 -0.001294406194360744 0.999997951760127 3.917562047545333
0.9999680975361032 0.007838628698980537 -0.0015361673560979297 272.13744418503387 -0.007832193935834685 0.9999607121009279 0.004151023097593626 0.31920152972261884 0.001568645332092814 -0.004138859109078264 0.9999902045505733 3.94174842275589
0.999959893276764 0.00877499463187433 -0.001792012034888792 273.63353902443606 -0.00876589006133153 0.9999489438170798 0.005026821116698572 0.31019389189687835 0.001836030869908966 -0.005010910926888869 0.9999857597797718 3.9644535633624676
0.9999518159953574 0.009602794586270374 -0.0020376515208765152 275.182018534662 -0.009590184663149858 0.9999353428118075 0.006110528124433384 0.30991481246630753 0.002096197918451221 -0.006090692240353515 0.9999792544959719 3.9869751590737694
0.9999410918294585 0.010648757884377294 -0.0021016247120701132 276.7291313750097 -0.010634990522394043 0.9999226007485306 0.006456739802966587 0.29149935679095573 0.0021702183067747426 -0.006434008689342637 0.9999769465766131 4.0123968466433215
0.9999304188495772 0.01144428609687099 -0.0028610793491050533 278.3279908854757 -0.011422200093054032 0.9999057287457871 0.007620168396478635 0.29860857180793077 0.0029480170188020466 -0.007586958355587611 0.9999668730805874 4.042883967267792
0.9999165866512886 0.012420618077071044 -0.0035423136817076422 279.8248688766317 -0.012395534298083094 0.9998985486407893 0.0070173467570160694 0.2862891938763097 0.003629114093153152 -0.006972852545887823 0.9999691039518532 4.067189715355687
0.9999067785816041 0.01331916823994753 -0.0030056453474350915 281.3693173272578 -0.01329286171945595 0.99987458551806 0.008608894377043971 0.262733937400068 0.0031199317085487347 -0.008568138215718144 0.999958425652612 4.109856128086077
0.9998971531666738 0.014223640477514288 -0.001836066651181197 282.9864969762625 -0.014214164338836882 0.9998860949162285 0.005074911361147919 0.2369865745246974 0.0019080412285117046 -0.005048291269468067 0.9999854369609233 4.119173064630384
0.9998968023568254 0.014288984352902375 -0.0014864598070910245 284.51759710203675 -0.01428279027416695 0.9998896007467724 0.0040973430957759235 0.22521774326846786 0.0015448425744223832 -0.0040756894659495025 0.9999905010632839 4.14717439306593
0.9998848078891018 0.014548624727606548 -0.0043253290174423975 286.1030337662309 -0.014534694868329283 0.9998891335014488 0.0032347103126029535 0.21253122210555628 0.004371910069799731 -0.003171470362020245 0.9999854139826662 4.175872078424459
0.9998765025233629 0.014290600429627594 -0.0065389938834722345 287.59726308761344 -0.01427676185727053 0.9998957528512974 0.002158124372713668 0.18570595306388454 0.00656915310509239 -0.0020645021913388876 0.9999762917480512 4.194241718473561
0.9998861049793425 0.013684725692725507 -0.00636438150601945 289.10729812980225 -0.013662510765904405 0.9999004642740805 0.003520986232517521 0.15998178054880957 0.006411931753446087 -0.0034336317788735203 0.999973548302152 4.232861768620203
0.9998969786931273 0.012891696836927372 -0.0063115887873331925 290.697424965592 -0.012877851334569932 0.9999145916843235 0.002229412877281462 0.15811810922888148 0.0063397906401038776 -0.0021479034981650704 0.9999775965316434 4.264674094827132
0.9999081035825943 0.011736653829086828 -0.006784935280157132 292.2389624912854 -0.011721259399524366 0.9999286487234498 0.0023042439507639876 0.1516267264483408 0.006811495279951467 -0.0022245042125723776 0.9999743272269841 4.294218555359673
0.999908831539088 0.011446829180495468 -0.007162311906651323 293.81182723134424 -0.011434381499976429 0.9999330472692081 0.001776484908107819 0.12795579436509957 0.007182167489595228 -0.0016944263419504386 0.9999727723240883 4.324691501023947
0.9999165559010011 0.010921624580888334 -0.0068992283332228845 295.33794565672423 -0.010903480069346366 0.9999370116999089 0.0026620959850364953 0.11050780972320305 0.006927868175505093 -0.00258664825021041 0.9999726565728547 4.348848522925153
0.9999273577426918 0.009972260214087337 -0.006770026878920637 296.88216014343067 -0.009958027359093947 0.9999481430879099 0.0021327977297681696 0.10573358278951363 0.0067909446201771945 -0.0020652266856446043 0.9999748086376489 4.3853696491537155
0.9999449917362682 0.008948881279459753 -0.005470925461085277 298.48414979383216 -0.008940868410915341 0.9999589235089743 0.001487335480672129 0.08584069752835921 0.005484010723303935 -0.0014383388402962607 0.9999839282747335 4.409956491708544
0.999956926753111 0.008229553694497387 -0.0042917460855535555 299.98429646364144 -0.008219504583208723 0.9999634487757526 0.0023539024851316074 0.09314414655230217 0.004310960783872971 -0.0023185250682885373 0.9999880199575532 4.439604103324448
0.9999503551021123 0.009062206138033616 -0.004142915769281434 301.64195381891625 -0.009049910935907322 0.9999546174358939 0.00297694149879803 0.07731798870243471 0.004169705410663923 -0.0029393006901143417 0.999986986949451 4.463846342753194
0.9999408455763776 0.01001660780186642 -0.004239447622342774 303.2145028240092 -0.010001747774642272 0.9999438139192766 0.0035119860511960434 0.0826459315799141 0.004274387611276898 -0.0034693764158629354 0.9999848464041011 4.487607260812155
0.9999324529079172 0.010711568651732582 -0.004511310073054925 304.866525939925 -0.010696817392157018 0.9999374033856636 0.003281372885789993 0.05263850577336743 0.004546176331256203 -0.0032328945785426513 0.9999844402156511 4.52351627748019
0.9999294128543497 0.010641370211460503 -0.005284936024045398 306.4360882875958 -0.010636558656477819 0.9999429905414446 0.0009377030339055686 0.046137295340511426 0.005294613177836366 -0.0008814233121094459 0.9999855949783687 4.549301123441485
0.999910497072728 0.011358827442550826 -0.007069291541620797 308.01996663281557 -0.011362590911214212 0.9999353224276938 -0.0004924319329839968 0.02915496951224201 0.007063240867651992 0.0005727133267040565 0.9999748909987145 4.574131920379769
0.9998939205420655 0.011789063988118628 -0.008553691209149554 309.6585572098365 -0.011793223736701592 0.9999303624498808 -0.00043603296457773083 0.0002900491576141876 0.008547955130528938 0.0005368623046413651 0.999963321448318 4.6064859269622325
0.9999102660450948 0.009527674324919876 -0.00941718002302983 311.2380314593373 -0.00952920621537514 0.9999545891435442 -0.00011781201409180735 -0.0030165552783211697 0.009415629906317755 0.00020753969276060996 0.9999556504369298 4.643592293245699
0.9999332112299086 0.007269988870268247 -0.00898444997031366 312.8278894271663 -0.007266610943479214 0.9999735143705129 0.0004085619684248628 -0.00989091616721832 0.008987182252463862 -0.0003432481785980629 0.9999595555500478 4.670456326598851
0.9999599485481538 0.006855834744456311 -0.005753158222255505 314.456828689549 -0.006843661397812357 0.9999743070444459 0.0021329673350601406 -0.015268666235898249 0.0057676336781815 -0.002093509239780474 0.9999811756332303 4.705788179213376
0.9999684714287543 0.007453003513137582 -0.002740234857388678 316.06471691452714 -0.007450645146794542 0.9999718652304678 0.0008698473405603391 -0.030601278240264755 0.0027466407367975907 -0.0008494033979752092 0.9999958672307253 4.730785653407935
0.9999702447528251 0.007446753702335103 -0.0020138193245203754 317.7196732565325 -0.007446780618300129 0.9999722723275851 -5.867613911352941e-06 -0.030600444413678214 0.002013719791322224 2.0863910033647272e-05 0.9999979722465938 4.757492568567752
0.9999640764466596 0.007850090810449743 -0.003197169130126891 319.34265010160055 -0.007853050117348867 0.9999687465219097 -0.0009141024314170764 -0.025554670037831302 0.0031898934203748552 0.0009391771230221501 0.9999944712478656 4.787494939163604
0.9999602614729939 0.008268690676020696 -0.0033323009116867364 320.97603041267143 -0.008274050271805666 0.9999644929121825 -0.001597813187305589 -0.05879344314665442 0.0033189707683817338 0.0016253213178271742 0.9999931713585111 4.810874977873297
0.9999591659516543 0.00847023389391208 -0.0031498519099024125 322.6042487984712 -0.008475502377882405 0.9999626993776618 -0.001663043229301518 -0.056355641370135046 0.003135648053338029 0.0016896718978662469 0.9999936563399605 4.836356850357892
0.9999536164504307 0.009159703018889291 -0.00297737943680461 324.2281539258064 -0.009164410890864729 0.999956771148559 -0.0015714347495719907 -0.06617547642869409 0.0029628568524916097 0.0015986477893872777 0.9999943328862005 4.876556139106499
0.9999488344408978 0.009531563982870014 -0.0033878884766999177 325.845305405217 -0.009533397463039047 0.9999544180787677 -0.000525449869033137 -0.0834857477802776 0.003382725691187748 0.0005577210715056378 0.999994123039783 4.895257849882194
0.9999368554099132 0.010363617595078587 -0.004345183917547978 327.45616259122625 -0.010363778718736413 0.9999462944971149 -1.4565642037395762e-05 -0.07141344403953913 0.004344799604516457 5.959724690957942e-05 0.9999905595377212 4.9261085804862645
0.9999329087247234 0.01118118824331831 -0.003026396996665329 329.0855714135438 -0.011183014123869588 0.9999372958063665 -0.0005870694647437553 -0.08334801422515767 0.003019643094684834 0.0006208743178628346 0.999995248124041 4.958314286278003
0.999935242130586 0.011231505442679241 -0.0018343474963311865 330.7339396506411 -0.011235590102925908 0.9999343880276791 -0.0022318500733403968 -0.09255152553120069 0.0018091601049280636 0.0022523155200599014 0.9999958269985494 4.985987178343003
0.9999323753402316 0.011204319499090093 -0.0031157617053570925 332.30751848544753 -0.011212086584874775 0.999934050683916 -0.0024866437760357046 -0.10844309250152345 0.0030876950716564157 0.0025214098076146853 0.999992054284296 5.0137879406129375
0.9999308238573187 0.01141335573771552 -0.002843028460662153 333.9590990837163 -0.011418270370201157 0.9999333327600172 -0.0017184694345874635 -0.12859019204117136 0.002823225420820151 0.0017508130251346805 0.999994482010763 5.0555828407322
0.9999285632544396 0.01114103211569389 -0.004329641013927149 335.57513955542026 -0.011141141182806616 0.9999379355600003 -1.0721822107767734e-06 -0.139238249636817 0.004329360351965775 4.930924742460133e-05 0.9999906270598445 5.070029954489887
0.9999110657658159 0.010651573515285472 -0.008025243966303466 337.1599101774572 -0.010639674811755167 0.9999422358585448 0.0015238983280449199 -0.11847839142938571 0.008041012310046777 -0.0014383768152276717 0.9999666360400066 5.09871380065986
0.9999290963643216 0.009643906600567275 -0.006985507104773391 338.79635880458017 -0.00962587750983071 0.9999502640372232 0.0026099682092430364 -0.13544998339054484 0.00701032996349244 -0.0025425415172733953 0.9999721949916587 5.14224460121195
0.9999528448909827 0.00885082046986432 -0.003996369782766037 340.40390672263175 -0.008839348283544024 0.9999567869952772 0.0028792471245039477 -0.15584130163451734 0.004021680787007098 -0.0028437860489122033 0.9999878694087022 5.178816714793136
0.9999687660485188 0.007804379463321351 -0.0012484344576663192 342.0241030540611 -0.0077992106949261305 0.9999612097594675 0.00409283384937816 -0.15483288361936895 0.0012803280590342903 -0.004082969210630142 0.9999908450193363 5.200969672362525
0.9999766951001318 0.006445526226546152 -0.002250432909685248 343.6168302760877 -0.006434453038959503 0.9999673251116867 0.00489351847525069 -0.15512848484106623 0.0022819006787135844 -0.0048789241274179215 0.9999854944091197 5.228213403903462
0.9999802093275714 0.0051211000722356115 -0.0036544886423023662 345.21684339984915 -0.005103852531565571 0.9999758671182442 0.00471337145277364 -0.15127779348840298 0.0036785380958473555 -0.004694626200874591 0.9999822142629895 5.258644754905109
0.9999914666484105 0.003007075546098313 -0.002832689008843068 346.8229929315606 -0.0029972311137570146 0.9999894768484774 0.003473153892242214 -0.16905269688937288 0.0028431032361646096 -0.0034646340309660256 0.999989956487074 5.283739854678992
0.9999960124803906 0.0020478934743210836 -0.0019445193843762058 348.40982107299226 -0.002044733195847889 0.9999965878771412 0.0016258229401949738 -0.1570412783726934 0.0019478422616267916 -0.0016218404338589146 0.9999967877669063 5.324649594715564
0.9999949580848181 0.0017488377761390877 -0.0026505417135972717 350.0228400421333 -0.0017452416032636585 0.9999975543354579 0.0013584751926575052 -0.15244709089549882 0.002652910983996253 -0.0013538425076710515 0.9999955645770512 5.346366938371982
0.9999925926684626 0.0013893862957573373 -0.003589458723449754 351.6014465107914 -0.0013851327904121139 0.9999983359643637 0.0011872133998579323 -0.15403194071635168 0.003591102248490424 -0.0011822327287969929 0.9999928531296691 5.379586957861689
0.9999930014188895 0.001514418728695417 -0.003421059653824323 353.2048065407587 -0.0015114131614307174 0.9999984697658932 0.0008809631816100406 -0.14543308335791327 0.0034223885659436805 -0.0008757863815309291 0.9999937601078907 5.399881683756547
0.9999916337938848 0.0018086231953328151 -0.0036689541254132773 354.79441522844866 -0.0018065464442565985 0.999998206159954 0.0005692686700396391 -0.14101202781589708 0.0036699771364174503 -0.0005626357713912046 0.9999931073306491 5.430530536039051
0.9999906802229552 0.0015015038295091109 -0.004047833183465844 356.38131210771945 -0.001501555102462917 0.9999988726191548 -9.6277588331207e-06 -0.1245798084442991 0.004047814163899491 1.5705713675106787e-05 0.9999918074433535 5.462212604898183
0.9999880919444006 0.001765060244402662 -0.004549783701524964 357.99363563023326 -0.0017648614640652217 0.9999984414929282 4.770458581004223e-05 -0.13892505645930298 0.004549860812122779 -3.9674279816528624e-05 0.9999896485426946 5.493530347108446
0.9999881234970255 0.0016602465720960227 -0.004582187929093359 359.5670411431654 -0.0016637143350317234 0.999998332458169 -0.0007530839877062119 -0.13504075851149325 0.004580929982994221 0.0007606984954454339 0.9999892181510208 5.523234383402766
0.9999835980951541 0.0016559756669168495 -0.0054828172739945944 361.19172344914216 -0.0016593156556286833 0.9999984405150265 -0.0006046809656114008 -0.12908414829303544 0.005481807386658142 0.0006137687722314312 0.9999847864221085 5.548321002807751
0.9999785454843579 0.0016331219757752511 -0.006343617548400231 362.75221826039217 -0.0016438939324630638 0.9999972152800382 -0.0016932350421723556 -0.13494166791381773 0.006340834623844288 0.001703626949032339 0.9999784455034477 5.589982870430135
0.9999832126277532 0.0015302013384828899 -0.005588644427901161 364.3554817965228 -0.0015485870645970334 0.9999933987584066 -0.003286992198616959 -0.12882990981344244 0.005583577776047206 0.0032955915211250286 0.9999789811469764 5.611674089240027
0.9999888800154875 0.0017606244795079413 -0.004374933921030319 365.97546098939216 -0.0017891896181546684 0.9999770528188161 -0.0065339602313533455 -0.11051560281096247 0.004363329678297514 0.006541715160168387 0.999969083180516 5.649919959743973
0.9999874753715021 0.0016582953909484843 -0.004722198272586634 367.514839820945 -0.0016886445569168596 0.999977900280186 -0.0064301967925441544 -0.11812500087386592 0.004711430747623936 0.006438090371127846 0.9999681761999646 5.679827571649572
0.9999790370992232 0.00240479188015071 -0.006011849808793868 369.14975743249653 -0.002436034170034996 0.9999835393704508 -0.005194874942532722 -0.12419719924477904 0.0059992582568810585 0.0052094111144440946 0.9999684349699284 5.717529253466424
0.999985962123172 0.0021671886520887567 -0.004835168036424775 370.73755452217745 -0.0021818778857206505 0.999993014690078 -0.0030347948763585686 -0.10770086181100902 0.004828557288260053 0.0030453020204943143 0.9999837054523029 5.739406407171951
0.9999877483985322 0.002489175404807743 -0.004278674869386004 372.3665496095686 -0.002500371759135048 0.9999934590500738 -0.0026134265121845043 -0.10938563114007789 0.00427214160579153 0.0026240927713343455 0.9999874313926288 5.768955963880784
0.9999867530222504 0.002789187630164503 -0.004325992646849946 373.94376516066427 -0.002797828629147234 0.999994100640306 -0.0019926965517369794 -0.09669298217901041 0.004320409121690513 0.002004773540606934 0.9999886574097089 5.7991354598865374
0.9999826767435072 0.0032604076039164003 -0.004900607630382913 375.5411850296577 -0.0032691675389091403 0.9999930710262336 -0.001780573818969226 -0.09639667173721704 0.004894768277782501 0.0017965638810184335 0.9999864067084754 5.83176871163927
0.9999786866954943 0.0036277520287802826 -0.005428219779263272 377.1855090387195 -0.0036369964392219604 0.999991951062947 -0.0016941269791501856 -0.09770419982852017 0.005422030215278336 0.0017138332877145023 0.999983832051202 5.856227706875083
0.9999785963548679 0.0034491079466066883 -0.005559720003828858 378.78636591864137 -0.003455263094841821 0.9999934278954146 -0.0010978719978632996 -0.09632037026898568 0.00555589678573534 0.0011170587947475405 0.9999839419663475 5.886416469256191
0.9999766372427313 0.004220837602157275 -0.005376755402177764 380.39603913968955 -0.0042234249768631155 0.9999909708727578 -0.00046995151239698365 -0.09147895683686179 0.005374723265754372 0.0004926488560939128 0.9999854347173868 5.915173355257732
0.9999778280148076 0.004510000228588149 -0.00489932410912219 381.99422331910347 -0.004504600451014973 0.999989235263603 0.0011126237870064263 -0.10038213048911095 0.004904289302723362 -0.0010905296203366757 0.9999873792661497 5.949734172234738
0.9999742025575689 0.004769947536835397 -0.005370458067074981 383.6113542020227 -0.00476197797868505 0.9999875430369081 0.0014957729568622086 -0.0980756189788858 0.005377525926008302 -0.0014701603666946012 0.9999844603009644 5.977390645282004
0.9999676236420577 0.0054824387400346335 -0.005890206542883975 385.2475895677204 -0.005468046241668003 0.9999820321544796 0.0024567943536925553 -0.08861123163671386 0.0059035699331037115 -0.0024245068898897043 0.9999796346068183 6.004499379718053
0.9999668241124238 0.005564437481374842 -0.005948757015455426 386.86541536754794 -0.005539837445701515 0.9999760691331744 0.00414383421969408 -0.09152845822892071 0.005971672762992179 -0.004110741597446272 0.9999737201186494 6.044626536173056
0.9999683028139033 0.005704104705539101 -0.005554867864316414 388.48223812818225 -0.005675194699763751 0.9999703424737059 0.0052063747597627455 -0.08541456235303815 0.005584400827442631 -0.0051746847756716395 0.999971018132461 6.06891228484944
0.9999694137546034 0.006382076207152217 -0.004521134654142078 390.1064233701407 -0.00635286269144001 0.9999590397362089 0.00644670345701287 -0.1060041922837154 0.004562092820021577 -0.00641778412889166 0.9999689991974633 6.101769033165223
0.9999658207664358 0.006669483168391117 -0.004886235071588539 391.6808185768374 -0.006636548011224702 0.9999553583578228 0.006725884475131415 -0.09966957991714347 0.004930875115330312 -0.006693226855908286 0.9999654429953329 6.1271315600323275
0.9999673582934253 0.006565721296977867 -0.004708890688759245 393.3319232646112 -0.006531352495648189 0.9999521899064095 0.0072773165351837305 -0.10079102841838009 0.004756446388414614 -0.0072463235662009766 0.9999624328006168 6.160274462339812
