0 0.000032 0.006824 100.000000 12.195122
0 0.000012 0.006082 200.000000 15.384615
0 0.000012 0.005897 300.000000 17.543859
0 0.000016 0.005397 400.000000 19.138756
0 0.000011 0.005235 500.000000 20.325203
0 0.000011 0.005283 600.000000 21.126760
0 0.000010 0.005322 700.000000 21.806854
0 0.000010 0.005469 800.000000 22.284122
10 0.000032 0.008022 100.000000 12.987013
10 0.000013 0.007494 200.000000 16.129032
10 0.000007 0.007193 300.000000 18.181818
10 0.000011 0.006574 400.000000 19.704433
10 0.000009 0.006327 500.000000 20.833334
10 0.000009 0.006365 600.000000 21.582733
10 0.000008 0.006364 700.000000 22.222221
10 0.000007 0.006484 800.000000 22.662889
20 0.000029 0.008589 100.000000 13.888889
20 0.000014 0.007672 200.000000 16.949152
20 0.000008 0.007320 300.000000 18.867924
20 0.000013 0.006733 400.000000 20.304569
20 0.000009 0.006472 500.000000 21.367521
20 0.000010 0.006449 600.000000 22.140221
20 0.000009 0.006464 700.000000 22.653721
20 0.000008 0.006586 800.000000 23.121387
30 0.000007 0.007083 100.000000 14.925373
30 0.000007 0.005838 200.000000 17.857143
30 0.000008 0.005370 300.000000 19.607843
30 0.000014 0.004712 400.000000 21.052631
30 0.000012 0.004502 500.000000 22.026432
30 0.000011 0.004482 600.000000 22.641510
30 0.000010 0.004413 700.000000 23.178808
30 0.000008 0.004557 800.000000 23.529411
40 0.000017 0.005487 100.000000 16.129032
40 0.000014 0.004455 200.000000 18.867924
40 0.000015 0.004057 300.000000 20.408163
40 0.000016 0.003479 400.000000 21.739130
40 0.000015 0.003342 500.000000 22.624434
40 0.000014 0.003347 600.000000 23.166023
40 0.000011 0.003336 700.000000 23.648649
40 0.000009 0.003523 800.000000 23.952095
50 0.000034 0.004097 100.000000 17.241379
50 0.000018 0.003516 200.000000 19.801981
50 0.000017 0.002989 300.000000 21.276596
50 0.000018 0.002540 400.000000 22.471910
50 0.000016 0.002584 500.000000 23.148148
50 0.000015 0.002571 600.000000 23.715416
50 0.000012 0.002629 700.000000 24.054983
50 0.000009 0.002838 800.000000 24.316109
60 0.000035 0.003055 100.000000 18.518518
60 0.000020 0.003041 200.000000 20.618557
60 0.000023 0.002438 300.000000 21.897810
60 0.000018 0.002160 400.000000 22.988506
60 0.000015 0.002319 500.000000 23.696682
60 0.000014 0.002273 600.000000 24.096386
60 0.000012 0.002406 700.000000 24.475525
60 0.000011 0.002693 800.000000 24.691359
70 0.000041 0.003350 100.000000 19.230770
70 0.000019 0.003314 200.000000 21.276596
70 0.000020 0.002762 300.000000 22.556391
70 0.000018 0.002592 400.000000 23.529411
70 0.000015 0.002629 500.000000 24.154589
70 0.000014 0.002581 600.000000 24.489796
70 0.000012 0.002716 700.000000 24.822695
70 0.000010 0.003049 800.000000 25.000000
80 0.000028 0.003641 100.000000 20.408163
80 0.000018 0.003648 200.000000 21.978022
80 0.000023 0.003015 300.000000 23.255814
80 0.000015 0.002880 400.000000 24.096386
80 0.000014 0.002992 500.000000 24.509804
80 0.000013 0.003034 600.000000 24.896265
80 0.000012 0.003205 700.000000 25.089605
80 0.000010 0.003575 800.000000 25.316456
90 0.000020 0.003675 100.000000 21.276596
90 0.000018 0.003780 200.000000 22.471910
90 0.000016 0.003061 300.000000 23.809525
90 0.000017 0.002995 400.000000 24.539877
90 0.000015 0.003134 500.000000 24.875622
90 0.000012 0.003164 600.000000 25.210085
90 0.000011 0.003411 700.000000 25.362318
90 0.000009 0.003753 800.000000 25.477707
100 0.000020 0.004894 100.000000 21.739130
100 0.000011 0.004464 200.000000 23.255814
100 0.000016 0.003995 300.000000 24.390244
100 0.000015 0.003978 400.000000 24.844721
100 0.000012 0.004017 500.000000 25.252525
100 0.000011 0.004066 600.000000 25.423729
100 0.000009 0.004295 700.000000 25.547445
100 0.000009 0.004654 800.000000 25.723473
110 0.000015 0.005649 100.000000 22.222221
110 0.000016 0.004773 200.000000 23.809525
110 0.000015 0.004297 300.000000 24.793388
110 0.000013 0.004329 400.000000 25.157232
110 0.000012 0.004349 500.000000 25.510204
110 0.000011 0.004395 600.000000 25.641026
110 0.000010 0.004675 700.000000 25.830257
110 0.000009 0.005121 800.000000 25.889967
120 0.000010 0.005659 100.000000 22.727272
120 0.000018 0.004672 200.000000 24.096386
120 0.000016 0.004381 300.000000 25.210085
120 0.000012 0.004561 400.000000 25.477707
120 0.000012 0.004518 500.000000 25.773195
120 0.000011 0.004687 600.000000 25.862068
120 0.000010 0.005029 700.000000 25.925926
120 0.000006 0.005469 800.000000 25.974026
130 0.000021 0.005482 100.000000 23.255814
130 0.000023 0.004388 200.000000 24.691359
130 0.000013 0.004410 300.000000 25.423729
130 0.000014 0.004518 400.000000 25.641026
130 0.000012 0.004570 500.000000 25.906736
130 0.000010 0.004779 600.000000 25.974026
130 0.000008 0.005125 700.000000 26.119404
130 0.000007 0.005587 800.000000 26.143791
140 0.000015 0.004988 100.000000 23.809525
140 0.000022 0.004002 200.000000 25.000000
140 0.000016 0.004109 300.000000 25.641026
140 0.000014 0.004179 400.000000 25.974026
140 0.000012 0.004161 500.000000 26.041666
140 0.000009 0.004396 600.000000 26.086956
140 0.000008 0.004825 700.000000 26.217228
140 0.000006 0.005357 800.000000 26.229507
150 0.000027 0.004861 100.000000 23.809525
150 0.000020 0.004008 200.000000 25.641026
150 0.000015 0.004166 300.000000 25.862068
150 0.000014 0.004301 400.000000 26.143791
150 0.000011 0.004332 500.000000 26.178011
150 0.000008 0.004636 600.000000 26.200872
150 0.000008 0.005081 700.000000 26.315790
150 0.000005 0.005626 800.000000 26.315790
160 0.000035 0.004003 100.000000 25.000000
160 0.000020 0.003908 200.000000 25.974026
160 0.000015 0.004238 300.000000 26.086956
160 0.000014 0.004254 400.000000 26.315790
160 0.000011 0.004391 500.000000 26.315790
160 0.000009 0.004840 600.000000 26.315790
160 0.000007 0.005285 700.000000 26.415094
160 0.000006 0.005845 800.000000 26.402639
170 0.000044 0.004413 100.000000 25.641026
170 0.000013 0.004630 200.000000 26.315790
170 0.000013 0.005015 300.000000 26.315790
170 0.000011 0.005140 400.000000 26.315790
170 0.000010 0.005272 500.000000 26.455027
170 0.000008 0.005706 600.000000 26.431719
170 0.000005 0.006335 700.000000 26.415094
170 0.000005 0.006875 800.000000 26.490067
180 0.000024 0.004525 100.000000 25.641026
180 0.000015 0.004979 200.000000 26.315790
180 0.000014 0.005112 300.000000 26.548672
180 0.000011 0.005245 400.000000 26.490067
180 0.000009 0.005575 500.000000 26.455027
180 0.000009 0.006023 600.000000 26.548672
180 0.000007 0.006650 700.000000 26.515152
180 0.000005 0.007203 800.000000 26.490067
190 0.000025 0.005262 100.000000 26.315790
190 0.000015 0.005815 200.000000 26.315790
190 0.000013 0.005999 300.000000 26.548672
190 0.000009 0.006062 400.000000 26.490067
190 0.000007 0.006438 500.000000 26.455027
190 0.000007 0.006936 600.000000 26.548672
190 0.000005 0.007546 700.000000 26.515152
190 0.000006 0.008061 800.000000 26.490067
200 0.000000 0.007333 100.000000 26.315790
200 0.000005 0.007761 200.000000 26.315790
200 0.000008 0.007706 300.000000 26.548672
200 0.000007 0.007855 400.000000 26.490067
200 0.000008 0.008240 500.000000 26.455027
200 0.000007 0.008902 600.000000 26.431719
200 0.000007 0.009505 700.000000 26.515152
200 0.000007 0.009991 800.000000 26.402639
210 0.000005 0.008791 100.000000 25.641026
210 0.000008 0.008523 200.000000 26.315790
210 0.000008 0.008514 300.000000 26.315790
210 0.000006 0.008636 400.000000 26.490067
210 0.000008 0.009031 500.000000 26.455027
210 0.000008 0.009735 600.000000 26.431719
210 0.000007 0.010361 700.000000 26.415094
210 0.000008 0.010723 800.000000 26.402639
220 0.000013 0.007581 100.000000 25.641026
220 0.000012 0.007342 200.000000 26.315790
220 0.000011 0.007311 300.000000 26.315790
220 0.000007 0.007547 400.000000 26.315790
220 0.000010 0.008075 500.000000 26.455027
220 0.000008 0.008774 600.000000 26.431719
220 0.000008 0.009324 700.000000 26.415094
220 0.000008 0.009809 800.000000 26.315790
230 0.000013 0.008338 100.000000 25.641026
230 0.000010 0.008130 200.000000 26.315790
230 0.000009 0.008074 300.000000 26.315790
230 0.000010 0.008554 400.000000 26.315790
230 0.000009 0.009149 500.000000 26.455027
230 0.000008 0.009782 600.000000 26.431719
230 0.000009 0.010304 700.000000 26.415094
230 0.000007 0.010799 800.000000 26.315790
240 0.000014 0.007965 100.000000 25.641026
240 0.000014 0.007877 200.000000 25.974026
240 0.000011 0.007890 300.000000 26.315790
240 0.000014 0.008315 400.000000 26.315790
240 0.000010 0.009130 500.000000 26.315790
240 0.000009 0.009741 600.000000 26.431719
240 0.000008 0.010218 700.000000 26.315790
240 0.000009 0.010721 800.000000 26.229507
250 0.000020 0.007831 100.000000 25.641026
250 0.000011 0.007738 200.000000 25.974026
250 0.000009 0.007916 300.000000 26.315790
250 0.000011 0.008469 400.000000 26.315790
250 0.000009 0.009269 500.000000 26.315790
250 0.000009 0.009965 600.000000 26.315790
250 0.000008 0.010370 700.000000 26.315790
250 0.000006 0.010804 800.000000 26.229507
260 0.000018 0.009479 100.000000 25.641026
260 0.000012 0.009259 200.000000 25.974026
260 0.000009 0.009507 300.000000 26.315790
260 0.000012 0.010163 400.000000 26.315790
260 0.000011 0.010948 500.000000 26.315790
260 0.000010 0.011562 600.000000 26.315790
260 0.000010 0.012049 700.000000 26.315790
260 0.000008 0.012480 800.000000 26.143791
270 0.000016 0.008061 100.000000 25.641026
270 0.000014 0.008151 200.000000 25.974026
270 0.000015 0.008720 300.000000 26.315790
270 0.000011 0.009497 400.000000 26.315790
270 0.000010 0.010230 500.000000 26.315790
270 0.000011 0.010766 600.000000 26.315790
270 0.000008 0.011304 700.000000 26.217228
270 0.000008 0.011635 800.000000 26.143791
280 0.000021 0.008294 100.000000 25.641026
280 0.000013 0.008635 200.000000 25.974026
280 0.000016 0.009064 300.000000 26.315790
280 0.000014 0.010045 400.000000 26.315790
280 0.000011 0.010852 500.000000 26.315790
280 0.000009 0.011251 600.000000 26.315790
280 0.000010 0.011758 700.000000 26.217228
280 0.000008 0.012119 800.000000 26.058632
290 0.000005 0.009630 100.000000 25.641026
290 0.000003 0.009978 200.000000 25.974026
290 0.000011 0.010699 300.000000 26.315790
290 0.000010 0.011628 400.000000 26.315790
290 0.000010 0.012427 500.000000 26.315790
290 0.000010 0.012881 600.000000 26.200872
290 0.000008 0.013325 700.000000 26.119404
290 0.000007 0.013561 800.000000 26.058632
300 0.000008 0.008994 100.000000 25.641026
300 0.000009 0.009778 200.000000 25.974026
300 0.000012 0.010475 300.000000 26.315790
300 0.000009 0.011322 400.000000 26.315790
300 0.000011 0.011975 500.000000 26.315790
300 0.000010 0.012527 600.000000 26.200872
300 0.000007 0.012888 700.000000 26.119404
300 0.000008 0.013060 800.000000 26.058632
310 0.000000 0.009096 100.000000 25.641026
310 0.000014 0.009976 200.000000 25.974026
310 0.000012 0.010926 300.000000 26.086956
310 0.000009 0.011661 400.000000 26.315790
310 0.000009 0.012281 500.000000 26.178011
310 0.000008 0.012753 600.000000 26.200872
310 0.000007 0.013090 700.000000 26.022305
310 0.000008 0.013203 800.000000 26.058632
320 0.000007 0.009668 100.000000 25.641026
320 0.000013 0.010447 200.000000 25.974026
320 0.000012 0.011627 300.000000 26.086956
320 0.000011 0.012307 400.000000 26.315790
320 0.000011 0.012760 500.000000 26.178011
320 0.000008 0.013210 600.000000 26.086956
320 0.000008 0.013495 700.000000 26.022305
320 0.000008 0.013567 800.000000 26.058632
330 0.000015 0.010192 100.000000 25.641026
330 0.000018 0.011101 200.000000 25.974026
330 0.000012 0.012062 300.000000 26.086956
330 0.000009 0.012728 400.000000 26.143791
330 0.000012 0.013071 500.000000 26.178011
330 0.000009 0.013453 600.000000 26.086956
330 0.000007 0.013635 700.000000 26.022305
330 0.000009 0.013752 800.000000 26.058632
340 0.000027 0.011179 100.000000 25.641026
340 0.000017 0.011963 200.000000 25.974026
340 0.000013 0.012914 300.000000 26.086956
340 0.000011 0.013372 400.000000 26.143791
340 0.000011 0.013789 500.000000 26.178011
340 0.000010 0.014135 600.000000 25.974026
340 0.000009 0.014190 700.000000 26.022305
340 0.000008 0.014246 800.000000 26.058632
350 0.000019 0.011497 100.000000 25.641026
350 0.000013 0.012717 200.000000 25.974026
350 0.000015 0.013490 300.000000 26.086956
350 0.000012 0.013866 400.000000 26.143791
350 0.000011 0.014324 500.000000 26.041666
350 0.000008 0.014539 600.000000 25.974026
350 0.000009 0.014624 700.000000 25.925926
350 0.000008 0.014482 800.000000 26.143791
360 0.000020 0.011324 100.000000 25.641026
360 0.000017 0.012698 200.000000 25.974026
360 0.000013 0.013454 300.000000 26.086956
360 0.000012 0.013641 400.000000 26.143791
360 0.000011 0.014079 500.000000 26.041666
360 0.000009 0.014304 600.000000 25.862068
360 0.000008 0.014242 700.000000 26.022305
360 0.000007 0.014016 800.000000 26.143791
370 0.000039 0.012589 100.000000 25.641026
370 0.000020 0.013597 200.000000 25.974026
370 0.000017 0.014101 300.000000 26.086956
370 0.000016 0.014512 400.000000 25.974026
370 0.000011 0.014790 500.000000 25.906736
370 0.000009 0.014803 600.000000 25.862068
370 0.000009 0.014786 700.000000 26.022305
370 0.000012 0.014421 800.000000 26.143791
380 0.000012 0.012780 100.000000 25.641026
380 0.000016 0.013327 200.000000 25.974026
380 0.000013 0.013685 300.000000 26.086956
380 0.000009 0.014106 400.000000 25.974026
380 0.000007 0.014243 500.000000 25.906736
380 0.000008 0.014304 600.000000 25.862068
380 0.000006 0.014156 700.000000 26.022305
380 0.000009 0.013722 800.000000 26.143791
390 0.000038 0.014262 100.000000 25.641026
390 0.000017 0.014865 200.000000 25.974026
390 0.000014 0.014992 300.000000 26.086956
390 0.000009 0.015403 400.000000 25.974026
390 0.000009 0.015571 500.000000 25.773195
390 0.000007 0.015462 600.000000 25.862068
390 0.000006 0.015215 700.000000 26.022305
390 0.000010 0.014723 800.000000 26.143791
400 0.000018 0.013315 100.000000 25.641026
400 0.000012 0.013907 200.000000 25.974026
400 0.000011 0.013970 300.000000 25.862068
400 0.000008 0.014190 400.000000 25.806452
400 0.000005 0.014206 500.000000 25.773195
400 0.000004 0.014099 600.000000 25.862068
400 0.000006 0.013669 700.000000 26.119404
400 0.000009 0.013322 800.000000 26.229507
410 0.000016 0.013854 100.000000 25.641026
410 0.000015 0.014151 200.000000 25.974026
410 0.000014 0.014493 300.000000 25.862068
410 0.000007 0.014653 400.000000 25.806452
410 0.000006 0.014561 500.000000 25.773195
410 0.000004 0.014386 600.000000 25.974026
410 0.000010 0.013876 700.000000 26.119404
410 0.000010 0.013581 800.000000 26.229507
420 0.000012 0.012839 100.000000 25.641026
420 0.000011 0.012969 200.000000 25.641026
420 0.000009 0.013209 300.000000 25.862068
420 0.000005 0.013356 400.000000 25.641026
420 0.000006 0.013192 500.000000 25.773195
420 0.000006 0.012932 600.000000 25.974026
420 0.000010 0.012437 700.000000 26.119404
420 0.000012 0.012298 800.000000 26.143791
430 0.000010 0.012136 100.000000 25.641026
430 0.000003 0.011973 200.000000 25.641026
430 0.000006 0.012295 300.000000 25.641026
430 0.000003 0.012315 400.000000 25.641026
430 0.000005 0.012135 500.000000 25.773195
430 0.000007 0.011760 600.000000 25.974026
430 0.000010 0.011228 700.000000 26.119404
430 0.000013 0.011093 800.000000 26.143791
440 0.000020 0.013703 100.000000 25.641026
440 0.000011 0.013659 200.000000 25.641026
440 0.000007 0.013896 300.000000 25.641026
440 0.000003 0.013740 400.000000 25.641026
440 0.000006 0.013661 500.000000 25.773195
440 0.000006 0.013102 600.000000 26.086956
440 0.000010 0.012732 700.000000 26.119404
440 0.000013 0.012439 800.000000 26.143791
450 0.000018 0.012678 100.000000 25.000000
450 0.000011 0.012673 200.000000 25.641026
450 0.000006 0.012734 300.000000 25.641026
450 0.000008 0.012614 400.000000 25.641026
450 0.000008 0.012428 500.000000 25.773195
450 0.000015 0.011769 600.000000 26.086956
450 0.000013 0.011576 700.000000 26.119404
450 0.000014 0.011343 800.000000 26.058632
460 0.000014 0.012516 100.000000 25.000000
460 0.000006 0.013055 200.000000 25.316456
460 0.000005 0.012920 300.000000 25.423729
460 0.000007 0.012671 400.000000 25.641026
460 0.000008 0.012404 500.000000 25.906736
460 0.000011 0.011752 600.000000 26.086956
460 0.000013 0.011632 700.000000 26.119404
460 0.000015 0.011365 800.000000 25.974026
470 0.000012 0.011949 100.000000 25.000000
470 0.000007 0.012397 200.000000 25.316456
470 0.000008 0.012382 300.000000 25.423729
470 0.000006 0.012141 400.000000 25.641026
470 0.000008 0.011647 500.000000 25.906736
470 0.000012 0.011111 600.000000 26.086956
470 0.000015 0.010893 700.000000 26.119404
470 0.000014 0.010607 800.000000 25.889967
480 0.000007 0.012065 100.000000 25.000000
480 0.000014 0.012418 200.000000 25.316456
480 0.000002 0.012213 300.000000 25.423729
480 0.000006 0.011999 400.000000 25.641026
480 0.000011 0.011300 500.000000 26.041666
480 0.000012 0.010961 600.000000 26.086956
480 0.000014 0.010661 700.000000 26.119404
480 0.000013 0.010432 800.000000 25.806452
490 0.000015 0.012706 100.000000 25.000000
490 0.000009 0.012557 200.000000 25.316456
490 0.000006 0.012328 300.000000 25.423729
490 0.000009 0.012034 400.000000 25.806452
490 0.000016 0.011205 500.000000 26.041666
490 0.000013 0.010989 600.000000 26.200872
490 0.000014 0.010711 700.000000 26.022305
490 0.000014 0.010603 800.000000 25.723473
500 0.000008 0.012794 100.000000 25.000000
500 0.000008 0.012561 200.000000 25.000000
500 0.000009 0.012125 300.000000 25.423729
500 0.000010 0.011701 400.000000 25.806452
500 0.000014 0.010990 500.000000 26.041666
500 0.000016 0.010941 600.000000 26.200872
500 0.000016 0.010726 700.000000 25.925926
500 0.000016 0.010714 800.000000 25.559105
510 0.000007 0.012306 100.000000 25.000000
510 0.000005 0.012316 200.000000 25.000000
510 0.000005 0.011803 300.000000 25.423729
510 0.000010 0.011080 400.000000 25.974026
510 0.000012 0.010477 500.000000 26.178011
510 0.000016 0.010394 600.000000 26.086956
510 0.000014 0.010119 700.000000 25.830257
510 0.000014 0.010153 800.000000 25.396826
520 0.000018 0.011946 100.000000 24.390244
520 0.000002 0.011763 200.000000 25.000000
520 0.000010 0.011244 300.000000 25.641026
520 0.000015 0.010388 400.000000 25.974026
520 0.000015 0.010133 500.000000 26.178011
520 0.000015 0.009912 600.000000 26.086956
520 0.000016 0.009772 700.000000 25.735294
520 0.000014 0.009878 800.000000 25.236593
530 0.000005 0.012678 100.000000 24.390244
530 0.000006 0.012203 200.000000 25.000000
530 0.000008 0.011832 300.000000 25.641026
530 0.000018 0.010890 400.000000 25.974026
530 0.000015 0.010749 500.000000 26.178011
530 0.000014 0.010471 600.000000 26.086956
530 0.000016 0.010452 700.000000 25.641026
530 0.000016 0.010623 800.000000 25.078369
540 0.000007 0.012326 100.000000 24.390244
540 0.000006 0.011740 200.000000 25.316456
540 0.000009 0.011277 300.000000 25.862068
540 0.000015 0.010383 400.000000 26.143791
540 0.000016 0.010350 500.000000 26.178011
540 0.000017 0.010082 600.000000 25.974026
540 0.000015 0.010128 700.000000 25.454546
540 0.000014 0.010266 800.000000 24.844721
550 0.000022 0.011810 100.000000 24.390244
550 0.000011 0.011481 200.000000 25.316456
550 0.000017 0.010552 300.000000 26.086956
550 0.000018 0.010180 400.000000 26.315790
550 0.000022 0.010243 500.000000 26.178011
550 0.000019 0.010181 600.000000 25.862068
550 0.000018 0.010364 700.000000 25.362318
550 0.000016 0.010670 800.000000 24.464832
560 0.000021 0.012451 100.000000 24.390244
560 0.000018 0.011690 200.000000 25.641026
560 0.000024 0.010918 300.000000 26.086956
560 0.000023 0.010718 400.000000 26.315790
560 0.000021 0.010834 500.000000 26.178011
560 0.000021 0.010925 600.000000 25.751074
560 0.000019 0.011157 700.000000 25.179855
560 0.000016 0.011495 800.000000 24.024025
570 0.000011 0.011744 100.000000 25.000000
570 0.000010 0.011425 200.000000 25.974026
570 0.000022 0.010315 300.000000 26.315790
570 0.000018 0.010376 400.000000 26.315790
570 0.000017 0.010155 500.000000 26.178011
570 0.000015 0.010208 600.000000 25.641026
570 0.000017 0.010434 700.000000 25.000000
570 0.000014 0.010542 800.000000 23.598820
580 0.000016 0.011837 100.000000 25.000000
580 0.000012 0.011120 200.000000 25.974026
580 0.000021 0.010223 300.000000 26.315790
580 0.000022 0.010266 400.000000 26.490067
580 0.000020 0.010136 500.000000 26.041666
580 0.000019 0.010245 600.000000 25.531916
580 0.000017 0.010488 700.000000 24.734982
580 0.000014 0.010407 800.000000 23.054754
590 0.000007 0.012228 100.000000 25.641026
590 0.000014 0.011140 200.000000 26.315790
590 0.000019 0.010438 300.000000 26.548672
590 0.000023 0.010570 400.000000 26.315790
590 0.000020 0.010344 500.000000 26.041666
590 0.000019 0.010556 600.000000 25.316456
590 0.000017 0.010819 700.000000 24.305555
590 0.000015 0.010283 800.000000 22.662889
600 0.000018 0.011571 100.000000 25.641026
600 0.000028 0.010131 200.000000 26.315790
600 0.000024 0.010138 300.000000 26.548672
600 0.000022 0.010152 400.000000 26.315790
600 0.000020 0.010168 500.000000 25.773195
600 0.000019 0.010453 600.000000 25.104603
600 0.000017 0.010788 700.000000 23.809525
600 0.000018 0.009738 800.000000 22.222221
610 0.000024 0.010227 100.000000 25.641026
610 0.000027 0.008697 200.000000 26.666666
610 0.000024 0.009073 300.000000 26.548672
610 0.000023 0.009028 400.000000 26.143791
610 0.000014 0.009173 500.000000 25.641026
610 0.000019 0.009469 600.000000 24.793388
610 0.000014 0.009680 700.000000 23.178808
610 0.000018 0.008218 800.000000 21.798365
620 0.000020 0.010609 100.000000 26.315790
620 0.000026 0.009450 200.000000 26.666666
620 0.000023 0.009886 300.000000 26.548672
620 0.000022 0.009782 400.000000 25.974026
620 0.000021 0.009957 500.000000 25.380711
620 0.000018 0.010282 600.000000 24.390244
620 0.000015 0.010119 700.000000 22.653721
620 0.000016 0.008283 800.000000 21.505377
630 0.000035 0.009593 100.000000 26.315790
630 0.000029 0.009617 200.000000 26.666666
630 0.000030 0.009898 300.000000 26.315790
630 0.000024 0.009824 400.000000 25.806452
630 0.000022 0.010144 500.000000 25.000000
630 0.000019 0.010507 600.000000 23.904383
630 0.000018 0.009770 700.000000 22.082020
630 0.000015 0.007723 800.000000 21.164021
640 0.000056 0.009557 100.000000 26.315790
640 0.000033 0.010229 200.000000 26.666666
640 0.000030 0.010563 300.000000 26.086956
640 0.000024 0.010752 400.000000 25.477707
640 0.000024 0.011076 500.000000 24.752476
640 0.000017 0.011481 600.000000 23.166023
640 0.000019 0.010026 700.000000 21.538462
640 0.000016 0.007747 800.000000 20.725389
650 0.000031 0.010243 100.000000 26.315790
650 0.000030 0.011299 200.000000 26.315790
650 0.000025 0.011060 300.000000 25.862068
650 0.000024 0.011194 400.000000 25.157232
650 0.000022 0.011433 500.000000 24.271845
650 0.000016 0.011579 600.000000 22.471910
650 0.000018 0.009601 700.000000 21.084337
650 0.000017 0.007935 800.000000 20.304569
660 0.000038 0.010131 100.000000 26.315790
660 0.000037 0.011402 200.000000 25.974026
660 0.000025 0.011030 300.000000 25.641026
660 0.000025 0.011344 400.000000 24.844721
660 0.000021 0.011643 500.000000 23.809525
660 0.000016 0.011293 600.000000 21.818182
660 0.000015 0.008978 700.000000 20.771513
660 0.000020 0.007625 800.000000 19.851116
670 0.000029 0.012441 100.000000 25.641026
670 0.000032 0.012273 200.000000 25.974026
670 0.000026 0.011949 300.000000 25.210085
670 0.000025 0.012307 400.000000 24.390244
670 0.000019 0.012611 500.000000 23.041475
670 0.000016 0.011608 600.000000 21.201414
670 0.000012 0.009068 700.000000 20.348837
670 0.000017 0.007777 800.000000 19.417477
680 0.000038 0.012607 100.000000 25.641026
680 0.000019 0.011811 200.000000 25.641026
680 0.000021 0.011790 300.000000 24.793388
680 0.000022 0.012077 400.000000 23.952095
680 0.000015 0.012276 500.000000 22.222221
680 0.000014 0.010668 600.000000 20.689655
680 0.000013 0.008348 700.000000 19.886364
680 0.000012 0.007230 800.000000 19.093079
690 0.000036 0.011474 100.000000 25.641026
690 0.000024 0.010392 200.000000 25.316456
690 0.000024 0.010406 300.000000 24.390244
690 0.000020 0.010562 400.000000 23.529411
690 0.000014 0.010577 500.000000 21.459227
690 0.000016 0.008531 600.000000 20.202021
690 0.000020 0.007085 700.000000 19.444445
700 0.000037 0.010514 100.000000 25.000000
700 0.000020 0.009530 200.000000 24.691359
700 0.000021 0.009742 300.000000 24.000000
700 0.000018 0.010058 400.000000 22.857143
700 0.000015 0.009554 500.000000 20.833334
700 0.000014 0.007433 600.000000 19.867550
700 0.000023 0.006425 700.000000 18.970190
710 0.000024 0.009781 100.000000 25.000000
710 0.000024 0.009432 200.000000 24.390244
710 0.000020 0.009871 300.000000 23.622047
710 0.000016 0.010271 400.000000 21.978022
710 0.000016 0.009103 500.000000 20.161291
710 0.000013 0.006853 600.000000 19.417477
710 0.000018 0.005954 700.000000 18.567638
720 0.000021 0.008796 100.000000 24.390244
720 0.000017 0.008976 200.000000 23.809525
720 0.000022 0.009491 300.000000 23.076923
720 0.000012 0.009603 400.000000 21.164021
720 0.000016 0.007893 500.000000 19.607843
720 0.000018 0.006120 600.000000 18.987341
730 0.000016 0.008320 100.000000 23.809525
730 0.000021 0.008738 200.000000 23.529411
730 0.000017 0.009126 300.000000 22.556391
730 0.000007 0.009219 400.000000 20.304569
730 0.000013 0.007124 500.000000 19.230770
730 0.000022 0.005860 600.000000 18.518518
740 0.000010 0.006988 100.000000 23.809525
740 0.000016 0.007806 200.000000 22.988506
740 0.000013 0.008184 300.000000 21.739130
740 0.000008 0.007753 400.000000 19.704433
740 0.000015 0.005848 500.000000 18.867924
740 0.000027 0.005107 600.000000 18.072289
750 0.000025 0.007533 100.000000 23.255814
750 0.000019 0.008218 200.000000 22.471910
750 0.000014 0.008722 300.000000 20.833334
750 0.000018 0.007507 400.000000 19.047619
750 0.000016 0.005317 500.000000 18.518518
750 0.000023 0.004900 600.000000 17.751480
760 0.000023 0.009267 100.000000 22.727272
760 0.000029 0.010084 200.000000 21.978022
760 0.000013 0.010118 300.000000 20.000000
760 0.000017 0.007939 400.000000 18.604650
760 0.000020 0.005977 500.000000 18.050541
770 0.000035 0.009460 100.000000 22.222221
770 0.000023 0.009738 200.000000 21.505377
770 0.000007 0.009784 300.000000 19.230770
770 0.000014 0.007090 400.000000 18.181818
770 0.000026 0.005667 500.000000 17.605635
780 0.000034 0.009292 100.000000 21.739130
780 0.000023 0.009418 200.000000 20.833334
780 0.000014 0.008594 300.000000 18.518518
780 0.000016 0.006011 400.000000 17.857143
780 0.000030 0.005014 500.000000 17.241379
790 0.000022 0.008633 100.000000 21.276596
790 0.000012 0.008677 200.000000 19.801981
790 0.000019 0.007325 300.000000 17.964071
790 0.000022 0.004954 400.000000 17.543859
790 0.000029 0.004620 500.000000 16.891891
800 0.000025 0.008371 100.000000 20.833334
800 0.000006 0.008140 200.000000 18.867924
800 0.000028 0.006070 300.000000 17.441860
800 0.000029 0.004568 400.000000 17.167381
800 0.000023 0.004176 500.000000 16.666666
810 0.000012 0.007092 100.000000 20.408163
810 0.000015 0.007381 200.000000 18.018019
810 0.000028 0.005144 300.000000 17.142857
810 0.000038 0.004692 400.000000 16.806723
820 0.000014 0.007054 100.000000 19.607843
820 0.000022 0.006415 200.000000 17.241379
820 0.000029 0.004416 300.000000 16.853933
820 0.000045 0.004575 400.000000 16.393442
830 0.000020 0.006427 100.000000 18.518518
830 0.000039 0.005461 200.000000 16.666666
830 0.000034 0.003855 300.000000 16.574585
830 0.000043 0.004280 400.000000 16.129032
840 0.000014 0.006867 100.000000 17.241379
840 0.000045 0.004906 200.000000 16.129032
840 0.000038 0.003490 300.000000 16.304348
840 0.000038 0.004182 400.000000 15.873015
850 0.000028 0.006465 100.000000 16.393442
850 0.000049 0.004431 200.000000 15.873015
850 0.000053 0.004607 300.000000 15.957447
860 0.000034 0.006758 100.000000 15.625000
860 0.000047 0.003806 200.000000 15.625000
860 0.000056 0.004544 300.000000 15.625000
870 0.000065 0.004788 100.000000 14.925373
870 0.000052 0.003150 200.000000 15.503876
870 0.000063 0.004391 300.000000 15.384615
880 0.000081 0.004227 100.000000 14.705882
880 0.000052 0.003033 200.000000 15.503876
880 0.000060 0.004197 300.000000 15.306123
890 0.000088 0.004151 100.000000 14.705882
890 0.000055 0.002823 200.000000 15.625000
890 0.000055 0.004390 300.000000 15.306123
900 0.000084 0.003725 100.000000 14.925373
900 0.000055 0.002766 200.000000 15.625000
900 0.000042 0.004291 300.000000 15.306123
910 0.000076 0.003333 100.000000 14.925373
910 0.000067 0.004558 200.000000 15.503876
920 0.000056 0.003331 100.000000 15.384615
920 0.000066 0.005396 200.000000 15.503876
930 0.000046 0.004089 100.000000 15.625000
930 0.000073 0.006032 200.000000 15.503876
940 0.000037 0.005623 100.000000 15.873015
940 0.000065 0.007313 200.000000 15.384615
950 0.000047 0.006004 100.000000 16.129032
950 0.000056 0.007971 200.000000 15.384615
960 0.000043 0.008052 100.000000 16.129032
960 0.000038 0.009223 200.000000 15.384615
970 0.000056 0.008871 100.000000 15.873015
970 0.000028 0.008978 200.000000 15.384615
980 0.000064 0.011522 100.000000 15.625000
990 0.000091 0.010574 100.000000 15.151515
1000 0.000090 0.010543 100.000000 14.705882
1010 0.000074 0.010935 100.000000 14.492754
1020 0.000052 0.009609 100.000000 14.492754
1030 0.000012 0.010181 100.000000 14.705882
