0.000000 -0.000000 -0.000000 0.000000
0.003267 4.566315 -0.048468 4.607606
-0.031716 9.099118 -0.102516 9.150422
-0.081952 13.587370 -0.167174 13.630132
-0.172757 18.042800 -0.268050 18.095964
-0.267875 22.451640 -0.358079 22.495352
-0.358400 26.802010 -0.472945 26.855268
-0.442803 31.082040 -0.559464 31.156369
-0.523018 35.271990 -0.647069 35.355725
-0.611006 39.330190 -0.726122 39.421469
-0.673187 43.239550 -0.786614 43.346223
-0.695957 46.977480 -0.790479 47.118379
-0.690361 50.605530 -0.800792 50.737838
-0.609462 54.132960 -0.697225 54.298019
-0.411112 57.531050 -0.474458 57.687256
-0.030280 60.807340 -0.077034 60.974650
0.568852 63.940690 0.517482 64.113101
1.400581 66.903860 1.328059 67.073519
2.445156 69.702430 2.387161 69.911840
3.697183 72.300100 3.640581 72.504845
5.171922 74.740420 5.128664 74.976503
6.852965 76.941870 6.847616 77.201634
8.750799 78.905900 8.745680 79.184036
10.823450 80.634320 10.801495 80.902633
13.066210 82.178440 13.059422 82.419788
15.504950 83.526400 15.509183 83.708972
18.101340 84.588810 18.160045 84.749500
20.853170 85.339470 20.912854 85.474806
23.704110 85.757740 23.772292 85.865603
26.596700 85.903500 26.704164 85.996486
29.539120 85.860020 29.612773 85.945081
32.495530 85.669740 32.585024 85.751988
35.473920 85.419290 35.575528 85.514257
38.479390 85.150930 38.604428 85.240739
41.523140 84.840110 41.637657 84.943744
44.591610 84.512730 44.720081 84.623263
47.698590 84.159740 47.825489 84.274502
50.851300 83.780360 50.985638 83.922612
54.021280 83.370120 54.158545 83.524017
57.236480 82.963200 57.389153 83.121139
60.484150 82.564450 60.650752 82.724824
63.801630 82.126570 63.970963 82.303692
67.115350 81.671290 67.262841 81.859449
70.485000 81.248710 70.627874 81.458328
73.889090 80.831410 74.037595 81.054937
77.339480 80.402860 77.501273 80.597430
80.814430 79.981940 80.988780 80.205171
84.311560 79.560560 84.555049 79.786692
87.843140 79.132970 88.142913 79.342637
91.452740 78.712050 91.754696 78.928214
95.109110 78.302620 95.425537 78.531626
98.802080 77.939830 99.108375 78.162584
102.537600 77.577720 102.886807 77.784837
106.283100 77.182590 106.641269 77.368933
110.001900 76.763780 110.381632 76.952369
113.690700 76.253080 114.082274 76.430121
117.341000 75.581300 117.756817 75.760963
120.903700 74.751300 121.307769 74.940472
124.437500 73.785660 124.831835 74.016963
127.882800 72.651860 128.237704 72.888019
131.253600 71.361680 131.617454 71.603278
134.528800 69.931300 134.864552 70.174830
137.742000 68.328450 138.094148 68.577382
140.926800 66.546730 141.281097 66.806494
144.031200 64.574810 144.397580 64.832900
147.051200 62.406270 147.422500 62.662678
149.969500 60.049300 150.341667 60.317226
152.781800 57.504160 153.169342 57.769885
155.436800 54.746640 155.832008 54.989452
157.947400 51.752940 158.275225 52.029718
160.279800 48.634580 160.470558 48.882779
162.349000 45.353340 162.453728 45.586169
164.179800 41.946720 164.207650 42.186322
165.830900 38.447790 165.807858 38.705066
167.335400 34.861970 167.259327 35.123168
168.691200 31.242820 168.577049 31.515512
169.969500 27.582240 169.856939 27.880643
171.127300 23.900190 171.110526 24.216712
172.263200 20.221330 172.328302 20.561749
173.377000 16.599090 173.566198 16.899624
174.627000 13.004350 174.834073 13.292628
175.942500 9.442182 176.159208 9.726893
177.356800 5.917093 177.579026 6.203647
178.928800 2.434985 179.167047 2.718227
180.675800 -0.971876 180.873783 -0.694066
182.554400 -4.252484 182.717827 -3.941794
184.560700 -7.384682 184.723373 -7.107177
186.750900 -10.368790 186.916902 -10.087208
189.116500 -13.135630 189.272291 -12.866748
191.665700 -15.656880 191.796863 -15.371621
194.385900 -17.931220 194.507010 -17.659836
197.226100 -19.980800 197.367157 -19.700503
200.271800 -21.743030 200.428332 -21.468750
203.448300 -23.203180 203.613824 -22.916037
206.758900 -24.325190 206.992746 -24.063295
210.184300 -25.068170 210.436383 -24.814666
213.630700 -25.424490 213.864458 -25.202013
217.117000 -25.407460 217.380153 -25.208366
220.571900 -25.039820 220.830978 -24.891073
224.021200 -24.363710 224.264691 -24.239351
227.429900 -23.372920 227.686134 -23.281197
230.747500 -22.058700 230.986242 -21.983989
233.928400 -20.443850 234.206310 -20.380114
237.019600 -18.526770 237.280585 -18.487703
239.961000 -16.355940 240.228695 -16.335776
242.779800 -13.984550 243.028921 -13.982361
245.458500 -11.414060 245.675132 -11.424845
247.997000 -8.674394 248.194910 -8.691314
250.390600 -5.759310 250.576260 -5.786168
252.655600 -2.686673 252.839849 -2.737357
254.806500 0.534019 254.989866 0.471400
256.864000 3.862410 257.072054 3.814776
258.884400 7.263272 259.099499 7.205396
260.877600 10.718320 261.113118 10.672512
262.828700 14.222610 263.060004 14.145345
264.741600 17.745920 264.961599 17.638803
266.637600 21.266150 266.864878 21.136505
268.527700 24.786100 268.761198 24.655954
270.375000 28.334210 270.667781 28.165505
272.219500 31.917810 272.588346 31.699650
274.124700 35.502240 274.519948 35.279528
276.050500 39.060050 276.467316 38.872920
277.989700 42.665330 278.427361 42.506397
279.912600 46.301830 280.368873 46.152247
281.775800 49.949900 282.288345 49.761178
283.563100 53.532720 284.137406 53.307557
285.356500 57.056770 285.963086 56.848465
287.075600 60.536460 287.709627 60.324596
288.712000 63.954910 289.403430 63.741562
290.293900 67.289100 291.029499 67.089373
291.871100 70.559820 292.674887 70.348839
293.538100 73.753600 294.410072 73.568648
295.351100 76.864560 296.253090 76.681141
297.261700 79.892800 298.238613 79.709896
299.367900 82.771990 300.396720 82.553342
301.654700 85.444430 302.718439 85.201019
304.129900 87.873730 305.236023 87.630350
306.795800 90.009740 307.939612 89.766184
309.610300 91.815310 310.795165 91.545917
312.540600 93.287990 313.799744 93.006335
315.589700 94.424870 316.882065 94.111587
318.731100 95.231100 320.018595 94.911048
321.947000 95.719040 323.212771 95.372514
325.202000 95.875140 326.443196 95.478061
328.404100 95.672520 329.590377 95.218314
331.635400 95.086030 332.683555 94.635508
334.756200 94.171900 335.699987 93.716256
337.636900 92.963350 338.582016 92.448637
340.363200 91.461070 341.313766 90.842939
342.964100 89.692180 343.934790 88.908907
345.403300 87.579170 346.346241 86.679842
347.592200 85.092570 348.536835 84.158288
349.463400 82.321490 350.381397 81.384058
351.002500 79.397790 351.900797 78.432279
352.204000 76.402830 353.038337 75.419086
353.107800 73.306490 353.926549 72.325540
353.811200 70.096650 354.605887 69.201675
354.464700 66.889050 355.206341 65.976926
355.047400 63.664610 355.716963 62.761970
355.500500 60.449100 356.147109 59.563345
355.866900 57.296080 356.509058 56.403077
356.198500 54.208160 356.838665 53.333329
356.525800 51.221050 357.181369 50.322454
356.961300 48.369400 357.606545 47.483101
357.538900 45.752540 358.161754 44.834068
358.275300 43.388830 358.873754 42.461172
359.266800 41.238890 359.840096 40.317574
360.571800 39.373830 361.116642 38.421987
362.156300 37.835540 362.668622 36.910157
363.974400 36.638300 364.460880 35.717147
366.080400 35.761110 366.536206 34.844996
368.547300 35.234490 368.882149 34.312768
371.148400 35.045060 371.406642 34.071884
373.899500 35.175270 374.108129 34.184504
376.698100 35.611110 376.912837 34.611602
379.470900 36.322790 379.713456 35.295035
382.212100 37.294470 382.454837 36.228267
384.867700 38.517990 385.144330 37.414917
387.364100 39.991850 387.667077 38.873138
389.701500 41.780710 390.062100 40.644337
391.802700 43.839190 392.219729 42.676457
393.689400 46.099010 394.159798 44.937156
395.383900 48.474340 395.914625 47.283899
396.942200 50.928340 397.521036 49.715570
398.325500 53.450140 398.946251 52.221629
399.544900 56.052550 400.225216 54.801711
400.579700 58.728940 401.327595 57.473190
401.390700 61.486590 402.209253 60.240048
401.978000 64.333130 402.863796 63.075494
402.335300 67.250270 403.287879 66.018028
402.474600 70.259740 403.481602 69.026803
402.447300 73.356030 403.492699 72.154156
402.341800 76.540880 403.396268 75.383363
402.228800 79.805450 403.261590 78.673431
402.075400 83.156280 403.078561 82.027346
401.927800 86.597120 402.879769 85.481303
401.721900 90.113350 402.649370 89.004688
401.455800 93.737450 402.381508 92.643951
401.169200 97.438860 402.096020 96.334258
400.835400 101.196700 401.781895 100.090401
400.479100 104.981000 401.440072 103.880146
400.086700 108.745200 401.077478 107.637819
399.638200 112.493800 400.650722 111.382489
399.138700 116.226700 400.181039 115.093400
398.603300 119.924700 399.679251 118.809493
398.025400 123.612000 399.144707 122.504628
397.409200 127.314800 398.584582 126.192271
396.829000 131.013100 398.067758 129.871610
396.222300 134.687900 397.505767 133.541522
395.601900 138.281700 396.959651 137.210112
395.033400 141.881600 396.445958 140.862792
394.483600 145.487500 395.963608 144.507194
393.961300 149.091800 395.477528 148.140461
393.456700 152.724500 395.025579 151.814185
392.964400 156.362200 394.579231 155.489617
392.473900 160.012200 394.118629 159.135844
391.988000 163.681600 393.668880 162.837850
391.511200 167.360500 393.218112 166.533211
391.037700 171.040400 392.785096 170.238791
390.574400 174.743200 392.341863 173.948414
390.110100 178.440800 391.912081 177.655535
389.662900 182.147700 391.493300 181.407273
389.244100 185.891700 391.142208 185.154339
388.894800 189.677500 390.866077 188.915281
388.606000 193.461200 390.638401 192.681239
388.392800 197.250000 390.477009 196.454774
388.242200 201.058600 390.372214 200.263215
388.167200 204.843700 390.332850 204.050357
388.164900 208.656700 390.371815 207.881410
388.225800 212.467100 390.473412 211.710305
388.337900 216.277100 390.600279 215.528478
388.518500 220.100100 390.807863 219.370201
388.781300 223.924000 391.093839 223.205262
389.110400 227.762200 391.447629 227.032726
389.519500 231.600300 391.886622 230.862236
390.000700 235.455300 392.395452 234.728175
390.533100 239.323100 392.957810 238.581943
391.126500 243.191800 393.571987 242.439559
391.817200 247.082900 394.306874 246.323638
392.446500 250.991000 395.109693 250.233225
393.192700 254.933200 396.026388 254.101022
394.129800 258.841200 397.060051 258.000172
395.212400 262.725700 398.191011 261.868599
396.381300 266.559900 399.372003 265.702375
397.591700 270.309200 400.630215 269.421080
398.915600 273.988100 401.929955 273.116071
400.261600 277.620100 403.284636 276.762549
401.674900 281.230100 404.688100 280.386358
403.099300 284.836200 406.111780 283.998516
404.552600 288.368900 407.549996 287.514404
405.981400 291.858600 408.983897 291.020728
407.396700 295.286300 410.413589 294.448785
408.787500 298.654400 411.815263 297.820074
410.160300 301.970700 413.200510 301.139853
411.532700 305.248600 414.582803 304.417275
412.910200 308.514300 415.983756 307.691746
414.286500 311.815200 417.362268 310.980549
415.632400 315.158100 418.761648 314.318491
416.955300 318.554600 420.193340 317.660554
418.356500 321.950200 421.754079 321.053468
419.919100 325.360500 423.442832 324.447153
421.619500 328.772700 425.222321 327.848062
423.465300 332.205100 427.123405 331.255820
425.389400 335.648500 429.126017 334.674667
427.393700 339.062100 431.184252 338.065584
429.441400 342.427400 433.298374 341.424540
431.502800 345.736000 435.408799 344.712679
433.555500 349.037600 437.534291 347.978323
435.647400 352.345100 439.682906 351.262784
437.737700 355.673900 441.836829 354.564498
439.858900 359.019800 444.012912 357.884229
441.938400 362.354800 446.166034 361.223238
444.011500 365.707600 448.303795 364.533037
446.074200 369.043000 450.432710 367.851506
448.108100 372.393000 452.548911 371.178186
450.106200 375.748500 454.651598 374.482276
452.077600 379.076100 456.777306 377.777259
454.072700 382.382200 458.909472 381.045480
456.149900 385.671800 461.071276 384.322546
458.224600 388.968400 463.236558 387.569160
460.351800 392.205600 465.448101 390.777839
462.503100 395.388100 467.659833 393.916210
464.568500 398.419600 469.824212 396.949551
466.632000 401.347200 471.952705 399.844515
468.654400 404.221700 474.019099 402.696165
470.657600 407.038900 476.088736 405.476112
472.677800 409.783700 478.114080 408.210655
474.657200 412.487100 480.119917 410.858942
476.592600 415.139500 482.092228 413.500001
478.496300 417.710700 484.009813 416.043484
480.372100 420.213300 485.896303 418.521006
482.195400 422.602900 487.754683 420.873713
483.955500 424.843700 489.534117 423.063950
485.628500 426.923600 491.227506 425.122094
487.190800 428.865800 492.820269 427.029248
488.699400 430.731200 494.360506 428.863999
490.108000 432.491800 495.798649 430.595478
491.375400 434.138900 497.083684 432.219098
492.521700 435.661300 498.275128 433.719958
493.585300 437.088500 499.368440 435.121239
494.601900 438.498800 500.427583 436.511745
495.493900 439.942600 501.346694 437.927270
496.198400 441.455900 502.075094 439.410950
496.643000 443.038900 502.541467 440.963900
496.894900 444.688300 502.806808 442.610337
496.838300 446.434300 502.819880 444.353997
496.587000 448.236400 502.620480 446.134728
496.020500 450.035800 502.168021 447.936243
495.316800 451.880800 501.485532 449.756973
494.382600 453.714700 500.584577 451.634839
493.357500 455.591800 499.604980 453.569524
492.259600 457.525200 498.566248 455.520576
491.138900 459.531700 497.484621 457.548796
489.968800 461.583000 496.349590 459.670003
488.778600 463.722100 495.193941 461.854479
487.527700 465.987400 493.978228 464.129553
486.241900 468.332900 492.733395 466.482838
484.929200 470.750300 491.455182 468.890435
483.595100 473.196800 490.137675 471.365315
482.240900 475.680400 488.809778 473.864306
480.881200 478.179700 487.472787 476.382859
479.506700 480.715200 486.129376 478.950188
478.139700 483.249600 484.765946 481.500922
476.741800 485.776600 483.392759 484.048562
475.327000 488.358200 482.020377 486.680140
473.905700 490.923000 480.633408 489.255359
472.463600 493.499100 479.241730 491.850672
471.030900 496.048700 477.847868 494.418938
469.654400 498.493900 476.515046 496.880663
468.311000 500.883700 475.214116 499.288551
467.003300 503.201000 473.947300 501.625397
465.767600 505.385700 472.747631 503.834448
464.618000 507.421200 471.628448 505.885503
463.563200 509.303500 470.611368 507.777945
462.581700 511.077100 469.661902 509.558845
461.620900 512.827500 468.731998 511.311111
460.698800 514.516100 467.833373 513.019653
459.825600 516.111800 466.987454 514.630160
459.035800 517.582500 466.232626 516.087036
458.312900 518.912300 465.510709 517.445076
457.589200 520.176600 464.810462 518.714524
456.756600 521.359000 464.014095 519.927015
455.798000 522.446500 463.080053 521.041726
454.695200 523.354600 462.021646 521.953238
453.456700 523.963300 460.802668 522.686194
452.010000 524.448000 459.392701 523.222422
450.370300 524.664900 457.810505 523.514745
448.645800 524.629300 456.040961 523.541524
446.853700 524.242200 454.265540 523.211116
445.001300 523.578900 452.408201 522.597313
443.053700 522.715000 450.453357 521.759016
441.070200 521.621600 448.498531 520.726462
439.068600 520.385000 446.474052 519.519477
437.067600 519.079900 444.434076 518.243981
435.131900 517.711100 442.473586 516.914252
433.248700 516.276400 440.550512 515.495973
431.409100 514.772600 438.675312 514.019785
429.653800 513.188400 436.894481 512.487451
427.979000 511.552500 435.176827 510.884235
426.376200 509.872800 433.509873 509.224244
424.896200 508.159600 431.956654 507.538432
423.477300 506.386900 430.457230 505.786105
422.151700 504.603800 429.049527 504.016460
420.895300 502.757100 427.718716 502.176731
419.698800 500.847600 426.436065 500.287809
418.553100 498.879100 425.208938 498.328760
417.436100 496.852200 424.004561 496.298726
416.341100 494.769800 422.827873 494.203993
415.299400 492.613200 421.696261 492.046508
414.283100 490.400400 420.581330 489.852921
413.291100 488.174100 419.516166 487.633719
412.307400 485.928500 418.449593 485.399688
411.321100 483.659600 417.395633 483.135833
410.385800 481.369500 416.375152 480.846761
409.484300 479.070200 415.396182 478.553950
408.605900 476.771200 414.441579 476.241895
407.747600 474.482200 413.532662 473.952350
406.916200 472.194500 412.652994 471.672092
406.106200 469.923800 411.789781 469.410412
405.321800 467.714100 410.973907 467.211894
404.581200 465.613200 410.195170 465.124250
403.881000 463.647100 409.454793 463.145176
403.196100 461.842900 408.755386 461.349569
402.563700 460.074300 408.056333 459.597924
401.946900 458.305600 407.378114 457.834360
401.296600 456.548600 406.668214 456.103820
400.651300 454.770400 405.961084 454.355765
399.996700 452.984700 405.251357 452.585006
399.329600 451.125900 404.518225 450.746173
398.618400 449.218000 403.742391 448.852753
397.822000 447.249700 402.911771 446.905753
396.969800 445.208000 402.005065 444.890356
396.116100 443.116600 401.082681 442.834634
395.211200 440.967800 400.117679 440.717807
394.287700 438.749400 399.104904 438.566416
393.341900 436.497700 398.089664 436.366152
392.358600 434.221800 397.068034 434.121512
391.343800 431.907700 396.016162 431.862216
390.285600 429.531900 394.913438 429.529027
389.177900 427.104300 393.739392 427.155418
388.002000 424.633000 392.510845 424.724693
386.786000 422.153600 391.236813 422.300492
385.529200 419.645500 389.903319 419.832484
384.252800 417.122900 388.587454 417.369305
382.927300 414.575600 387.199320 414.858419
381.591500 412.030100 385.798398 412.367420
380.224100 409.463100 384.365876 409.848861
378.830100 406.889400 382.908600 407.324870
377.404400 404.303400 381.412110 404.780597
375.940700 401.722300 379.885493 402.253724
374.431300 399.137000 378.310401 399.707437
372.878200 396.550200 376.683898 397.152798
371.286300 393.960100 375.026863 394.615855
369.662600 391.367800 373.333940 392.105477
368.012000 388.798400 371.602813 389.561433
366.357200 386.258300 369.838505 387.012627
364.686300 383.683500 368.054972 384.452763
362.990500 381.103100 366.252848 381.892580
361.274100 378.545400 364.445167 379.372252
359.479500 376.079600 362.650996 376.934118
357.743100 373.713700 360.883967 374.585711
356.046500 371.424400 359.155022 372.344869
354.349500 369.168400 357.403201 370.106242
352.662900 366.944000 355.664876 367.921544
351.018900 364.780500 353.974100 365.784058
349.445300 362.679200 352.354134 363.710966
347.970100 360.669800 350.810916 361.727606
346.587900 358.760700 349.341663 359.870130
345.269200 357.004900 347.954651 358.141532
343.987600 355.420000 346.638883 356.593301
342.722300 353.942300 345.323574 355.159155
341.428400 352.599100 343.997928 353.858314
340.132200 351.423100 342.645441 352.736598
338.769300 350.441200 341.268110 351.795396
337.341700 349.681300 339.802956 351.043903
335.777200 349.128400 338.211172 350.597686
334.132400 348.908200 336.539314 350.412534
332.452400 349.031300 334.903591 350.534868
330.797800 349.428100 333.242551 350.977182
329.211100 350.167300 331.644206 351.762942
327.641800 351.098300 330.107134 352.744051
326.094800 352.236000 328.627157 353.929436
324.512700 353.489700 327.094016 355.220523
322.875800 354.863500 325.516205 356.623220
321.135500 356.302000 323.809987 358.087778
319.250000 357.710100 321.958886 359.521352
317.242300 359.002400 319.989271 360.838605
315.093800 360.160000 317.891891 362.017893
312.852600 361.167400 315.673688 363.061043
310.509200 362.008200 313.367499 363.927817
308.069100 362.662200 310.943243 364.627541
305.560600 363.146700 308.450975 365.150220
302.953900 363.438100 305.859446 365.507295
300.313300 363.558500 303.198632 365.722494
297.631800 363.522600 300.517403 365.751275
294.885100 363.381000 297.766947 365.696670
292.104200 363.172300 294.984595 365.552368
289.300900 362.939000 292.175250 365.391417
286.491000 362.678500 289.348351 365.192194
283.693500 362.370200 286.539577 364.952532
280.920600 362.098000 283.753749 364.714351
278.169000 361.857400 280.996529 364.513672
275.446800 361.657400 278.258412 364.362925
272.737000 361.519800 275.544803 364.270302
270.035600 361.455000 272.841164 364.260593
267.327700 361.497700 270.130063 364.367544
264.630400 361.676000 267.436521 364.609526
261.940300 361.979900 264.742486 364.975627
259.250900 362.413000 262.068809 365.458792
256.573600 362.959900 259.405944 366.080571
253.917300 363.655300 256.765880 366.824287
251.288400 364.497000 254.173881 367.718076
248.680300 365.504900 251.583657 368.770507
246.094700 366.666900 249.047708 370.009684
243.562600 367.994000 246.556468 371.419361
241.083300 369.508300 244.135522 373.001165
238.697300 371.174900 241.823188 374.721745
236.432200 372.983900 239.658613 376.571218
234.282400 374.915600 237.577036 378.556790
232.221400 376.965100 235.607446 380.669819
230.283900 379.136000 233.757272 382.878970
228.445400 381.408600 232.026110 385.188922
226.762700 383.789500 230.441619 387.607964
225.240300 386.284200 229.014314 390.140331
223.870500 388.875300 227.741064 392.770878
222.651800 391.576800 226.620309 395.534569
221.610300 394.407600 225.663653 398.378315
220.731600 397.346700 224.883631 401.330766
220.036100 400.374900 224.278753 404.371334
219.492700 403.546000 223.849969 407.555679
219.131100 406.829700 223.606480 410.836216
218.954900 410.176200 223.555866 414.179180
218.961000 413.566100 223.694079 417.545382
219.145900 416.967900 224.015657 420.931586
219.451900 420.389700 224.459312 424.327489
219.829800 423.806600 224.969671 427.752487
220.310500 427.237200 225.571877 431.181179
220.868900 430.684800 226.227938 434.587947
221.441400 434.161900 226.915531 438.060626
222.038500 437.663400 227.626582 441.541438
222.674200 441.192400 228.340640 445.070297
223.324700 444.766400 229.086287 448.635980
223.976800 448.390400 229.831900 452.259826
224.645100 452.052600 230.595530 455.906816
225.326300 455.738000 231.372693 459.591623
226.013500 459.438200 232.163422 463.279808
226.742700 463.131400 232.993079 466.966729
227.489100 466.830800 233.840173 470.644058
228.247700 470.527000 234.697187 474.318527
229.012100 474.215100 235.568137 477.991302
229.762000 477.897100 236.419736 481.649907
230.499300 481.567900 237.264433 485.324531
231.252900 485.238400 238.096830 488.952271
232.010300 488.886300 238.953804 492.633782
232.763300 492.531800 239.805262 496.266445
233.545900 496.169700 240.659374 499.898630
234.328200 499.811600 241.526783 503.502492
235.108100 503.420000 242.391476 507.081870
235.907500 507.019800 243.275994 510.667450
236.703700 510.603300 244.169409 514.224351
237.481000 514.162500 245.029127 517.770830
238.249000 517.704200 245.892427 521.316500
239.014400 521.230500 246.746642 524.806864
239.746800 524.741600 247.553488 528.264193
240.436600 528.231300 248.334508 531.734470
241.102000 531.689500 249.101445 535.176793
241.740900 535.133300 249.871427 538.591734
242.359400 538.550300 250.602543 541.992323
242.993900 541.935900 251.340310 545.356589
243.655500 545.295800 252.109439 548.701588
244.307800 548.630700 252.886344 552.015736
244.986700 551.924500 253.695818 555.287873
245.686600 555.189800 254.512255 558.514625
246.402300 558.403000 255.328985 561.688948
247.160300 561.604000 256.226075 564.856247
247.954300 564.747800 257.133373 567.954491
248.799800 567.843200 258.103668 571.019198
249.719700 570.881500 259.128205 574.034940
250.691800 573.875500 260.206193 577.000293
251.722500 576.816900 261.343813 579.915865
252.792400 579.719200 262.508103 582.789348
253.899200 582.619100 263.687556 585.637160
254.999400 585.538800 264.887236 588.538133
256.084000 588.464600 266.051846 591.434335
257.132200 591.413100 267.178947 594.362451
258.142200 594.337700 268.276156 597.250634
259.143500 597.295100 269.355907 600.167163
260.132300 600.227900 270.429044 603.068261
261.124300 603.146400 271.495840 605.961054
262.175000 606.016800 272.630690 608.814959
263.321800 608.844200 273.857768 611.581507
264.592700 611.600700 275.216197 614.308155
266.012800 614.279900 276.735943 616.966209
267.588100 616.881700 278.387164 619.523541
269.323800 619.428300 280.214037 622.023260
271.210100 621.881800 282.178515 624.436167
273.238300 624.254900 284.254441 626.748474
275.373300 626.509900 286.466705 628.951689
277.623300 628.637000 288.791705 631.031281
279.976600 630.608900 291.186793 632.932680
282.453700 632.438800 293.706330 634.693609
285.065600 634.108700 296.362873 636.263770
287.781800 635.684200 299.118942 637.774570
290.614800 637.170400 302.014485 639.175565
293.572000 638.551300 305.036392 640.486170
296.640000 639.897800 308.123615 641.740683
299.815900 641.203200 311.339586 642.967820
303.076400 642.494500 314.612496 644.168302
306.357100 643.765800 317.911869 645.355199
309.674900 645.021300 321.242415 646.519554
312.999700 646.243800 324.577186 647.648127
316.341000 647.457400 327.926308 648.767298
319.656500 648.689200 331.252235 649.904893
322.948500 649.961000 334.572037 651.084469
326.166800 651.311700 337.850423 652.352563
329.336100 652.739100 341.076641 653.701876
332.444200 654.205600 344.202017 655.071660
335.400500 655.659200 347.244062 656.444327
338.177900 657.091100 350.112379 657.797651
340.853600 658.520100 352.871074 659.141201
343.392000 659.901300 355.520924 660.442055
345.797500 661.222900 358.002413 661.676155
348.061700 662.470200 360.345669 662.848526
350.227800 663.663600 362.593459 663.963084
352.269800 664.764500 364.699150 664.991634
354.171500 665.743600 366.657738 665.927150
355.867200 666.596600 368.376463 666.732948
357.385800 667.323400 369.917395 667.435505
358.688300 667.945100 371.234564 668.036666
359.785500 668.454700 372.342156 668.522131
360.684700 668.879300 373.262376 668.923600
361.448900 669.240500 374.031652 669.279998
362.202200 669.609800 374.757722 669.650183
362.884200 670.041700 375.418280 670.107324
363.544500 670.582800 376.056599 670.671255
364.209800 671.330500 376.727593 671.415043
364.845000 672.309500 377.366040 672.384853
365.349200 673.552400 377.884457 673.601400
365.693100 675.079000 378.225423 675.032617
365.765200 676.782400 378.288632 676.671273
365.523700 678.539500 378.080167 678.420052
365.089100 680.489300 377.670996 680.342952
364.466100 682.514600 377.068332 682.428749
363.616300 684.610800 376.277965 684.556045
362.501500 686.760700 375.271961 686.732478
361.240200 688.988000 374.116711 688.996913
359.916600 691.336700 372.860382 691.450943
358.517400 693.800300 371.545238 693.976034
357.035700 696.407500 370.169095 696.590006
355.508800 699.115600 368.702748 699.368037
353.904300 701.929300 367.181739 702.261432
352.257400 704.823800 365.630492 705.188475
350.567500 707.796400 364.013125 708.231338
348.841400 710.853200 362.388140 711.310770
347.061700 713.947900 360.666573 714.523554
345.240600 717.126500 358.927820 717.771358
343.396200 720.384700 357.165022 721.086376
341.517100 723.688800 355.385464 724.450425
339.619000 727.060600 353.563175 727.914010
337.697800 730.488300 351.747100 731.380302
335.746300 733.965100 349.888279 734.909034
333.767200 737.500800 347.995978 738.521426
331.787300 741.093200 346.110092 742.170045
329.802100 744.697600 344.205938 745.860345
327.822700 748.252900 342.332542 749.453563
325.882900 751.750500 340.480894 753.018076
323.953700 755.221900 338.628947 756.549809
322.019400 758.698600 336.801241 760.063067
320.037700 762.177600 334.940225 763.549667
318.097700 765.622300 333.083631 767.068618
316.183200 769.057500 331.252676 770.566324
314.250000 772.494900 329.371378 774.107354
312.275800 775.931500 327.487977 777.575110
310.254000 779.359500 325.514995 781.105234
308.122800 782.782800 323.507755 784.543656
305.862800 786.166800 321.352985 788.004076
303.500700 789.503100 319.078934 791.445682
300.970800 792.776600 316.661595 794.785192
298.346100 795.948700 314.128332 798.044327
295.632400 799.046800 311.510348 801.207023
292.854400 802.131000 308.766863 804.411613
290.021900 805.167500 305.992030 807.553525
287.126600 808.146600 303.215510 810.564162
284.119000 811.063300 300.300502 813.539788
281.041800 813.860300 297.270524 816.429144
277.869300 816.545900 294.204660 819.202394
274.646800 819.105600 291.085081 821.847402
271.386100 821.531200 287.790557 824.429891
268.116800 823.813700 284.616051 826.758901
264.867100 825.970500 281.442675 828.987458
261.611600 828.060300 278.238999 831.155731
258.412200 830.064600 275.106965 833.233673
255.270800 831.964500 272.017766 835.209466
252.165400 833.785500 268.904161 837.143131
249.035500 835.465400 265.940907 838.902720
245.676600 836.941500 263.055162 840.583984
242.526400 838.395100 260.240747 842.193984
239.649200 839.782300 257.591341 843.714349
236.954200 841.095200 255.048488 845.143101
234.477400 842.339200 252.715746 846.478299
232.193600 843.528700 250.519612 847.768764
230.093400 844.639300 248.501437 848.956640
228.164600 845.633300 246.627978 850.018142
226.339700 846.487500 244.847403 850.936162
224.559800 847.148600 243.123734 851.653292
222.862900 847.611100 241.450345 852.149033
221.160000 847.853200 239.762349 852.398671
219.343600 847.650900 238.080769 852.420288
217.613700 847.228800 236.367471 852.072964
215.983200 846.459000 234.709264 851.384653
214.496600 845.376700 233.185842 850.374420
213.166300 844.015600 231.737762 849.057422
211.989600 842.443000 230.531250 847.549962
210.942500 840.673500 229.391157 845.814265
210.015200 838.668700 228.476726 843.926007
209.177100 836.492300 227.551012 841.798126
208.420100 834.203400 226.708014 839.496181
207.685300 831.756600 225.900402 837.068409
206.966400 829.169500 225.110393 834.522985
206.234900 826.499600 224.299736 831.896128
205.491300 823.727800 223.467492 829.157442
204.726900 820.872900 222.605615 826.336305
203.960100 817.947300 221.727607 823.431758
203.188700 814.944500 220.827615 820.449173
202.387700 811.853000 219.911733 817.407432
201.557100 808.685000 218.975382 814.278943
200.707000 805.446700 218.005682 811.070493
199.837600 802.169300 217.001417 807.818590
198.959100 798.853000 216.004198 804.512800
198.078300 795.512000 215.002119 801.207445
197.208100 792.134200 213.989160 797.846892
196.331500 788.727300 212.960470 794.464437
195.393800 785.296400 211.898399 791.053000
194.407000 781.832200 210.793467 787.629394
193.372100 778.361600 209.628318 784.189892
192.268500 774.862700 208.397025 780.715279
191.104500 771.351900 207.099155 777.223691
189.900200 767.803200 205.760547 773.698075
188.697400 764.215300 204.412988 770.140405
187.525500 760.573100 203.120926 766.537587
186.417200 756.874800 201.881318 762.875668
185.391100 753.140200 200.710485 759.164997
184.425300 749.376100 199.601437 755.412634
183.505800 745.586000 198.557165 751.631134
182.630800 741.760500 197.558268 747.825624
181.799600 737.920600 196.593603 744.013238
180.995700 734.046000 195.656784 740.188097
180.235100 730.165100 194.733799 736.325760
179.509000 726.267300 193.829707 732.429558
178.782600 722.358000 192.942830 728.535615
178.060700 718.433400 192.077288 724.631819
177.362100 714.485400 191.242568 720.700662
176.683600 710.485300 190.415139 716.729004
176.012100 706.523900 189.608098 712.770532
175.366700 702.573200 188.831936 708.847303
174.771600 698.664000 188.083908 704.934292
174.208700 694.786000 187.380818 701.078682
173.664500 690.971400 186.697355 697.279707
173.120400 687.194400 186.016281 693.519948
172.609800 683.452500 185.349160 689.804743
172.111300 679.757200 184.687201 686.125283
171.620100 676.075400 184.024070 682.446542
171.116500 672.425100 183.372095 678.809775
170.597300 668.791300 182.702234 675.170504
170.061700 665.158300 182.033188 671.540709
169.508500 661.515700 181.361399 667.894641
168.924400 657.855800 180.667040 664.242186
168.353600 654.164700 179.967797 660.554453
167.787000 650.469600 179.304407 656.855272
167.241700 646.760000 178.650597 653.168629
166.711700 643.033600 177.991246 649.453808
166.161900 639.298500 177.326533 645.726734
165.603300 635.547200 176.657520 642.002141
165.019900 631.781100 175.977376 638.240078
164.407900 627.989800 175.258517 634.420428
163.795100 624.165700 174.531371 630.621003
163.188600 620.333500 173.820388 626.800651
162.585900 616.485800 173.083194 622.951730
162.003800 612.637200 172.363635 619.114059
161.404000 608.796100 171.642232 615.249033
160.758000 604.972100 170.924156 611.403108
160.133600 601.135300 170.225685 607.528532
159.495800 597.273400 169.479955 603.640897
158.840300 593.366000 168.766577 599.759117
158.208600 589.447000 168.042696 595.857528
157.580800 585.515400 167.324435 591.919555
156.942900 581.558400 166.597655 587.967561
156.315100 577.584700 165.887447 584.015624
155.693100 573.602200 165.158131 580.042504
155.097900 569.612100 164.453816 576.091106
154.494600 565.631700 163.737898 572.099615
153.882900 561.635800 163.003059 568.155612
153.275400 557.661700 162.265426 564.157833
152.657100 553.699500 161.547911 560.214959
152.007000 549.736100 160.822327 556.249212
151.335500 545.780700 160.080172 552.298178
150.702300 541.830000 159.351588 548.340390
150.111100 537.863200 158.608465 544.392893
149.565800 533.878000 157.881148 540.434232
149.070700 529.886400 157.175382 536.453232
148.583300 525.892200 156.480790 532.498105
148.098100 521.899600 155.808940 528.544667
147.615200 517.906000 155.126954 524.549391
147.078600 513.924800 154.411379 520.579411
146.557400 509.928000 153.698570 516.631253
145.990800 505.947400 152.965996 512.678073
145.414200 501.983900 152.249290 508.724197
144.839400 498.023200 151.509715 504.752940
144.237000 494.066600 150.746576 500.804324
143.642200 490.086700 149.967221 496.866631
143.093600 486.100600 149.223760 492.904207
142.520000 482.109500 148.471351 488.959818
141.953600 478.120000 147.733793 484.997658
141.409200 474.120700 147.012097 481.040681
140.866200 470.116800 146.286792 477.065355
140.329900 466.129000 145.579961 473.120949
139.802900 462.170200 144.883278 469.217605
139.285200 458.259400 144.191161 465.337805
138.767400 454.380800 143.508447 461.518699
138.265200 450.537100 142.840594 457.702952
137.781900 446.703500 142.190413 453.897808
137.326700 442.890000 141.561846 450.100309
136.905100 439.064700 140.965459 446.299214
136.518100 435.237300 140.397603 442.465757
136.143200 431.414200 139.836207 438.639946
135.825400 427.592200 139.344474 434.834032
135.543200 423.737300 138.885296 430.975633
135.270100 419.908100 138.478095 427.159113
135.035900 416.031200 138.109597 423.285875
134.860400 412.167200 137.791888 419.423611
134.729600 408.319200 137.516036 415.562997
134.657500 404.515600 137.296280 411.751923
134.622800 400.768700 137.105886 408.006317
134.596400 397.079600 136.923976 404.314711
134.623000 393.460300 136.803516 400.678830
134.664700 389.903700 136.696280 397.120818
134.742900 386.395400 136.639173 393.604883
134.849100 382.945500 136.595337 390.156174
134.972000 379.565400 136.567662 386.785779
135.131800 376.244700 136.559974 383.488382
135.333900 373.018200 136.620157 380.263773
135.556500 369.861200 136.696428 377.105459
135.838900 366.777100 136.836593 374.029571
136.225700 363.791900 137.093807 371.046082
136.738700 360.891300 137.470854 368.159182
137.359000 358.081000 137.981077 365.305618
138.112400 355.303200 138.622598 362.490783
138.966200 352.534800 139.369902 359.677858
139.893600 349.805900 140.176552 356.893736
140.896000 347.157200 141.062915 354.202151
141.971400 344.579000 142.019824 351.580452
143.130500 342.084500 143.073613 349.045238
144.392300 339.674500 144.211497 346.596147
145.777400 337.332100 145.478357 344.226266
147.331500 335.073900 146.920971 341.920604
149.057400 332.893100 148.541589 339.673946
150.967000 330.772000 150.349951 337.512903
153.050000 328.762800 152.337734 335.413482
155.286900 326.913400 154.521295 333.458157
157.696000 325.210700 156.848059 331.663012
160.258100 323.696400 159.339311 330.042959
162.973100 322.395300 161.967778 328.629607
165.832800 321.314600 164.759631 327.428060
168.823000 320.455500 167.707036 326.442662
171.915000 319.751800 170.777341 325.616219
175.093600 319.154400 173.931585 324.904589
178.356600 318.621500 177.162233 324.238042
181.670600 318.107800 180.478857 323.600183
184.954100 317.552100 183.884711 322.990268
188.360600 317.014600 187.377420 322.371976
191.810500 316.498600 190.883288 321.740601
195.303300 315.956300 194.406128 321.051543
198.810200 315.370500 197.931872 320.316464
202.319700 314.727700 201.451011 319.528264
205.854900 314.018600 204.991196 318.654060
209.382100 313.210000 208.502455 317.698193
212.873900 312.313500 211.967245 316.636871
216.282400 311.315800 215.353583 315.491931
219.602300 310.211800 218.632950 314.253784
222.828600 308.969500 221.778584 312.892741
225.892800 307.618500 224.786727 311.408645
228.857400 306.132600 227.642566 309.829081
231.705300 304.510000 230.413432 308.088189
234.404500 302.795000 233.031961 306.258180
236.964200 301.022400 235.504965 304.371040
239.357400 299.191600 237.820364 302.432877
241.573300 297.348000 239.950152 300.497520
243.583200 295.531300 241.873651 298.588973
245.364000 293.745300 243.555436 296.726199
246.928300 292.003400 245.026513 294.923474
248.255900 290.313300 246.260824 293.182835
249.318200 288.712300 247.273648 291.530454
250.170400 287.137600 248.055943 289.906344
250.789300 285.600000 248.606243 288.334934
251.165900 284.019700 248.898556 286.688901
251.314100 282.347000 249.009263 284.996444
251.208600 280.685900 248.813322 283.310917
250.772400 279.031200 248.300912 281.713549
249.999900 277.363100 247.470269 280.027282
248.862600 275.742500 246.240840 278.428411
247.391400 274.199800 244.692230 276.951091
245.604100 272.717600 242.871439 275.517178
243.606700 271.249000 240.834792 274.138602
241.483200 269.657000 238.643505 272.639984
239.255900 267.931300 236.349248 271.031671
236.942400 266.062700 233.967821 269.268256
234.573400 264.060900 231.528501 267.355348
232.194200 261.911300 229.058263 265.303123
229.828600 259.643500 226.587975 263.121863
227.459400 257.285700 224.123556 260.864942
225.117700 254.818300 221.676406 258.496789
222.794900 252.268100 219.236506 256.059900
220.539900 249.684100 216.866590 253.577226
218.379000 247.150200 214.599732 251.141300
216.331900 244.688600 212.444315 248.750396
214.447100 242.296600 210.463966 246.426948
212.738900 239.986300 208.627717 244.174977
211.155100 237.800000 206.920711 242.064197
209.645500 235.806000 205.320049 240.142644
208.153800 234.063200 203.741107 238.463523
206.642600 232.599300 202.155966 237.052315
205.050700 231.388700 200.500835 235.903786
203.386000 230.453900 198.772746 235.036694
201.568800 229.804200 196.873664 234.453384
199.652600 229.469400 194.889075 234.208155
197.649300 229.448700 192.861958 234.318516
195.695200 229.808500 190.860795 234.778736
193.757500 230.545900 188.938877 235.593619
191.873400 231.575500 187.061708 236.722626
190.008500 232.786900 185.196825 238.016892
188.027800 234.075600 183.253581 239.386832
185.893500 235.390300 181.175457 240.782456
183.609800 236.705800 178.921325 242.198260
181.165200 238.005100 176.494329 243.588483
178.517300 239.254000 173.896044 244.930656
175.726900 240.407000 171.129632 246.211522
172.707400 241.421200 168.180099 247.364115
169.603600 242.357600 165.167502 248.464504
166.445500 243.209000 162.095792 249.470057
163.269700 243.975200 158.946567 250.367891
160.018600 244.710100 155.745340 251.260291
156.736700 245.397400 152.543191 252.106144
153.408400 246.036100 149.279233 252.912233
150.090200 246.634600 145.979534 253.687614
146.806300 247.228400 142.706202 254.421316
143.505000 247.801600 139.431922 255.131804
140.209300 248.367500 136.205779 255.826182
136.935100 248.926700 132.982922 256.520080
133.701200 249.482000 129.787794 257.228254
130.512300 250.041400 126.642596 257.949128
127.368600 250.623000 123.529756 258.718535
124.279500 251.271600 120.471228 259.539678
121.226800 251.988400 117.459065 260.432863
118.235900 252.796200 114.515904 261.401475
115.296000 253.710500 111.599562 262.470703
112.410900 254.793600 108.752154 263.667292
109.550100 256.073600 105.932649 265.044282
106.765300 257.559400 103.214442 266.627191
104.058300 259.195200 100.579043 268.366892
101.451300 260.983800 98.049687 270.277786
98.958900 262.930000 95.640044 272.302807
96.560750 265.038400 93.321859 274.505568
94.233290 267.302400 91.104051 276.841795
91.992660 269.682500 88.960754 279.347142
89.872160 272.215300 86.973825 281.984237
87.867480 274.902800 85.097368 284.765053
85.990600 277.735000 83.363660 287.669017
84.244040 280.710100 81.756409 290.722857
82.619100 283.777000 80.270377 293.857261
81.079690 286.968600 78.897484 297.105583
79.784310 290.233300 77.751064 300.422859
78.568560 293.653400 76.675905 303.889418
77.471470 297.091000 75.728356 307.352284
76.507590 300.590600 74.930424 310.861535
75.684350 304.118500 74.261814 314.416080
74.993740 307.691900 73.729073 318.027626
74.448540 311.297700 73.355696 321.650841
74.042020 314.935900 73.137790 325.310299
73.771590 318.594800 73.049836 328.974122
73.715910 322.261900 73.050579 332.657579
73.769420 325.907700 73.122555 336.331790
73.817040 329.552100 73.261632 339.988395
74.000290 333.173500 73.445105 343.621748
74.172500 336.809200 73.658985 347.239290
74.344680 340.442200 73.911589 350.861868
74.514430 344.091300 74.199597 354.493988
74.662940 347.746700 74.473144 358.125751
74.736070 351.400000 74.679869 361.729592
74.769320 355.000700 74.876706 365.316010
74.814470 358.586500 75.089781 368.888727
74.746920 362.178000 75.256748 372.467431
74.686830 365.745600 75.415857 376.053225
74.555740 369.317000 75.526287 379.635475
74.360040 372.935200 75.583024 383.226249
74.109450 376.533900 75.561846 386.792004
73.828330 380.133100 75.507665 390.380707
73.476450 383.716600 75.365649 393.970258
73.062260 387.295400 75.176973 397.542854
72.635640 390.839200 74.957026 401.080083
72.123690 394.365700 74.622915 404.646390
71.585570 397.910500 74.258716 408.213865
70.976400 401.435000 73.819249 411.770142
70.311850 404.959700 73.338946 415.321394
69.602670 408.449900 72.812630 418.864315
68.879140 411.948200 72.296903 422.404865
68.139490 415.452800 71.744422 425.954332
67.432580 418.981100 71.191226 429.494201
66.735590 422.501800 70.657824 433.017336
66.031790 425.991100 70.143562 436.557718
65.337700 429.457600 69.633140 440.110351
64.678150 432.971500 69.154293 443.699014
64.092350 436.564700 68.761356 447.296645
63.538820 440.165700 68.394973 450.899404
63.089490 443.780200 68.148281 454.534911
62.687700 447.405600 67.951089 458.155729
62.395430 451.016900 67.848167 461.769711
62.179910 454.600300 67.816236 465.353629
62.016060 458.184800 67.841117 468.946917
61.878910 461.762700 67.888715 472.518579
61.782260 465.339800 67.960888 476.108047
61.711200 468.924000 68.073247 479.734645
61.669710 472.506000 68.205744 483.300909
61.695530 476.094800 68.397667 486.892435
61.729390 479.666900 68.589807 490.419341
61.822870 483.270300 68.861007 494.041707
61.924810 486.878100 69.118812 497.632665
62.056550 490.478600 69.419647 501.243412
62.176020 494.117900 69.706138 504.857767
62.266690 497.773900 69.984244 508.539866
62.330910 501.484400 70.238068 512.199448
62.383600 505.245100 70.518650 515.886195
62.456820 509.016300 70.837613 519.610950
62.639660 512.800600 71.267452 523.356307
62.868350 516.638100 71.752760 527.160403
63.106400 520.456700 72.224452 530.944651
63.367240 524.259400 72.711460 534.721022
63.593570 528.081800 73.173087 538.502686
63.801530 531.888200 73.606834 542.280779
64.024540 535.667900 74.041628 546.051689
64.206830 539.467500 74.442497 549.820826
64.344710 543.234900 74.775988 553.566057
64.496310 546.996900 75.116492 557.308049
64.631930 550.743000 75.441839 561.034692
64.749170 554.462700 75.742557 564.754032
64.914610 558.167300 76.096276 568.436165
65.103700 561.867200 76.481283 572.099673
65.335960 565.517200 76.881619 575.746464
65.569200 569.190200 77.333562 579.399445
65.794250 572.863800 77.744169 583.055083
65.979210 576.521900 78.122854 586.704261
66.180050 580.172300 78.539797 590.342528
66.362280 583.853000 78.929531 593.992569
66.538350 587.515200 79.316540 597.648670
66.682270 591.168900 79.663095 601.288705
66.777600 594.811400 79.970039 604.923198
66.890400 598.420300 80.275262 608.511062
67.026690 602.042900 80.621009 612.114824
67.177460 605.622900 80.961652 615.680475
67.323020 609.198300 81.315616 619.223623
67.450500 612.758000 81.641490 622.774200
67.653570 616.289300 82.050983 626.283755
67.878290 619.813700 82.476699 629.776720
68.154010 623.308500 82.967719 633.273756
68.437020 626.799600 83.466675 636.741002
68.771410 630.257700 83.994299 640.144327
69.202550 633.695200 84.620425 643.550569
69.600670 637.103300 85.230837 646.904683
70.036830 640.488700 85.877539 650.257501
70.506270 643.807100 86.537097 653.556205
70.892770 647.161500 87.122475 656.860047
71.232770 650.443300 87.653223 660.147447
71.580170 653.720500 88.171574 663.413259
71.988160 656.939000 88.678536 666.665658
72.305150 660.204100 89.148866 669.871320
72.604120 663.408400 89.570309 673.090015
72.917010 666.635000 89.994071 676.309355
73.242550 669.852400 90.390141 679.543129
73.637330 673.050100 90.849052 682.750480
74.027710 676.284300 91.356935 685.998653
74.459600 679.526800 91.930317 689.238201
74.950660 682.820100 92.559519 692.478898
75.485380 686.101000 93.214798 695.771263
75.997000 689.438300 93.912790 699.089670
76.620780 692.817900 94.641035 702.431675
77.255750 696.266300 95.420589 705.831972
77.860920 699.720200 96.192828 709.253879
78.456960 703.252300 96.963985 712.749112
79.046650 706.838300 97.730214 716.322415
79.748960 710.431700 98.520631 719.908025
80.377820 714.087800 99.287294 723.538005
80.984990 717.795000 100.090332 727.183517
81.568530 721.524100 100.910185 730.860471
82.226950 725.230100 101.759672 734.545937
82.971570 728.932500 102.666928 738.236208
83.716810 732.637800 103.590140 741.914802
84.461420 736.340000 104.560542 745.573480
85.205890 740.041500 105.597700 749.200362
85.988280 743.734800 106.636007 752.826072
86.881120 747.371500 107.714462 756.398320
87.770200 751.019300 108.805720 759.989712
88.659140 754.657900 109.911305 763.560843
89.568830 758.256300 111.006927 767.093848
90.529500 761.919200 112.210494 770.691709
91.504420 765.495400 113.389405 774.217965
92.518360 769.126400 114.598902 777.780554
93.541990 772.703400 115.830857 781.311500
94.615270 776.302000 117.100368 784.822004
95.687250 779.833200 118.374144 788.302449
96.764590 783.369100 119.668014 791.766611
97.857970 786.887700 120.981517 795.206461
98.977700 790.363900 122.322401 798.599870
100.102700 793.842400 123.682695 802.021377
101.281700 797.278800 125.063082 805.390998
102.480100 800.701200 126.467837 808.754559
103.706800 804.080200 127.873530 812.052982
104.948300 807.449200 129.305059 815.353680
106.192400 810.798000 130.746281 818.644503
107.467000 814.117100 132.202793 821.889203
108.775000 817.411500 133.683765 825.121422
110.077600 820.689800 135.168507 828.334458
111.337000 823.916800 136.610578 831.516356
112.595900 827.082700 138.046091 834.580449
113.862500 830.153000 139.512845 837.606570
115.118400 833.166500 140.917937 840.531370
116.423500 836.128900 142.395240 843.423747
117.895400 839.037200 144.009348 846.257092
119.447600 841.885100 145.705975 849.018866
121.088600 844.701900 147.544291 851.747355
122.872100 847.290700 149.346944 854.397095
124.724400 849.810800 151.332171 856.990700
126.575500 852.329600 153.361488 859.470117
128.426600 854.848600 155.414511 861.882339
130.276800 857.367000 157.444942 864.181314
132.127400 859.883600 159.447232 866.358764
133.992200 862.014800 161.414080 868.316118
135.814600 864.035300 163.322302 870.272130
137.604800 865.988300 165.264987 872.134290
139.298200 867.835900 167.057087 873.897860
140.919200 869.609300 168.783658 875.580627
142.486000 871.338400 170.446424 877.223419
143.940800 872.954000 171.990688 878.762129
145.300100 874.412900 173.442512 880.152077
146.559000 875.661600 174.774067 881.335326
147.650800 876.418400 175.956602 882.343353
148.685500 877.020600 177.011013 883.050123
149.713200 877.623900 177.964310 883.674016
150.732500 878.227900 179.020696 884.117306
151.742600 878.831700 180.115914 884.455175
152.808100 879.342000 181.306274 884.719171
154.068700 879.516900 182.576984 884.805355
155.413300 879.479400 183.974089 884.784488
156.888700 879.272300 185.452697 884.506832
158.478100 878.881900 187.019952 884.027853
160.134900 878.287500 188.634150 883.336074
161.860100 877.489100 190.327236 882.453613
163.672500 876.562600 192.104446 881.447329
165.594100 875.530000 193.975163 880.338758
167.624000 874.437100 195.946474 879.132975
169.770000 873.289900 198.043741 877.878565
172.035600 872.094100 200.220754 876.559804
174.385300 870.862300 202.528630 875.208971
176.854600 869.589200 204.933624 873.797158
179.401000 868.288100 207.393341 872.374806
181.975500 866.969700 209.895797 870.915073
184.536700 865.639500 212.382396 869.449427
187.062400 864.284700 214.839111 867.962527
189.538900 862.924800 217.227610 866.469827
191.918900 861.611300 219.541775 865.027787
194.206900 860.315700 221.760717 863.617126
196.343300 858.956400 223.889234 862.263669
198.368400 857.888200 225.948093 861.052675
200.275000 856.919100 227.934327 859.962724
202.193600 856.085800 229.854504 859.043356
204.073500 855.496400 231.718479 858.375926
205.960400 855.183900 233.566263 857.999305
207.864300 855.202100 235.410929 857.914326
209.713700 855.529100 237.244500 858.173619
211.499200 856.220700 239.012763 858.772554
213.188100 857.107700 240.689492 859.664824
214.784400 858.522000 242.285696 860.961544
216.227100 860.190500 243.761931 862.544356
217.589200 862.100400 245.195235 864.400774
218.870200 864.194100 246.560546 866.432471
220.036500 866.491500 247.812117 868.638130
221.092500 868.955100 248.998553 871.068323
222.159200 871.551200 250.186096 873.607438
223.261300 874.233400 251.406254 876.210803
224.402100 877.003500 252.668876 878.929961
225.538100 879.835200 253.927523 881.691676
226.647400 882.714200 255.169626 884.507418
227.713000 885.605500 256.369244 887.324480
228.729800 888.498800 257.518817 890.152304
229.740400 891.364700 258.670001 892.972994
230.756400 894.190300 259.823249 895.750274
231.798000 896.975600 261.002731 898.466798
232.862200 899.689300 262.199938 901.134979
234.006400 902.314400 263.494811 903.702188
235.284000 904.779800 264.893846 906.121656
236.717300 907.106500 266.444586 908.366315
238.297800 909.282700 268.144831 910.452271
240.026200 911.279800 269.943293 912.359851
241.899800 913.107900 271.919007 914.100091
243.969200 914.753500 273.960858 915.628591
246.167200 916.200700 276.194196 916.962419
248.519300 917.425900 278.517277 918.070908
250.970500 918.372900 281.002031 918.961576
253.540200 919.159700 283.554501 919.604585
256.240400 919.688000 286.284592 920.009816
259.064500 919.965800 289.093347 920.138073
262.004800 920.092700 292.017644 920.122752
265.032800 920.081200 294.994928 919.954808
268.210100 920.078400 298.121391 919.633783
271.495300 919.927300 301.313656 919.228454
274.820000 919.698100 304.552015 918.766259
278.229300 919.336300 307.854077 918.209172
281.674700 918.885400 311.188392 917.600336
285.133600 918.345800 314.598748 916.887588
288.622600 917.728600 318.067493 916.105692
292.132800 917.013700 321.528454 915.230999
295.617300 916.238200 325.000137 914.287693
299.090900 915.358200 328.423230 913.275035
302.533100 914.353500 331.815104 912.154238
305.943200 913.309900 335.166909 910.988255
309.311700 912.191400 338.468748 909.762834
312.679900 911.045400 341.763061 908.465613
316.061700 909.902400 345.079567 907.153771
319.450400 908.753400 348.401468 905.843635
322.840000 907.560400 351.711718 904.495089
326.249400 906.356000 355.053439 903.127830
329.691100 905.139800 358.428306 901.742156
333.195400 903.900600 361.875830 900.319425
336.754600 902.625300 365.373612 898.864715
340.384100 901.328400 368.931369 897.358374
344.064600 899.969000 372.528156 895.823595
347.769700 898.590900 376.162438 894.236221
351.401700 897.220500 379.713450 892.661326
354.975200 895.841100 383.219549 891.070074
358.485000 894.463600 386.623904 889.521261
361.949500 893.084300 390.017883 887.940765
365.336200 891.732700 393.335702 886.405834
368.619200 890.389400 396.536523 884.899087
371.749500 889.112100 399.602764 883.452983
374.681800 887.918900 402.467895 882.103092
377.389200 886.824500 405.115971 880.869719
379.874900 885.837000 407.534983 879.729638
382.177900 884.931600 409.780531 878.690018
384.328100 884.100300 411.843769 877.732061
386.400700 883.311200 413.843953 876.813216
388.376900 882.536800 415.785283 875.913413
390.309000 881.774800 417.690005 875.042510
392.306100 880.993700 419.644238 874.147987
394.377700 880.162100 421.691324 873.196249
396.550200 879.262200 423.809948 872.188396
398.842300 878.314900 426.070608 871.127198
401.259600 877.339000 428.436617 870.035319
403.789800 876.325100 430.948228 868.882462
406.435900 875.291100 433.554738 867.708284
409.217000 874.214500 436.271544 866.472621
412.118100 873.111300 439.081967 865.214182
415.118700 871.959800 441.970477 863.909779
418.218100 870.771000 444.973475 862.553196
421.393100 869.520300 448.055344 861.138448
424.627300 868.193200 451.188533 859.642260
427.914800 866.771900 454.378973 858.070914
431.247800 865.254500 457.634684 856.372683
434.552400 863.690400 460.837299 854.652924
437.807500 862.081600 464.029335 852.870011
440.966600 860.444200 467.107628 851.064017
444.049200 858.816700 470.107363 849.266302
447.069000 857.193700 473.025123 847.462179
450.037100 855.607100 475.936447 845.722256
452.944600 854.081100 478.755350 844.035688
455.777600 852.654400 481.495206 842.469962
458.467600 851.383400 484.082536 841.051939
460.990700 850.198200 486.523088 839.735714
463.426800 849.070300 488.894849 838.482960
465.787600 847.990900 491.198536 837.272005
468.094900 846.950600 493.425190 836.109157
470.366800 845.937300 495.651530 834.967152
472.708100 844.897600 497.943418 833.809858
475.121700 843.800400 500.273217 832.562447
477.587500 842.683800 502.698764 831.327830
480.152400 841.532300 505.222963 830.034633
482.766300 840.339500 507.760015 828.685136
485.445100 839.143200 510.384909 827.330938
488.188300 837.891400 513.021585 825.948916
490.987500 836.623000 515.717126 824.548101
493.803100 835.351100 518.427563 823.141096
496.624700 834.094400 521.176455 821.714387
499.474300 832.809600 523.956207 820.270877
502.358500 831.502600 526.743777 818.817733
505.286800 830.236700 529.582711 817.336785
508.248000 828.948300 532.456765 815.867733
511.244100 827.658100 535.350723 814.412000
514.267100 826.347100 538.258520 812.912660
517.327800 825.031500 541.196561 811.436156
520.388500 823.719100 544.158156 809.958794
523.389100 822.420300 547.051670 808.495038
526.283400 821.190400 549.852076 807.110645
529.057000 820.023600 552.544333 805.775958
531.704800 818.934000 555.097240 804.544703
534.226500 817.916400 557.547112 803.396744
536.656700 816.946600 559.901537 802.304570
539.023500 815.952900 562.189200 801.185497
541.317300 814.866300 564.433674 799.993745
543.532000 813.688600 566.581943 798.673172
545.686900 812.396800 568.642962 797.267740
547.734700 810.971800 570.581449 795.733328
549.629400 809.339400 572.390276 793.955807
551.297600 807.502100 573.964672 791.994844
552.779900 805.465100 575.326557 789.848627
554.025400 803.122900 576.490792 787.464392
555.053800 800.603800 577.377659 784.840737
555.833800 797.890700 577.986655 782.072639
556.486200 795.031700 578.505783 779.171609
557.103100 792.043700 578.942909 776.167630
557.706900 788.950900 579.368356 773.052485
558.314100 785.757400 579.791531 769.838887
558.963000 782.480200 580.240616 766.545253
559.664300 779.132300 580.735994 763.151903
560.383500 775.702500 581.238774 759.691391
561.143700 772.190100 581.787695 756.127376
561.955700 768.606200 582.366318 752.521637
562.794300 764.921400 582.939753 748.818114
563.665600 761.194600 583.552821 745.070168
564.512000 757.439400 584.155553 741.296891
565.360500 753.691900 584.756759 737.510870
566.202300 749.955700 585.349192 733.745101
567.038700 746.210000 585.949452 729.963283
567.914000 742.455400 586.590240 726.157680
568.809800 738.700200 587.243831 722.349164
569.651600 734.948800 587.853962 718.574594
570.504400 731.165000 588.465769 714.753341
571.381700 727.390900 589.129005 710.946003
572.231200 723.645800 589.727919 707.165024
573.054100 719.904800 590.309575 703.404270
573.889700 716.163100 590.922224 699.631813
574.718600 712.404800 591.516342 695.834339
575.527100 708.639600 592.094651 692.043034
576.261300 704.869800 592.599708 688.241368
576.930700 701.064300 593.019265 684.397198
577.575900 697.234700 593.389345 680.542684
578.192400 693.375300 593.750672 676.658074
578.778500 689.496000 594.073989 672.777901
579.345900 685.591800 594.371440 668.865923
579.857300 681.665400 594.622099 664.926747
580.310600 677.720500 594.849814 660.944324
580.758800 673.746400 595.049274 656.959096
581.155000 669.796200 595.208276 652.982360
581.510700 665.865700 595.323933 649.002720
581.822900 661.969700 595.394746 645.097930
582.077900 658.112900 595.405370 641.247940
582.273900 654.274900 595.367770 637.422791
582.437900 650.427100 595.294095 633.558504
582.599800 646.577200 595.217157 629.698180
582.753900 642.693800 595.107344 625.831269
582.851400 638.813400 594.941402 621.968811
582.898800 634.890000 594.748997 618.048640
582.982400 630.949500 594.589421 614.080578
583.073100 627.003400 594.433597 610.128847
583.192100 623.061600 594.305142 606.198855
583.328900 619.143000 594.201952 602.265404
583.475300 615.223700 594.098696 598.339840
583.625900 611.282200 594.005299 594.387013
583.720700 607.341100 593.922053 590.437309
583.834500 603.396300 593.836373 586.486503
583.934300 599.462000 593.739962 582.524163
584.036500 595.562800 593.648292 578.645720
584.162200 591.689200 593.567098 574.742847
584.227300 587.867900 593.486821 570.852369
584.317600 584.024500 593.416528 566.957425
584.499000 580.192700 593.403975 563.092144
584.808000 576.397200 593.516458 559.265321
585.238500 572.636300 593.734860 555.436172
585.796800 568.901300 594.081819 551.677842
586.480500 565.193700 594.538800 547.920262
587.248500 561.507600 595.068359 544.200914
588.029900 557.836500 595.621705 540.477115
588.838600 554.171600 596.175828 536.767586
589.673700 550.509400 596.765179 533.082684
590.516100 546.866500 597.363115 529.417893
591.343500 543.261900 597.965629 525.766522
592.132200 539.698600 598.508959 522.159644
592.828000 536.162600 598.973732 518.591648
593.460000 532.659000 599.376062 515.069735
594.031700 529.277200 599.709763 511.666444
594.554500 526.081000 600.013442 508.448664
595.075800 523.072600 600.351830 505.427753
595.617300 520.255100 600.719752 502.588685
596.166400 517.626800 601.090279 499.951062
596.704800 515.143200 601.473877 497.440683
597.194900 512.833500 601.789593 495.103676
597.576200 510.694300 602.018053 492.946477
597.786600 508.667900 602.093465 490.893452
597.747500 506.649500 601.987682 488.889443
597.514600 504.697700 601.627759 486.923811
597.070500 502.800000 601.063698 485.046637
596.402400 500.998300 600.271562 483.258249
595.438900 499.228700 599.181474 481.515934
594.162500 497.526700 597.794045 479.868036
592.513700 495.900800 596.083470 478.381776
590.635600 494.532500 594.145684 477.129040
588.500500 493.343000 591.980603 476.087179
586.178900 492.278900 589.628850 475.158705
583.738500 491.279000 587.131400 474.300015
581.166800 490.215600 584.511603 473.399808
578.490800 489.083700 581.785098 472.441992
575.723500 487.861500 578.955418 471.391271
572.904600 486.554700 576.056122 470.253820
570.042200 485.190900 573.125801 469.057441
567.169200 483.760200 570.178972 467.799018
564.280500 482.280300 567.205952 466.490758
561.350400 480.769600 564.197782 465.169561
558.405800 479.261600 561.180050 463.842598
555.376800 477.743300 558.079980 462.490484
552.348800 476.229900 554.990091 461.138387
549.309400 474.657200 551.886483 459.745930
546.268100 473.067100 548.755668 458.312290
543.205700 471.460400 545.632472 456.894012
540.123400 469.844900 542.477408 455.466373
537.055800 468.227900 539.324766 454.032485
534.039300 466.620500 536.217950 452.594413
531.070100 465.041900 533.164365 451.189706
528.189800 463.496400 530.221288 449.838343
525.392500 461.985300 527.340527 448.489496
522.696400 460.482700 524.535167 447.142066
520.138600 459.018200 521.896535 445.823333
517.756100 457.609300 519.415322 444.547640
515.544600 456.272300 517.118008 443.341059
513.468500 454.993400 514.968208 442.187192
511.515000 453.792000 512.916005 441.102159
509.647000 452.752700 510.981745 440.164957
507.816400 451.952700 509.106258 439.461141
506.024700 451.375100 507.235063 438.979439
504.164400 451.057300 505.332342 438.761123
502.213400 450.955500 503.399235 438.822331
500.360000 451.174600 501.551546 439.169897
498.532400 451.717400 499.784501 439.804418
496.762400 452.594900 498.053163 440.778021
495.085200 453.803100 496.432742 442.059169
493.512800 455.370800 494.966187 443.758323
492.140200 457.192000 493.684331 445.715191
490.899800 459.329000 492.538112 447.981716
489.697100 461.689000 491.421110 450.477923
488.436200 464.216900 490.268019 453.116686
487.065300 466.910000 489.026256 455.934673
485.589500 469.753000 487.697128 458.877528
484.009700 472.740300 486.300943 461.977946
482.314200 475.837000 484.817346 465.190711
480.567300 479.018100 483.279067 468.507352
478.766800 482.282500 481.704051 471.883449
476.977200 485.484200 480.085852 475.270207
475.149800 488.770200 478.441083 478.723554
473.326600 492.020400 476.789695 482.158423
471.475600 495.302800 475.113404 485.613195
469.568200 498.617300 473.416313 489.103597
467.651300 501.958900 471.722382 492.567158
465.708000 505.334400 469.988531 496.079690
463.769100 508.731500 468.260132 499.629514
461.845200 512.161900 466.556267 503.188102
459.919600 515.621400 464.862513 506.782827
457.939000 519.112900 463.168282 510.380994
455.953400 522.620500 461.461568 514.004745
453.935100 526.117100 459.739458 517.618302
451.928900 529.614300 457.998782 521.253448
449.964500 533.134600 456.260385 524.907809
448.010500 536.687300 454.565004 528.558000
446.054100 540.236000 452.851411 532.233518
444.056100 543.807900 451.127904 535.929358
442.049300 547.417800 449.411651 539.634353
440.037800 551.028500 447.688312 543.354506
438.025200 554.634600 445.922850 547.109681
435.977800 558.237500 444.165958 550.803483
433.919500 561.855000 442.380867 554.547614
431.843000 565.470100 440.582356 558.308880
429.767800 569.108300 438.809009 562.036083
427.667800 572.747600 436.993563 565.787425
425.537800 576.435200 435.192795 569.563477
423.436400 580.100900 433.392428 573.355330
421.318500 583.767700 431.562886 577.126783
419.219900 587.449100 429.750818 580.931552
417.120400 591.134600 427.924476 584.772384
415.005200 594.832500 426.125119 588.553880
412.888500 598.541400 424.309465 592.380089
410.755500 602.261600 422.475115 596.213856
408.648800 605.999000 420.660839 600.075782
406.499300 609.720300 418.802514 603.923426
404.349900 613.457900 416.946755 607.788936
402.219500 617.158900 415.113826 611.615726
400.144400 620.804100 413.319526 615.413881
398.088300 624.376000 411.552292 619.098552
396.094000 627.872100 409.838014 622.699272
394.096100 631.363900 408.119193 626.320444
392.096200 634.841100 406.399971 629.906964
390.122200 638.266000 404.692416 633.453633
388.138200 641.719200 402.987736 637.045167
386.190000 645.182000 401.293205 640.576862
384.289400 648.626900 399.634310 644.118972
382.388400 652.005600 397.969734 647.611460
380.473700 655.356700 396.311070 651.068724
378.503900 658.701400 394.613958 654.535909
376.494800 662.062000 392.908808 658.019344
374.499000 665.373200 391.205542 661.506094
372.495100 668.759000 389.476698 665.040713
370.503500 672.182700 387.745632 668.603966
368.470500 675.625200 386.010280 672.192795
366.423200 679.124800 384.259371 675.824181
364.370700 682.649600 382.490589 679.485593
362.295100 686.175900 380.678687 683.195072
360.227100 689.735900 378.906303 686.889642
358.182300 693.297500 377.147918 690.584863
356.109700 696.850900 375.392568 694.252091
354.085800 700.357400 373.653524 697.890843
352.038300 703.859700 371.901395 701.534202
350.008800 707.353700 370.167729 705.125553
347.982700 710.855500 368.441715 708.762450
345.942000 714.320900 366.686470 712.356902
343.906200 717.779200 364.923480 715.977531
341.889600 721.226700 363.198589 719.548305
339.882000 724.654800 361.444039 723.144321
337.868700 728.103400 359.749713 726.684530
335.866200 731.571800 358.021912 730.321501
333.967500 735.105200 356.305173 733.987947
332.130600 738.707000 354.560801 737.681093
330.109000 742.325700 352.816096 741.462391
328.052600 745.993300 351.048161 745.285343
325.960300 749.694700 349.246262 749.164280
323.882400 753.400900 347.454279 753.021552
321.810400 757.046400 345.672403 756.798005
319.688500 760.664000 343.882997 760.565384
317.595700 764.288500 342.024928 764.302137
315.554700 767.892700 340.176884 768.059170
313.514600 771.526200 338.325512 771.770427
311.450700 775.119600 336.461027 775.426009
309.357300 778.629400 334.544991 779.095372
307.194900 782.050500 332.619052 782.619074
304.937400 785.448200 330.612738 786.129322
302.592400 788.799400 328.478914 789.649580
300.153800 792.111000 326.289183 793.125234
297.624000 795.374800 324.004511 796.542683
294.927000 798.539300 321.622639 799.914067
292.185800 801.678500 319.126840 803.225392
289.192200 804.695700 316.507533 806.503691
286.151300 807.624000 313.732553 809.773905
283.065000 810.476300 310.963109 812.873110
280.007100 813.213700 308.112815 815.849956
276.942200 815.904300 305.260075 818.695258
273.811500 818.493600 302.282502 821.491353
270.605600 820.960500 299.265892 824.122990
267.321200 823.303700 296.117337 826.696533
264.005200 825.567800 292.956812 829.165644
260.657900 827.735000 289.729476 831.554864
257.273000 829.813900 286.521785 833.825787
253.861800 831.809200 283.286301 836.004683
250.446800 833.761300 279.995393 838.194288
247.052800 835.652800 276.758635 840.298806
243.677200 837.476800 273.528796 842.350381
240.295500 839.294300 270.290468 844.407832
236.906500 841.089700 267.054980 846.428127
233.510200 842.896300 263.813545 848.455220
230.131200 844.723000 260.574926 850.515132
226.769300 846.514500 257.355522 852.540124
223.408300 848.268000 254.131435 854.528863
220.026300 849.991200 250.912683 856.489729
216.652600 851.728000 247.671871 858.450125
213.269900 853.442300 244.449695 860.388658
209.880600 855.139200 241.215360 862.319209
206.468800 856.885000 237.937203 864.264019
203.010300 858.620500 234.660584 866.221946
199.502700 860.363300 231.322775 868.215542
196.002500 862.107300 227.961513 870.219613
192.526600 863.893400 224.653372 872.228814
189.070200 865.686900 221.375797 874.260882
185.622800 867.526100 218.079804 876.349849
182.188500 869.362900 214.770685 878.419952
178.750800 871.210600 211.483360 880.492342
175.314500 873.051400 208.193106 882.564463
171.878500 874.938000 204.896765 884.714574
168.464000 876.882000 201.656445 886.908787
165.093500 878.898700 198.471354 889.151418
161.793700 881.039600 195.343474 891.536070
158.553600 883.315600 192.298162 894.034965
155.369300 885.727000 189.324934 896.688690
152.279000 888.277000 186.466515 899.458198
149.259200 890.897300 183.628520 902.315040
146.298100 893.633000 180.917507 905.255099
143.341500 896.377900 178.177600 908.203437
140.419600 899.149000 175.533436 911.160146
137.428800 901.883400 172.798306 914.111881
134.430600 904.585400 170.048688 917.044053
131.430500 907.268900 167.289637 919.964642
128.400000 909.942700 164.508352 922.885548
125.387100 912.605700 161.714093 925.805187
122.446000 915.311700 159.006654 928.754432
