-0.000000 0.000000 -0.000000 0.000000
0.002038 3.941730 0.078161 3.940926
0.007571 7.908775 0.034158 7.932830
0.006781 11.904260 0.009816 11.926847
-0.005852 15.930660 -0.017072 15.969014
0.005006 19.986700 -0.033563 19.989037
-0.007369 24.072100 -0.046794 24.060185
0.001962 28.194720 -0.047307 28.227010
0.006827 32.335310 -0.053189 32.346290
0.012119 36.507890 -0.057960 36.523049
0.019429 40.704370 -0.089314 40.697666
0.026224 44.928210 -0.107970 44.954211
0.033592 49.179630 -0.136108 49.171739
0.025370 53.457160 -0.170046 53.440837
0.013229 57.745500 -0.194270 57.730110
0.002764 62.027950 -0.250065 62.032604
-0.005954 66.289400 -0.259982 66.315765
-0.027023 70.530000 -0.293907 70.514876
-0.046776 74.742450 -0.352057 74.737173
-0.052873 78.934960 -0.358245 78.960539
-0.048388 83.097210 -0.364512 83.138140
-0.075180 87.250150 -0.404132 87.254745
-0.111047 91.375240 -0.418033 91.342621
-0.169705 95.460760 -0.443243 95.432353
-0.234406 99.515130 -0.487551 99.515972
-0.286760 103.545900 -0.531229 103.561648
-0.334309 107.565300 -0.568169 107.542793
-0.394315 111.576600 -0.589101 111.640214
-0.429590 115.560100 -0.607299 115.623817
-0.430614 119.561300 -0.629975 119.634643
-0.456074 123.624200 -0.624766 123.621345
-0.470849 127.692500 -0.611197 127.679682
-0.470125 131.755700 -0.576983 131.556813
-0.466120 135.814600 -0.529170 135.654327
-0.464181 139.862600 -0.492306 139.720566
-0.474702 143.909900 -0.474485 143.785617
-0.484415 147.953800 -0.457488 147.856665
-0.497985 151.991700 -0.435550 151.967049
-0.518837 156.032900 -0.446332 156.069723
-0.490889 160.078600 -0.417081 160.079829
-0.476780 164.129500 -0.418500 164.198906
-0.449484 168.200000 -0.405804 168.282722
-0.411154 172.284100 -0.400557 172.373148
-0.358878 176.408600 -0.414528 176.504518
-0.313655 180.542000 -0.399504 180.668820
-0.318656 184.703900 -0.429992 184.820873
-0.308933 188.900300 -0.455458 189.012617
-0.300756 193.121300 -0.454214 193.237397
-0.295505 197.380900 -0.439439 197.475312
-0.332199 201.657300 -0.465622 201.773239
-0.348136 205.970400 -0.480912 206.067735
-0.342964 210.323200 -0.471540 210.396873
-0.357581 214.714200 -0.480881 214.801105
-0.360488 219.141900 -0.475558 219.192200
-0.375507 223.589400 -0.490612 223.599664
-0.378527 228.060200 -0.501787 228.082702
-0.374570 232.542100 -0.518325 232.579173
-0.378408 237.044600 -0.535378 237.026894
-0.382092 241.571200 -0.536325 241.612871
-0.377078 246.123100 -0.543716 246.127146
-0.365894 250.696400 -0.549464 250.676350
-0.356528 255.288500 -0.544873 255.250091
-0.340799 259.900300 -0.534029 259.880666
-0.325374 264.511300 -0.519685 264.479540
-0.317394 269.137700 -0.516389 269.085731
-0.314040 273.764900 -0.504787 273.722099
-0.306203 278.395200 -0.485751 278.325983
-0.276490 283.049800 -0.446107 283.031117
-0.230158 287.699900 -0.381228 287.594243
-0.192693 292.369200 -0.350913 292.238384
-0.168171 297.072300 -0.320837 296.907615
-0.143657 301.821100 -0.277718 301.646064
-0.111308 306.608600 -0.243717 306.416899
-0.093249 311.433100 -0.235137 311.278887
-0.107981 316.295300 -0.204119 316.103520
-0.103970 321.182300 -0.161159 321.035030
-0.096484 326.068200 -0.148681 325.890777
-0.074427 330.950800 -0.128829 330.772440
-0.054350 335.802400 -0.095871 335.573386
-0.042570 340.628700 -0.058184 340.429464
-0.035147 345.452500 -0.069941 345.243661
-0.041563 350.253200 -0.070334 350.049115
-0.075066 355.037900 -0.097301 354.798824
-0.109101 359.812500 -0.093990 359.581853
-0.141995 364.586700 -0.098964 364.408640
-0.185891 369.386600 -0.108029 369.198694
-0.237813 374.225300 -0.126486 373.930904
-0.270401 378.992900 -0.136978 378.790114
-0.296087 383.840800 -0.138119 383.631220
-0.316454 388.685700 -0.139777 388.426929
-0.323790 393.557900 -0.114997 393.356351
